976
49665.8 9233.68 515.536 394.487 0.0512821 586.844 1101.87 
49640.2 9319.78 515.91 395.211 0.0512821 604.349 1150.59 
49358.7 9461.42 522.184 395.168 0.0512821 624.149 1190.61 
49110.6 9565.81 524.81 394.637 0.0512821 629.599 1169.73 
48848 9752.33 527.065 394.894 0.0512821 632.694 1132.6 
49349.6 10007.2 495.986 395.095 0.0512821 586.534 821.919 
49174.8 10156.3 502.103 395.354 0.0512821 597.001 853.619 
49622.6 10423 466.704 399.331 0.025641 510.219 566.871 
49456.9 10581.8 468.251 401.529 0.025641 510.612 571.908 
49199.1 10743 469.818 404.34 0.025641 511.915 574.416 
48808.2 10972.1 469.029 404.807 0.025641 515.232 575.792 
48671.1 11104.5 472.682 405.832 0.025641 517.41 585.897 
48487.6 11245.6 468.342 404.994 0.025641 520.686 588.36 
48286.8 11453.9 472.252 405.06 0.025641 518.319 591.671 
48100.2 11637.1 473.849 404.173 0.025641 522.758 593.571 
47923.2 11767.4 477.826 404.517 0.025641 526.291 593.843 
47750 12022.7 478.79 405.517 0.025641 535.182 599.921 
48057 11832.5 475.588 405.22 0.025641 534.215 598.25 
48017.9 11991.9 478.177 405.037 0.025641 537.96 602.281 
48403.1 12255.7 426.075 405.519 0.025641 529.056 547.102 
48570.2 12562.3 407.417 407.189 0.025641 503.306 549.006 
48334.7 12729.6 410.676 407.748 0.025641 513.492 554.435 
48309.1 12751.4 412.347 408.266 0.025641 526.19 558.787 
47918.9 12785.3 413.144 407.877 0.025641 530.669 555.039 
48045.9 12941.3 416.302 407.819 0.025641 546.718 555.35 
47836.3 13151.2 416.41 407.321 0.025641 551.55 556.86 
48183.8 13438.4 360.103 404.932 0.025641 540.512 509.875 
48274.6 13097.6 380.476 404.973 0.025641 532.943 504.91 
48303.3 13148.3 383.223 404.201 0.025641 531.964 497.021 
48286.6 13373.8 387.452 402.258 0.0512821 545.855 504.458 
48227.8 13504.7 390.301 401.551 0.0512821 554.151 506.526 
48047.8 13702.7 406.163 401.575 0.0512821 584.332 506.327 
48018.9 13811.9 412.34 402.286 0.0512821 605.885 518.821 
47980.2 13901.3 414.379 403.287 0.0512821 629.563 525.038 
47902.7 13909 422.601 404.947 0.0512821 652.731 538.923 
47737.9 13821.2 424.554 405.245 0.0512821 652.066 536.761 
47422.3 13296.8 417.895 406.295 0.0512821 638.527 518.586 
47303.7 13364.5 435.9 406.664 0.025641 677.516 525.519 
47399.1 13382.5 445.093 406.913 0.025641 690.552 527.378 
47455.9 13484.5 451.487 408.1 0.025641 693.347 545.66 
47540.6 13552.1 466.747 408.742 0.025641 713.906 553.161 
47171.3 13557 464.833 409.023 0.025641 686.913 553.551 
46993.6 13637.1 460.314 409.12 0.025641 661.071 544.656 
47015.8 13741 467.382 409.791 0.025641 677.391 552.991 
47015.9 13846.8 429.763 409.784 0.025641 648.257 515.362 
46642.7 13667 422.489 409.98 0.025641 629.57 497.344 
46763.4 13846.4 424.724 409.142 0.025641 619.594 488.806 
46706.7 13918.2 429.553 409.779 0.025641 638.193 501.001 
46528.3 13894.9 434.301 409.487 0.025641 639.438 507.871 
46545 13861.6 439.252 408.889 0.025641 639.737 517.949 
46916.8 13662.2 437.836 408.569 0.025641 613.875 525.182 
47113.7 13456.9 433.896 407.814 0.025641 610.549 523.674 
47123.3 13262.4 439.757 408.724 0.025641 604.448 526.292 
47127.7 13042.6 436.731 408.83 0.025641 610.042 513.285 
46976.3 12919 440.339 409.155 0.025641 602.121 506.741 
47099.8 12731 444.845 408.769 0.025641 597.866 524.346 
47250.2 12593.3 450.543 407.693 0.0512821 588.307 529.033 
47741.8 12349 457.919 406.399 0.0512821 588.228 520.271 
47745.1 12490.6 465.333 406.607 0.0512821 596.773 536.892 
47505.4 12732.3 464.457 406.8 0.0512821 588.43 528.887 
47636.3 12765.5 471.867 407.029 0.0512821 592.179 535.597 
47517.1 12760.7 471.351 407.675 0.025641 574.541 540.057 
47540.4 12672 486.553 408.558 0.025641 584.143 554.239 
47299.8 12581.4 493.286 406.712 0.025641 585.084 567.896 
47665.9 12078.1 481.64 405.674 0.0512821 563.972 542.956 
47850.1 11919.8 481.929 405.508 0.0512821 562.303 546.531 
47913.2 11639.3 484.889 405.395 0.0512821 576.167 556.075 
47945.5 11681.4 498.499 405.557 0.0512821 592.058 597.017 
48045.2 11777.5 513.042 404.687 0.0512821 599.326 608.691 
48015.2 11653 515.497 407.141 0.0512821 590.797 614.22 
47907.2 11636.7 525.415 404.23 0.025641 590.835 618.643 
46646.9 11195.2 543.48 404.384 0.025641 591.969 615.443 
46713.4 11153.5 559.249 403.676 0.025641 596.175 627.777 
46451.7 11061.6 569.901 403.368 0.025641 611.139 653.964 
46451.4 10730.1 609.015 403.126 0.025641 604.533 689.881 
46009.5 10413 612.581 401.206 0.0512821 607.522 695.431 
45995.7 10299.2 638.195 400.891 0.0512821 608.818 715.749 
45786.9 10002.8 661.309 401.901 0.0512821 594.311 701.402 
46036.1 9872.71 697.699 402.864 0.102564 621.736 729.978 
46061.5 9845.54 718.311 398.312 0.0769231 651.142 757.102 
46478.1 9896.07 723.903 398.213 0.0769231 663.185 756.789 
46116.8 9987.26 753.633 402.843 0.0769231 682.702 777.807 
46131.6 9920.74 785.035 399.19 0.0512821 708.672 803.421 
45581.2 9776.89 817.832 397.778 0.0512821 726.278 814.632 
45347.1 9629.77 857.573 395.45 0.102564 761.262 848.808 
44935.9 9391.81 863.231 395.932 0.0769231 759.617 871.514 
44805.3 9280.39 874.93 397.754 0.0769231 798.973 902.213 
44684.2 9153.15 906.318 391.716 0.0512821 840.719 936.483 
44476.8 8857.17 917.222 393.199 0.025641 848.211 952.394 
44324 8813.19 945.6 394.673 0.025641 871.433 978.673 
44154.2 8703.4 984.616 394.794 0.025641 893.93 995.213 
43790.2 8650.65 1009.83 394.596 0.025641 934.034 1013.88 
43600.5 8381.46 1018.2 396.88 0.025641 939.259 1024.84 
43228.1 8306.28 1026.6 392.693 0.025641 921.247 1015.2 
43100.5 8275.71 1039.5 396.419 0.025641 937.685 1032.28 
42842.3 8190.44 1054.74 392.283 0.025641 960.633 1042.65 
42805.6 8114.87 1061.22 396.825 0.0512821 970.36 1043.96 
42270.3 7896.79 1080.67 394.187 0.0512821 977.319 1034.03 
42210.8 7807.26 1092.09 393.175 0.0769231 1000.07 1043.72 
41696.7 7789.22 1119.35 392.81 0.0769231 1022.78 1069.54 
41626.7 7650.88 1122.6 393.253 0.102564 1009.92 1063.03 
41514.8 7665.92 1133.32 394.174 0.102564 1023.36 1076.5 
41054.3 7648.71 1140.13 393.977 0.102564 1032.07 1089.52 
40989.5 7509.06 1154.83 395.622 0.0769231 1041.9 1107.41 
40670.5 7454.64 1175.45 397.926 0.0769231 1065.38 1112.79 
40441.3 7393.26 1178.81 398.802 0.0769231 1080.2 1122.39 
40280.2 7240.91 1188.66 397.537 0.102564 1091.26 1135.53 
40070.1 7213.3 1200.08 396.441 0.102564 1096.34 1149.85 
39839.9 7146.13 1218.16 394.96 0.102564 1118.77 1163.29 
39498.2 7128.23 1231.47 396.094 0.102564 1131.95 1176.05 
39061.6 7090.7 1232.03 400.289 0.102564 1130.31 1187.16 
38950.5 6892.8 1237.45 394.214 0.128205 1142.54 1142.87 
38422.9 6768.97 1255.85 393.877 0.128205 1145.73 1159.81 
38194.5 6496.14 1255.89 392.228 0.102564 1129.13 1170.55 
37156.9 6424.49 1266.3 390.161 0.102564 1277.58 1231.63 
37074.1 6469.92 1284.76 390.264 0.102564 1263.46 1226.97 
36909.6 6407.63 1295.56 393.474 0.0769231 1268.56 1256.24 
36898.7 6422.66 1287.59 394.013 0.0512821 1259.38 1246.28 
36670.6 6416.02 1301.34 395.71 0.0512821 1281.02 1247.88 
35848.3 6496.19 1330.97 394.468 0.0512821 1305.55 1261.21 
35362.1 7001.41 1304.6 398.094 0.0769231 1281.67 1256.78 
34942.1 6881.8 1296.88 395.763 0.0769231 1289.47 1255.31 
34810.2 6917.54 1295.56 396.133 0.102564 1303.53 1247.83 
34530.5 6918.96 1305.98 390.384 0.128205 1303.57 1261.46 
34214.7 6954.16 1313.25 388.019 0.153846 1327.85 1278.21 
33960.8 6895.41 1325.74 390.144 0.153846 1343.08 1290.26 
33850.3 6897.43 1333.68 389.095 0.102564 1351.03 1302.54 
33701.5 6861.21 1336.44 391.714 0.0769231 1358.03 1318.81 
33485.3 6812.22 1343.33 389.689 0.102564 1379.2 1327.68 
33122.5 6545.89 1350.14 390.919 0.102564 1368.22 1304.9 
32528.8 6507.95 1446.42 393.825 0.0769231 1461.11 1442.47 
32174.5 6497.22 1570.81 391.811 0.102564 1567.72 1576.96 
32119.1 6416.87 1611.51 393.688 0.102564 1575.41 1623.61 
31931.5 6358.78 1607.08 392.571 0.128205 1587.71 1621.51 
31954.6 6258.82 1634.05 387.971 0.153846 1557.7 1676.73 
31863.3 6233.74 1642.75 391.735 0.102564 1557.02 1669.61 
31232 6221.32 1791.57 391.548 0.128205 1709.01 1783.05 
31060.4 6195.42 1798.22 392.59 0.128205 1722.37 1813.51 
30965.5 6214.39 1793.77 391.526 0.153846 1727.45 1813.41 
30723.8 6232.01 1822.54 390.91 0.102564 1750.05 1958.12 
30816.5 6155.21 1843.53 386.55 0.128205 1742.7 1957.86 
29757.3 6257.6 1870.59 385.749 0.128205 1765.06 1969.11 
29519.6 6402.81 1854.15 384.769 0.179487 1776.16 1956.86 
29146.8 6386.61 1888.63 385.257 0.153846 1796.56 1958.2 
29059.6 6363.9 1905.78 391.852 0.128205 1800.83 1984.27 
28532.6 6299.32 1924.1 393.789 0.128205 1821.58 2023.66 
28311.6 6288.59 1925.08 393.784 0.128205 1855.18 2035.34 
28557.4 6242.18 1963.56 386.247 0.153846 1875.29 2069.82 
27987.4 6201.63 2202.96 386.702 0.153846 2138.17 2275.04 
27817 6138.46 2206.4 391.462 0.102564 2115.95 2260.86 
27751 6072.96 2222.78 390.909 0.128205 2086.06 2263.75 
27353.6 6102.19 2324.55 397.219 0.128205 2066.07 2112.05 
27432.3 6087.15 2464.24 401.967 0.128205 2193.19 2182.51 
27252.2 6029.03 2474.84 408.318 0.102564 2204.81 2172.81 
27313.3 5959.61 2489.43 401.783 0.0769231 2215.1 2183.03 
27286.3 5918.98 2507.28 400.089 0.0512821 2248.02 2199.6 
26907.5 5659.53 2492.49 400.018 0.0769231 2285.28 2271.71 
27544.5 5612.06 2392.96 401.297 0.0769231 2197.92 2151.3 
27173.6 5527.62 2409.87 398.997 0.102564 2159.03 2240.35 
26858.2 5206.48 2581.12 398.963 0.102564 2222.44 2386.93 
26604.4 5199.7 2728.72 402.538 0.102564 2392.7 2483.04 
26494.4 5146.56 2744.62 400.566 0.128205 2403.6 2397.52 
26430.1 5097.47 2792.79 402.729 0.102564 2408.59 2378.3 
26273.7 5065.15 2825.65 397.383 0.102564 2432.8 2407.07 
26247.8 5075.71 2835.74 398.382 0.102564 2443.07 2424.95 
26075.5 5067.33 2828.92 398.829 0.102564 2450.39 2428.36 
26045.7 5082 2815.17 401.876 0.0769231 2414.74 2362.14 
26789.4 5197.48 2827.93 400.391 0.0769231 2379.5 2334.83 
26567.5 5158.51 2808.32 403.365 0.0769231 2382.5 2353.23 
26504.3 5094.81 2787.35 403.33 0.102564 2357.47 2351.67 
26368.6 5074.05 2793.15 404.311 0.0769231 2334.3 2360.13 
25656.8 4981.78 2990.88 398.56 0.102564 2465.97 2543.62 
25621.3 4921.45 2999.82 397.961 0.102564 2488.68 2523.33 
25325.5 4409.11 3103 398.951 0.128205 2544.11 2588.45 
25984.9 4431.37 3055.64 401.102 0.128205 2509.13 2600.29 
25386.6 4086.72 3171.84 405.336 0.0769231 2697.99 2784.3 
25439.3 4056.62 3175.18 406.223 0.0769231 2685.25 2814.58 
25402.3 4035.2 3371.7 406.487 0.0769231 2868.89 2956.02 
25419.5 4022.93 3383.94 404.666 0.0769231 2906.28 2935.43 
25481.6 4012.76 3347.37 408.344 0.0769231 2873.64 2901.2 
25224.9 3923.03 3355.36 409.436 0.0512821 2859.44 2895.23 
25215.9 3914.51 3298.51 409.359 0.0769231 2867.84 2833.68 
25234.3 3888.52 3304.75 409.256 0.0769231 2879.4 2828.38 
25530.8 3987.26 3197.62 407.149 0.102564 2815 2758.76 
25622.1 3962.5 3200.32 408.867 0.0769231 2790.65 2761.52 
25639.6 3932.5 3214.93 407.305 0.102564 2779.76 2804.35 
24683.4 3898.21 3322.24 406.093 0.128205 2915.14 2960.62 
24769.5 3872.44 3338.11 406.53 0.128205 2901.95 2974.62 
24501.2 4346.8 3444.92 406.993 0.153846 2915.78 3018.39 
24528.2 4281.16 3463.91 405.011 0.179487 2955.44 3063.5 
24991.3 4265.56 3318.72 407.533 0.0769231 2832.96 2953.09 
24953.7 4262.73 3325.76 406.564 0.0769231 2869.17 2979.47 
24958.7 4261.99 3227.17 404.501 0.128205 2890.08 3144.45 
25104.2 4230.26 3239.92 407.198 0.102564 2910.22 3100.57 
25106.8 4222.39 3227.43 405.885 0.128205 2901.27 3095.76 
25142.3 4239.08 3215.28 406.91 0.128205 2859.17 3072.08 
25663.9 4238.79 3221.63 407.257 0.128205 2857.35 3051.57 
25447.6 4277.85 3440.33 408.31 0.0769231 3050.4 3129.63 
26176.8 4304.18 3393.87 409.896 0.0769231 2967.59 2991.35 
26124.7 4292.31 3396.42 408.358 0.0769231 2989.02 2883.39 
26608.3 4490.89 3387.88 412.211 0.0769231 2994.43 2862.59 
26909.8 4472.28 3416.47 403.093 0.102564 3036.39 2897.31 
26886.4 4486.75 3495.66 403.232 0.102564 3113.06 3026.97 
26451.6 4475.19 3651.13 408.376 0.102564 3268.63 3120.48 
26210.9 4429.51 3725.51 405.685 0.0512821 3386.72 3152.1 
26127.8 4412.83 3721.83 403.617 0.0769231 3408.43 3186.08 
26646.1 4582.36 3742.8 400.59 0.0769231 3434.99 3230.49 
25648.4 4214.47 3998.53 399.306 0.128205 3611.46 3548.81 
25190.9 4192.22 4080.88 396.397 0.128205 3640.06 3568.85 
25148.3 4194.16 4116.06 395.327 0.102564 3648.44 3612.11 
25122.8 4195.18 4060.22 391.761 0.102564 3664.89 3575.35 
24062.4 4201.82 4384.81 394.833 0.128205 3778.41 3651.22 
24028.4 4201.31 4424.38 397.69 0.128205 3786.37 3631.89 
23865.3 4196.75 4619.63 393.93 0.179487 4050.48 3734.61 
23772.3 4167.5 4563.95 394.923 0.179487 4027.19 3680.97 
23707.8 4180.73 4442.61 393.315 0.179487 4060.55 3571.16 
23281.7 4179.09 4600.7 392.372 0.179487 4204.01 3614.72 
22757.9 4163.04 4621.19 392.675 0.153846 4279.57 3669.89 
22673.8 4158.69 4462.4 394.424 0.153846 4210.73 3651.98 
22662.5 4160.42 4468.21 391.047 0.179487 4194.89 3672.53 
22607.2 4171.66 4470.92 397.807 0.179487 4250.3 3641.32 
22579.8 4181.38 4391.29 407.786 0.102564 4090.76 3579.05 
22450.8 4194.34 4330.49 404.675 0.128205 4105.89 3617.28 
22192.9 4156.57 4323.71 403.771 0.102564 4083.1 3599.16 
22580.2 4325.88 4400.95 394.285 0.128205 4161.45 3615.85 
22516.3 4298 4423.43 389.937 0.230769 4191.98 3515.02 
22482.1 4261.42 4427.32 384.679 0.230769 4169.29 3498.53 
22373.7 4279.63 4381.35 383.961 0.205128 4187.2 3518.88 
20767 4130.61 4668.07 386.449 0.179487 4327.54 3922.22 
20243.8 4115.46 5081.29 385.192 0.205128 4608.89 4250.41 
19733.6 4255.87 4942.55 395.445 0.153846 4547.53 4034.76 
19517.2 4181.22 5365.79 389.997 0.179487 4904.31 4253.26 
19422.9 4203.51 5285.19 389.83 0.205128 4805.36 4265.19 
18657.4 4199.22 5098.26 398.757 0.205128 4580.65 4194.33 
18252 4201.27 5007.73 390.556 0.205128 4493.86 4191.51 
18494.4 4333.76 5010.88 384.713 0.230769 4505.75 4241.73 
19355.8 4457.21 5010.28 402.105 0.128205 4883.23 4755.3 
19333.1 4481.15 5031.2 399.029 0.153846 4928.05 4881.24 
19331.2 4499.89 5250.81 397.412 0.128205 4717.98 4668.67 
18592.5 4373.78 5376.41 396.796 0.153846 4863.5 4785.23 
18401.8 3934.69 5339.72 396.886 0.179487 4929.37 5054.33 
18145.9 3920.24 5315.57 399.573 0.153846 4926.36 5053.23 
18373.5 3885.78 5342.39 402.355 0.128205 4947.23 5069.04 
18115.3 3878.18 5326.48 404.978 0.102564 4967.27 5302.82 
17293.1 3778.48 5487.43 405.196 0.0769231 5140.95 5360.05 
17243.8 3768.42 5542.82 402.225 0.128205 5061.85 5353.09 
16812.1 3791.41 5812.55 401.996 0.153846 5272.38 5651.57 
16184.7 3653.28 5883.76 399.962 0.153846 5351.22 5756.62 
16170.4 3634.69 5901.39 399.307 0.128205 5327.97 5793.03 
16126.8 3638.96 5886.16 400.149 0.102564 5322.87 5825.97 
16293 3657.48 5814.96 397.872 0.102564 5243.53 5825.02 
16402.3 3626.58 5907.58 404.683 0.102564 5199.02 5884.24 
16399.9 3625.89 5924.81 401.579 0.102564 5209.98 5853.92 
15763.6 3655.41 6092.45 400.744 0.0769231 5238.39 6229.01 
15125.3 3517.4 6404.8 411.397 0.0512821 5429.44 6326.88 
15176.9 3511.92 6370.49 401.74 0.0769231 5460.32 6291.71 
15198.7 3494.7 6257.51 399.783 0.102564 5391.05 6124.5 
14987.3 3473.52 6413.33 398.446 0.0769231 5428.56 6244.22 
14933.9 3489.91 6456.91 400.367 0.128205 5397.96 6236 
14330.4 3364.57 6644.1 402.196 0.128205 5479.94 6346.98 
14283.1 3348.62 6645.35 398.205 0.153846 5446.81 6369.13 
14211.4 3328.68 6628.24 398.864 0.179487 5429.34 6330.16 
14313.7 3307.21 6663.04 402.713 0.179487 5484.87 6276.5 
13310.2 2953.15 6740.8 406.608 0.179487 5845.11 6401.85 
13275.3 2932.93 6592.64 403.001 0.179487 5709.65 6399.49 
13196 2931.71 6691.27 403.859 0.153846 5787 6417.1 
13202.5 2913.11 6558.77 400.116 0.153846 5693.19 6625.53 
13459.6 3042.75 6512.75 394.92 0.153846 5695.02 6522.88 
13054.3 3009.77 6554.18 397.917 0.128205 5725.84 6549.19 
12372.3 2928.66 6602.78 399.908 0.153846 5713.8 6784.37 
12380.6 2911.88 6614.4 407.379 0.153846 5747.39 6776.31 
12390.4 2906.83 6502.29 402.17 0.179487 5565.7 6767.8 
12232 2887.71 6565.69 396.003 0.205128 5624.01 6961.13 
12353.5 2911.15 6703.97 400.963 0.179487 5622.85 7230.14 
12385.8 2923.76 6636.05 398.044 0.179487 5524.07 7128.62 
12112.6 2638.41 6888.76 396.523 0.179487 5704.48 7240.86 
12044.7 2623.57 6880.57 395.622 0.179487 5733.79 7192.54 
12026.5 2595.75 6944.46 395.754 0.153846 5770.91 7246.94 
12019.8 2598.43 6959.82 396.668 0.179487 5717.52 7261.58 
12065.3 2601.65 6877.11 399.932 0.179487 5579.54 7352.8 
12441 2595.06 6841.23 395.242 0.205128 5550.01 7246.96 
11968.1 2524.96 6900.9 396.109 0.205128 5653.44 7399.92 
12143.4 2583.42 7070.94 398.162 0.153846 5687.19 7448.63 
11534.8 2451.77 7055.62 404.216 0.153846 5790.65 7352.23 
11531.8 2448.56 7034.27 402.481 0.153846 5807.21 7267.45 
12144 2553.92 7060.88 393.074 0.205128 5873.86 7208.16 
12102 2552.12 6994.05 395.832 0.230769 5901.34 7009.93 
12655 2861.45 7099.53 396.858 0.230769 5892.82 6990.5 
13173.6 2913.6 7079.26 402.778 0.179487 5823.01 7000.98 
12587.3 2747.84 7278.98 403.451 0.128205 6060.36 7091.64 
12541.1 2749.76 7192.96 411.464 0.128205 5793.01 7058.56 
12518 2766.65 7221.62 410.97 0.128205 5784.36 7101.29 
13086.4 2891.94 7034.8 405.013 0.128205 5747.62 7124.46 
13064.8 2901.43 7012.78 402.647 0.153846 5711.15 7093.71 
13052.5 2908.06 6914.34 397.995 0.179487 5639.84 7136.3 
12914.4 2899.87 6954.99 402.448 0.179487 5751.17 7266.94 
12924 2911.19 6921.52 402.757 0.179487 5803.17 7368.09 
12895 2928.5 6664.07 403.328 0.153846 5584.93 7299.66 
12891.8 2936.19 6566.98 398.795 0.179487 5545.21 7362.34 
12922.3 2951.18 6515.74 403.647 0.153846 5388.06 7291.46 
12937.6 2962.99 6690.88 393.456 0.205128 5407.93 7374.28 
13278.4 2967.65 6645.48 397.183 0.153846 5423.58 7376.49 
13239.7 2336.22 6646.32 399.818 0.153846 5611.88 7495.77 
13917.2 2477.47 6627.33 398.042 0.153846 5577.12 7438.73 
13827.5 2485.44 6623.59 392.951 0.179487 5588.84 7354.07 
13886.7 2494.06 6637.9 393.549 0.205128 5601.04 7372.85 
13847.4 2506.47 6599.42 397.136 0.205128 5527.62 7319.43 
13826.7 2500.04 6623 394.68 0.179487 5578.45 7229.96 
13284.4 2291.86 6761.08 390.065 0.230769 5809.9 7353.58 
13278.4 2286.75 6848.71 394.706 0.230769 5904.51 7468.66 
13175.3 2279.04 6943.41 393.332 0.230769 6001.83 7677.71 
13218.5 2289.31 6977.41 392.343 0.230769 6123.38 7670.46 
13202 2299.35 6762.63 401.544 0.205128 5878.56 7400.78 
13143.1 2288.88 6909.5 393.517 0.153846 6023.54 7493.68 
12867.3 2263.28 7132.36 390.232 0.230769 6060.04 7700.11 
12899.5 2266.71 7134.02 387.524 0.25641 6087.87 7725.97 
13209 2381.69 7331.25 388.908 0.282051 6156.38 7593.02 
13207.1 2382.07 7247.33 385.458 0.282051 6149.79 7557.39 
13217.5 2385.51 7070.67 393.512 0.230769 5977.16 7300.51 
13264.7 2388.88 7053.74 395.469 0.230769 5881.35 7124.5 
13263.8 2393.52 7094.99 392.365 0.205128 5885.3 7123.11 
13223.8 2412.88 7030.93 392.436 0.179487 5887.92 7108.42 
13215.8 2435.2 7026.85 393.08 0.179487 5973.3 7177.14 
13812.1 2592.94 7014.75 377.353 0.282051 6038.13 7139.08 
13874.3 2594.65 6797 379.671 0.25641 6055.66 7225.15 
13836.9 2615.98 6698.3 387.184 0.205128 6044.02 7110.1 
13812.2 2609.81 6709.96 385.935 0.205128 6037.56 7058.7 
13821.8 2607.95 6705.35 384.747 0.25641 6030.34 7052.68 
13784.7 2622.01 6686.55 381.678 0.25641 6108.21 7156.31 
13824.2 2627.07 6729.61 387.628 0.230769 6039.21 7091.98 
13847.7 2647.51 6724.25 382.17 0.230769 6064.58 7095.37 
13954.5 2715.6 6767.92 385.853 0.230769 6070.47 7057.53 
14702.7 2831.92 6661.88 383.473 0.205128 5969.38 6958.25 
14688.7 2819.61 6670.3 385.528 0.205128 5922.46 7019.63 
13837 2680.1 6538.49 381.298 0.230769 6122.24 7014.22 
14908.2 2734.69 6577.72 376.619 0.25641 6068.3 6935.2 
14824.7 2747.47 6696.63 374.604 0.25641 6085.15 6970.54 
14765 2752.53 6658.88 373.699 0.282051 6142 7001.06 
14723.1 2732.28 6667.43 372.064 0.307692 6127.5 6963 
14727.8 2744.39 6673.32 373.499 0.282051 6151.72 6967.46 
14698.2 2750.97 6603.3 374.732 0.282051 6054.16 6942.09 
14632.3 2761.97 6510.68 380.878 0.25641 6066.13 6887.57 
14615 2765.86 6494.94 379.631 0.25641 5959.09 6811.42 
14637.9 2761.98 6466.99 379.817 0.25641 5928.08 6766.45 
14578.9 2770.47 6663.38 380.917 0.25641 5848.38 6810.86 
14590.2 2766.08 6720.16 377.132 0.282051 5969.97 7321.77 
14518 2756.8 6692.59 376.946 0.282051 5758.71 7014.05 
14000.8 2778.11 6657.45 375.956 0.282051 5850.83 7342.88 
13978.2 2825.84 6644.38 375.669 0.282051 5841.48 7359.54 
13888.3 2861.17 6637.76 375.454 0.282051 5890.4 7386.56 
13886 2874.91 6633.47 375.721 0.282051 5947.44 7396.37 
13864.9 2903.22 6653.49 375.879 0.282051 5948.8 7419.18 
13814.5 2913.48 6627.89 378.415 0.282051 5924.28 7392.99 
13806.1 2910.39 6612.81 377.496 0.282051 5961.59 7414.6 
13792.4 2903.42 6644.73 371.813 0.307692 6030.66 7499.82 
13751 2889.22 6616.19 371.166 0.307692 6009.92 7533.19 
13785.7 2884.31 6668.86 378.174 0.25641 5979.45 7581.27 
13747.6 2865.42 6689.73 373.238 0.307692 5996.97 7682.31 
13758.5 2849.55 6745.64 371.517 0.307692 6024.94 7609.69 
14149.6 2817.38 6618.25 372.547 0.307692 6035.63 7534.68 
14180.8 2808.52 6671.08 378.153 0.307692 6012.86 7545.44 
14221 2781.23 6683.24 374.363 0.307692 5968.82 7534.23 
14256.2 2762.4 6490.17 377.738 0.307692 5815.36 7557.74 
14894.9 2907.97 6561.51 378.057 0.333333 5835.11 7599.05 
14957.2 2889.19 6598.19 372.015 0.333333 5922.69 7666.36 
14740.8 2725.46 6691.19 370.631 0.333333 6163.73 7730.69 
14741.4 2697.67 6711.31 367.883 0.333333 6146.67 7697.63 
14722.7 2701.12 6808.66 367.18 0.358974 6131.51 7786.8 
14686.2 2699.32 6789.5 366.531 0.333333 6273.96 7745.26 
14677.4 2699.54 6807.93 367.16 0.307692 6152.64 7645.28 
14627.7 2707.7 6760.1 366.053 0.307692 6165.85 7647.31 
14653.3 2705.56 6783.82 364.787 0.307692 6131.29 7660.16 
14665.6 2688.82 6677.96 368.109 0.282051 6137.15 7763.24 
14010.9 2560.24 6795.91 368.493 0.282051 6165.19 7782.01 
14061.1 2556.52 6733.21 369.672 0.282051 6202.06 7731.17 
14086.5 2563.23 6685.19 369.571 0.282051 6222.53 7714.06 
14047.8 2566.43 6472.18 370.151 0.25641 6065.71 7907.05 
13495.7 2513.1 6935.5 369.56 0.307692 6569.02 8164.63 
13491.4 2514.63 6827.48 369.74 0.307692 6401.63 7920.41 
13476.7 2512.36 6868.85 369.133 0.333333 6430.7 7880.25 
12851.2 2439.67 7052.4 370.025 0.307692 6607.88 7859.48 
12701.8 2440.18 7067.48 367.151 0.358974 6644.22 7809 
12724.3 2427.03 7082.23 370.055 0.333333 6664.72 7692.62 
12718.1 2397.51 7064.35 372.189 0.307692 6699.17 7575.84 
12089 2282 7020.49 372.242 0.333333 6868 7632.46 
12065.3 2311.33 7026.58 371.847 0.358974 6923.39 7601.29 
12157.8 2314.11 6953.4 367.879 0.358974 6868.07 7674.79 
12058.6 2337.97 7014.42 368.149 0.384615 6912.71 7807.11 
11462.3 2231.47 7049.98 375.875 0.358974 6946.59 7747.7 
11614.3 2337.73 7066.03 368.77 0.384615 6951.19 7762.16 
11479.4 2364.84 7123.01 368.622 0.384615 6970.62 7828.33 
11465.6 2368.52 7122.58 370.143 0.358974 6962.21 7816.53 
11671.5 2358.58 7141.57 372.111 0.384615 6918.15 7813.13 
11349.8 2362.68 7176.7 371.569 0.384615 6900.55 7836.86 
11230.5 2322.21 7154.73 370.153 0.384615 6989.79 7760.5 
11262.5 2312.47 7141.22 371.812 0.384615 6996.25 7722.31 
11333.9 2320.69 6976.19 380.152 0.282051 6978.9 7641.91 
11290.4 2312.2 6949.95 371.488 0.307692 6977.64 7588.64 
11317.5 2313.85 6908.36 380.159 0.307692 6922.3 7502.18 
10573.3 2210.13 7017.85 378.899 0.333333 6937.6 7584.36 
10589.5 2214.98 7037.28 376.885 0.333333 6962.66 7568.62 
10612.7 2239.95 7045.01 375.836 0.333333 7059.61 7533.21 
10388.9 2267.21 6929.41 378.108 0.333333 7028.94 7471.24 
10312.9 2278.56 6863.82 373.84 0.358974 7171.33 7519.12 
10180.2 2297.73 6857.72 372.501 0.358974 7234.65 7499.05 
9561.16 2153.62 7031.05 376.83 0.333333 7198.77 7622.23 
8119.25 2153.83 7211.17 375.483 0.333333 7244.1 7673.03 
7889.37 2099.48 7157.54 378.616 0.333333 7195.39 7688.27 
7842.46 2070.11 7086.47 379.027 0.333333 7083.12 7688.72 
7813.07 2030.86 7060.37 376.496 0.307692 7035.68 7683.38 
7839.34 1997.5 7039.66 375.565 0.307692 7065.54 7661.62 
7855.19 1986.77 7025.29 372.692 0.333333 7065.35 7652.23 
7870.78 1972.95 7030.92 372.471 0.333333 7075.35 7590.42 
7640.94 1977.38 7054.68 382.214 0.307692 6934.44 7753.27 
7725.12 1959.13 6962.37 370.695 0.333333 7118.19 7848.19 
7776.44 1932.5 7025.78 363.684 0.358974 7153.46 7738.3 
7842.89 1928.7 7026.92 366.774 0.358974 7134.73 7750.73 
7149.93 1773.74 7020.05 371.783 0.333333 7217.81 7834.02 
7219.28 1768.45 7011.84 369 0.358974 7288.49 7871.09 
6801.73 1737.68 6959.82 366.189 0.358974 7289.53 7868.03 
6666.1 1712.78 7011.98 363.065 0.358974 7433.32 7760.29 
6824.98 1678.84 6961.99 374.002 0.333333 7378.31 7762.24 
6660.9 1676.48 7028.91 371.076 0.333333 7441.33 7823.62 
6745.12 1607.76 7041.02 369.46 0.333333 7584.49 7763.26 
6778.01 1588.41 7122.08 367.04 0.358974 7644.54 7870.92 
6694.95 1548.72 7124.16 367.201 0.358974 7577.68 7836.59 
6499.6 1536.71 6939.43 371.621 0.333333 7628.41 7796.53 
6491.74 1531.23 6969.03 372.463 0.333333 7498.69 7752.8 
6260.58 1542.77 7046.68 369.002 0.333333 7503.02 7866.5 
7069.87 1613.17 7017.82 378.394 0.282051 7345.25 7868.54 
7440.66 1539.3 7019.61 374.895 0.282051 7336.63 7875.73 
8055.63 1534.62 7087.64 366.789 0.333333 7352.09 7963.19 
9309.71 1532.56 7096.63 366.311 0.358974 7394.23 7942.92 
9729.23 1532.25 7083.63 364.801 0.358974 7389.36 7958.91 
9691.55 1547.32 7106.96 371.372 0.333333 7376.1 7788.81 
9481.55 1572.17 7087.54 372.614 0.333333 7354.62 7816.69 
8886.06 1392.63 7104.85 376.461 0.333333 7510.63 7816.03 
8756.26 1376.89 7186.92 364.785 0.358974 7541.51 7735.59 
9364.21 1410.12 7306.02 365.158 0.358974 7472.88 7781.95 
10114.5 1523.64 7091.58 367.505 0.358974 7355.05 7685.42 
10079.3 1545.89 7037.44 366.769 0.333333 7345.37 7717.11 
9584.72 1465.34 7129.26 366.709 0.333333 7440.04 7919.68 
9613.41 1431.49 7086.96 365.748 0.333333 7454.98 8033.1 
10126.9 1503.48 7041.29 365.395 0.333333 7452.94 8018.48 
9876.15 1579.37 7004.45 366.416 0.333333 7424.7 8036.36 
9655.68 1578.78 7003.64 370.502 0.307692 7439.27 8015.63 
9645.87 1569.91 7006.65 368.082 0.307692 7408.78 8011.12 
9623.64 1577.37 6990.07 371.049 0.333333 7356.96 8007.8 
9651.27 1571.61 7070.32 369.415 0.333333 7353.35 8059.86 
9616.76 1577.86 7036.01 366.394 0.333333 7361.51 8039.96 
9602.22 1588.76 7028.24 358.037 0.358974 7361.66 7984.71 
9602.37 1603.09 6920.97 355.351 0.384615 7287.34 7956.79 
9873.79 1597.24 7023.48 359.54 0.384615 7251.07 7946.56 
10571.3 1683.48 7100.61 362.492 0.358974 7196.4 8039.25 
10438.4 1708.41 7050.25 371.212 0.333333 7094.77 8061.22 
10371.1 1709.56 7169.32 363.904 0.358974 7137.26 8069.31 
10396.8 1716.75 7174.46 363.409 0.384615 7128.48 8030.52 
10221.5 1714.59 7173.89 362.907 0.384615 7106.64 8023.27 
10203.6 1737.66 7037.35 363.079 0.384615 7171.81 7943.92 
10136.5 1750.87 7169.62 361.259 0.384615 7343.93 7955.41 
10093.6 1746.31 7065.68 365.043 0.358974 7273.6 8022.5 
9965.72 1693.33 7069.83 358.122 0.384615 7273.96 7955.83 
9927.96 1656.8 7085.15 351.655 0.435897 7256.29 7993.75 
10941.7 1750.54 7090.67 349.781 0.435897 7081.97 7964.86 
10959 1772.8 7052.32 349.386 0.435897 7069.07 7959.04 
10908 1793.58 7030.15 350.356 0.435897 7058.94 7962.9 
10866.3 1826.63 6942.64 341.813 0.487179 6960.97 7871.86 
10797 1847.91 7008.63 351.926 0.461538 6928.35 7901.72 
10761.7 1861.55 7025.91 345.41 0.461538 6912.73 7960.94 
10636.8 1868.55 7098.64 353.934 0.435897 6908.55 7987.33 
10660.6 1872.28 7100.34 351.295 0.435897 6914.8 7985.05 
10718.7 1897.57 7092.94 345.388 0.461538 6872.18 7975.31 
10753.8 1914.59 7144.99 345.824 0.461538 6975.77 8138.3 
10790.4 1926.35 7101.28 347.752 0.461538 6980.06 8093.33 
11252.3 1864.61 6988.36 366.73 0.410256 6908.51 7851.64 
11422.3 1795.51 7019.14 365.368 0.410256 6841.85 7848.57 
11452.1 1743.72 7020.72 357.986 0.410256 6944.9 7782.95 
11280.3 1719.56 7031.48 357.474 0.435897 6974.51 7785.71 
10489.4 1571.33 7128.77 348.73 0.461538 6983.84 7758.89 
10744 1548.64 7093.42 351.555 0.461538 6986.94 7697.26 
11729.5 1546.11 7091.32 352.323 0.461538 6962.32 7430.16 
11886.1 1528.32 7188.49 350.172 0.461538 6907.85 7536.12 
11688.6 1496.98 7117.2 345.8 0.461538 6841.33 7566.94 
11754 1485.15 7107.66 345.664 0.461538 6824.23 7611.66 
11901.7 1465.91 7136.25 346.368 0.461538 6739.98 7692.13 
11945.1 1367.1 7226.36 347.003 0.461538 6712.8 7727.91 
11788 1332.81 7312.71 344.537 0.461538 6790.1 7757.16 
11795.2 1327.18 7337.74 342.662 0.461538 6725.71 7850.19 
11360.4 1302.81 7293.61 350.135 0.435897 6707.94 7758.91 
11307.8 1277.5 7330.31 351.414 0.435897 6753.79 7897.64 
10339.1 1179.75 7529.97 354.886 0.435897 6938.27 8000.8 
10254.7 1138.35 7486.31 349.01 0.435897 6929.79 7943.58 
10156.6 1124.69 7456.48 351.299 0.410256 6830.79 8071.86 
10038.6 1115.31 7488.86 354.879 0.410256 6899.67 8123.29 
9899.74 1053.58 7521.87 354.976 0.410256 6952.33 8134.58 
9848.82 1054.21 7522.98 346.948 0.435897 7435.79 8313.54 
9680.68 1085.3 7600.98 349.146 0.435897 7142.03 8356.2 
9517.95 1107.74 7552.54 354.54 0.410256 7065.73 8254.42 
9496.84 1114.53 7536.91 351.923 0.410256 7005.84 8201.92 
9645.1 1127.15 7566.06 346.924 0.435897 6992.95 8230.58 
10090.4 1226.49 7515.62 343.202 0.461538 7022.91 8073.21 
9060.89 1132.88 7526.44 344.614 0.461538 7249.36 8086.88 
9031.88 1174.96 7687.99 345.06 0.461538 7297.15 8353.8 
8885.41 1192.69 7706.58 346.773 0.461538 7222.38 8325.97 
8861.77 1201.43 7754.23 350.382 0.435897 7206.54 8380.82 
8743.97 1231.05 7829.49 350.6 0.435897 7210.41 8432.51 
8646.13 1228.44 7812.15 351.132 0.410256 7210.23 8365.38 
8511.43 1387.52 7938.85 350.193 0.410256 7245.72 8281.92 
8403.74 1411.25 7954.13 350.923 0.410256 7320.98 8278.54 
8310.85 1447.57 7939.97 351.739 0.410256 7358.64 8193.45 
8234.73 1464.24 7890.56 348.535 0.410256 7396.79 8165.37 
8212.76 1499.33 7917.85 347.764 0.410256 7462.05 8188.83 
8424.21 1531.23 7653.32 345.682 0.410256 7337.49 7964.18 
8524.92 1589.07 7627.38 344.012 0.435897 7161.73 7799.65 
8035.13 1553.54 7650.3 344.745 0.435897 7182.5 8080 
7516.8 1431.23 7818.77 344.828 0.435897 7235.18 8216.88 
7515.66 1473.42 7814.07 346.902 0.435897 7227.23 8083.47 
7548.88 1441.76 7860.28 346.586 0.410256 7272.71 8159.81 
7532.7 1424.87 7894.1 346.801 0.435897 7597.51 8212.71 
7592.37 1431.01 7922.96 346.871 0.410256 7583.4 8273 
7663.76 1429.49 7796.3 347.319 0.410256 7756.38 8333.95 
7700.63 1425.08 7743.17 349.38 0.410256 7739.36 8350.16 
7721 1426.7 7720.19 349.345 0.410256 7722.03 8336.6 
7798.46 1422.84 7738.03 349.153 0.410256 7709.13 8364.83 
7752.06 1414.66 7732.78 347.686 0.410256 7722.18 8317.11 
7733.96 1403.74 7723.89 349.217 0.410256 7776.1 8212.62 
7769.53 1394.18 7853.22 350.459 0.410256 7662.1 8247.18 
7786.53 1374.18 7818.46 351.262 0.410256 7720.38 8164.97 
7790.75 1358.88 7878.13 352.185 0.410256 7505.45 8127.41 
7736.58 1339.4 7922.64 352.939 0.384615 7598.21 8149.6 
7856.22 1351.79 7617.05 347.125 0.435897 7739.83 8075.3 
8511.96 1427 7567.67 352.079 0.435897 7709.15 8047.74 
8303.22 1462.65 7626.16 353.023 0.435897 7756.68 8136.04 
8193.81 1459.68 7629.9 351.955 0.410256 7889.41 8170.09 
7984.2 1440.99 7644.12 352.456 0.410256 8007.56 8273.06 
7912.31 1414.24 7611.36 352.676 0.410256 7981.77 8361.71 
7810.57 1336.31 7639.03 352.624 0.435897 7978.33 8258.48 
7700.96 1337.9 7549.72 350.324 0.435897 8012.57 8214.08 
7590.76 1325.93 7576.7 350.49 0.461538 8132.05 8354.59 
7610.18 1348.23 7640.18 346.871 0.461538 8120.7 8055.97 
7715.13 1391.35 7562.36 346.234 0.487179 7961.57 8019.65 
7887.08 1432.02 7554.79 344.304 0.487179 7969.77 8119.54 
7662.71 1474.48 7541.7 347.103 0.461538 7986.08 8175.68 
7675.8 1521.75 7590.93 348.464 0.461538 8077.56 8462.33 
7790.93 1522.73 7553.9 350.332 0.461538 8088.79 8515.14 
7418.03 1511.31 7672.08 352.084 0.487179 8188.76 8782.79 
7158.8 1531.6 7584.99 351.525 0.487179 8435.27 8810.73 
6852.56 1577.8 7580.28 348.605 0.487179 8449.35 8758.92 
6264.22 1679.93 7433.06 344.04 0.487179 8385.62 8613.09 
6007.84 1771.51 7296.65 336.732 0.512821 8423.44 8479.76 
5810.76 1796.88 7290.78 332.763 0.512821 8369.68 8512.88 
5732.71 1820.48 7519.05 341.129 0.487179 8568.34 8559.4 
5641.57 1829.99 7501.89 339.569 0.487179 8529.36 8627.85 
5462.02 1833.76 7462.99 338.573 0.461538 8499.16 8564.33 
5449.21 1828.96 7435.35 342.609 0.435897 8487.93 8290.09 
5321.16 1823.05 7501.42 335.837 0.461538 8500.51 8129.53 
5270.64 1789.97 7478.44 336.907 0.461538 8574.58 8142.92 
5281.19 1766.87 7654.84 337.215 0.461538 8496.75 8182.93 
5262.68 1613.87 7580.28 335.339 0.487179 8510.82 8093.86 
5226.78 1577.75 7479.92 331.451 0.487179 8633.49 7954.93 
5196.32 1612.12 7485.81 332.84 0.487179 8709.39 7982.93 
5187.57 1645.26 7464.34 330.941 0.512821 8793.2 8048.96 
5167.91 1604.41 7490.55 329.283 0.512821 8783.32 8117.91 
5131.09 1607.43 7344.13 333.416 0.487179 8647.78 8049.62 
5052.47 1612.95 7310.07 334.308 0.487179 8735.49 7966 
5084.58 1610.26 7250.28 338.487 0.461538 8668.47 7932.45 
5055.03 1617.93 7311.62 339.057 0.435897 8583.09 7860.38 
5020.92 1613.33 7307.39 338.261 0.461538 8634.69 7777.41 
5050.09 1630.8 7395.38 335.252 0.487179 8827.4 7802.37 
5347.33 1604.45 7437.95 336.837 0.487179 8903.9 7803.94 
5894.28 1562.47 7503.26 336.55 0.487179 8932.9 7752.66 
6188.66 1560.73 7510.82 334.732 0.487179 9152.72 8101.26 
6165.03 1553.98 7613.13 339.625 0.487179 9015.09 8014.92 
6455.63 1645.78 7663.67 342.475 0.487179 8991.33 8052.26 
6468.4 1624.56 7626.57 341.381 0.487179 8938.4 8123.59 
6627.95 1627.57 7501.74 339.945 0.512821 8843.83 7937.43 
6609.71 1599.3 7485.27 336.285 0.512821 8819.94 7872.19 
6627.62 1591.48 7431.29 342.672 0.461538 8732.9 7836.98 
6593.75 1593.71 7297.02 346.706 0.435897 8716.44 7766.9 
6535.1 1581.13 7293.19 352.809 0.435897 8540.32 7683.9 
6545.4 1566.5 7319.3 350.98 0.435897 8467.11 7730.84 
6543.6 1570.96 7403.52 351.809 0.435897 8599.65 7819.89 
6553.69 1555.43 7364.83 362.53 0.384615 8495.83 7775.39 
6563.57 1543.59 7356.17 355.748 0.410256 8483.67 7783.68 
6457.19 1535.96 7480.95 352.536 0.410256 8689.2 8386.57 
6644.03 1490.06 7537.8 353.335 0.410256 8613.33 8061.65 
6234.58 1501.79 7459.2 358.881 0.384615 8483.87 7914.16 
6033.42 1465.05 7565.85 349.516 0.410256 8533.35 7932.48 
5941.44 1374.48 7642.61 352.806 0.410256 8569.09 7934.9 
5853.6 1389.49 7638.34 357.439 0.410256 8493.89 7881.32 
5800.42 1380.01 7812.77 360.296 0.410256 8338.95 8020.41 
5759.1 1379.91 7855.08 357.459 0.410256 8411.57 8089.33 
5800.09 1376.14 7789.28 351.156 0.410256 8321.16 8057.35 
5804.17 1374.21 7843.89 346.831 0.410256 8351.69 8059.97 
5932.73 1348.91 7886.22 349.323 0.384615 8415.59 7990.55 
5989.48 1341.2 7955.66 351.959 0.384615 8374.58 7907.18 
6147.36 1349.11 7900.76 351.674 0.410256 8353.96 7872.94 
6292.79 1319.23 7856.87 353.073 0.384615 8186.56 7828.39 
6463.09 1318.61 7796.85 347.629 0.410256 8136.16 7769.05 
6655.1 1318.34 7964.51 356.076 0.358974 8366.98 8426.51 
6714.25 1330.82 7790.8 366.054 0.333333 8007.17 7999.5 
6732.74 1374.19 7819.66 359.842 0.358974 8018.03 7990.89 
6678.23 1398.37 7862.1 358.181 0.358974 8069.92 7982.62 
6633.86 1407.25 7911.93 357.071 0.358974 8078.42 7887.06 
6598.84 1415.79 7980.53 352.475 0.384615 8125.51 7996.18 
6534.23 1430.37 8125.28 353.97 0.358974 8211.89 8256.86 
6637.01 1404.03 8118.09 355.233 0.358974 8154.18 8137.86 
6721.46 1415.02 8046.33 355.808 0.358974 8176.15 8004.08 
7358.45 1286.13 8239.43 355.968 0.358974 8234.22 8183.23 
7890.9 1303.52 8219.47 356.659 0.358974 8317.35 8206.2 
7868.38 1302.87 8235.29 355.069 0.358974 8358.38 8189.99 
7906.5 1283.71 8274.61 356.954 0.358974 8383.18 8154.1 
7762.43 1259 8240.37 354.513 0.358974 8424.67 8173.02 
7469.06 1249.08 8222.71 360.659 0.333333 8304.25 8082.42 
6893.65 1250.33 8220.71 361.153 0.333333 8305.42 8091.78 
6952.54 1258.72 8185.62 358.99 0.358974 8320.61 8057.98 
7001.27 1262.2 8216.43 352.708 0.384615 8314.41 8077.06 
6975.12 1235.36 8177.81 355.64 0.384615 8491.76 8269.31 
7036.76 1065 8154.31 357.714 0.358974 8526.47 8274.88 
7053.08 1075.7 8136.62 357.327 0.358974 8507.88 8300.03 
7065.04 1080.03 8142.88 355.98 0.358974 8390.69 8279.15 
7102.14 1050.5 8151.06 359.041 0.358974 8402.32 8243.75 
7109.53 1045.51 8167.98 359.379 0.358974 8399.9 8293.85 
7078.04 1071.44 8329.82 365.081 0.333333 8446.15 8338.87 
7133.26 1081.19 8349.53 361.722 0.333333 8424.78 8307.24 
7046.32 1114.82 8344.21 360.805 0.333333 8400.61 8334.3 
7058.42 1129.81 8450.49 358.924 0.358974 8494.88 8417.63 
7040.85 1130.55 8487.75 357.413 0.358974 8456.22 8532.42 
7029.14 1139.53 8500.29 357.655 0.358974 8414.35 8607.16 
6963.66 1251.44 8513.44 360.723 0.358974 8437.37 8618.34 
6878.19 1282.91 8495.12 360.346 0.358974 8416.15 8633.32 
6869.18 1302.44 8491.13 359.981 0.358974 8412.2 8672.8 
6840.39 1320.87 8462.82 359.902 0.358974 8432.63 8705.55 
6809.66 1346.16 8431.15 360.187 0.358974 8439.87 8693.43 
6764.93 1360.03 8432.25 361.765 0.358974 8423.35 8663.21 
6755.17 1389.5 8430.39 363.783 0.358974 8432.15 8642.68 
6755.08 1394.44 8448.63 363.595 0.358974 8364.09 8611.19 
6806.43 1426.71 8424.11 363.295 0.358974 8313.45 8618.05 
6857.97 1425.19 8388.54 362.774 0.358974 8266.06 8579.89 
6866.06 1427.78 8408.51 362.167 0.358974 8279.43 8587.5 
6938.05 1432 8460.06 363.457 0.358974 8326.22 8577.14 
6944.29 1457.91 8472.56 371.237 0.358974 8287.1 8551.02 
6969.2 1442.4 8513.15 371.273 0.358974 8251.58 8568.59 
8988.75 1503.74 8464.87 377.716 0.358974 8245.67 8298.61 
9175.52 1448.25 8482.53 377.245 0.358974 8253.46 8271.48 
9242.55 1536.22 8485.7 376.509 0.358974 8307.61 8324.37 
8788.78 1491.93 8571.31 376.053 0.358974 8488.24 8506.65 
8891.16 1527.9 8580.79 372.262 0.384615 8415.67 8476.52 
8966.99 1630.26 8619.02 369.559 0.384615 8396.36 8504.06 
8446.02 1701.77 8698.97 370.261 0.384615 8407.19 8539.73 
8403.36 1681.37 8952.25 365.594 0.384615 8397.46 8565.1 
8454.38 1743.96 8993.35 365.216 0.384615 8446.64 8588.49 
8319.24 1731 9013.28 361.359 0.384615 8417.63 8575.54 
8244.4 1851.72 9067.56 362.043 0.410256 8441.6 8643.78 
8135.51 1812.94 9051.34 369.891 0.384615 8410.81 8524.62 
8078.69 1857.47 9096.09 370.746 0.384615 8430.63 8488.46 
8001.23 1884.87 9069.54 369.971 0.384615 8474.14 8484.77 
7995.27 1879.41 9105.01 362.273 0.410256 8552.68 8410.62 
8019.21 1873.27 9112.34 362.702 0.410256 8568.99 8397.61 
8230.09 1878.15 9018.72 362.56 0.410256 8362.26 8430.35 
8245.36 1864.32 9007.37 361.863 0.384615 8305.64 8369.21 
8339.31 1866.75 9077.96 362.364 0.384615 8293.16 8173.32 
8327.89 1805.7 9128.96 360.254 0.384615 8275.21 8148.34 
7983.08 1887.31 9165.94 363.293 0.384615 8252.32 8219.79 
7854.52 1908.33 9209.29 362.688 0.384615 8282.97 8322.98 
7688.27 1907.92 9168.34 363.212 0.384615 8289.03 8390.35 
7620.18 1900.86 9113.25 362.874 0.384615 8241.17 8354.37 
7605.35 1878.17 9078.54 362.122 0.384615 8217.03 8369.12 
7551.18 1870.78 9087.77 363.016 0.384615 8219.62 8376.15 
8159.78 1917.64 9028.8 363.423 0.384615 8157.25 8348.86 
8478.17 1836.44 8992.53 372.727 0.358974 8045.43 8247.07 
9742.03 1803.9 8947.34 368.252 0.358974 7988.37 8155.04 
9739.18 1716.12 8954.14 366.174 0.384615 8105.54 8108.3 
9715.23 1738.04 8827.72 365.255 0.384615 8164.9 8132.92 
9756.42 1585.71 8838.64 364.406 0.384615 8205.23 8043.45 
9728.81 1509.09 8829.4 366.377 0.384615 8250.61 7993.18 
9675.7 1540.56 8823.71 367.287 0.384615 8213.06 7923.63 
9603.47 1548.75 8808.83 368.653 0.384615 8221.04 7950.1 
9522.8 1407.86 8809.78 368.544 0.384615 8193.37 7910.51 
9551.37 1392.31 8818.8 367.953 0.384615 8182.67 7905.34 
9546.29 1412.6 8805.58 367.32 0.384615 8178.35 7829.47 
9479.85 1395.99 8763.7 367.367 0.384615 8190.11 7789.46 
9414.96 1407.89 8830.11 366.503 0.384615 8357.51 7987.79 
9388.92 1379.5 8779.62 374.15 0.358974 8318.69 7761.5 
9377.71 1370 8805.23 367.097 0.358974 8305.94 7772.32 
9341.1 1378.74 8852.73 366.525 0.384615 8322.25 7760.81 
9407.42 1387.19 8845.93 368.576 0.384615 8349.23 7766.21 
9497.74 1410.12 8848.27 370.657 0.384615 8299.52 7794.43 
9522.05 1427.49 8892.38 371.244 0.358974 8279.91 7796.82 
9522.49 1488.52 8903.72 369.846 0.410256 8221 7792.28 
9312.64 1528.66 8906.79 368.585 0.358974 8061.87 7779.92 
9348.79 1547.57 8909.56 370.711 0.358974 8025.02 7771.33 
9363.71 1568.3 8908.41 367.671 0.384615 8048.75 7740.78 
9378.39 1560.89 8881.61 367.571 0.384615 8049.1 7707.26 
9449.92 1547.77 8916.51 366.253 0.410256 8090.66 7733.87 
9406.71 1551.95 8874.27 364.974 0.410256 8071.65 7657.07 
9428.08 1531.54 8841.4 362.653 0.410256 8038.71 7624.45 
9490.28 1504.7 8846.67 369.246 0.384615 8014.41 7566.86 
9459.76 1478.63 8903.63 372.269 0.358974 8049.29 7561.77 
9553.1 1472.28 8900.27 371.993 0.358974 8063.23 7544.85 
9571.93 1447.2 8935.5 371.988 0.384615 8073.95 7506.69 
9582.03 1428.68 8979.78 369.808 0.384615 8088.67 7497.83 
9633.65 1306.13 9171.16 373.145 0.333333 8148.06 7720.7 
9710.63 1311.56 9121.04 374.225 0.333333 7984.4 7604.29 
9693.36 1297.26 9117.4 374.374 0.333333 7969.26 7617.07 
9692 1232.14 9169.13 374.415 0.333333 7989.23 7617.83 
9640.58 1201.37 9113.47 376.517 0.333333 7926.24 7571.22 
9686.43 1188.85 9084.91 375.163 0.333333 7807.4 7493.16 
9560.14 1154.55 9027.92 375.104 0.333333 7737.55 7448.11 
9508.33 1154.02 9133.78 377.158 0.333333 7725.79 7513.65 
9364.88 1102.5 9102.21 375.569 0.358974 7774.97 7566.48 
8939.15 1071.14 9081.44 375.588 0.333333 7781.58 7660.98 
8868.37 1061.92 9029.5 382.099 0.333333 7703.53 7486.94 
8598.21 1064.85 9039.61 390.661 0.282051 7680.31 7452.56 
8548.51 1059.02 9025.96 384.16 0.307692 7673.32 7479.4 
8409.11 1041.82 9147.8 375.286 0.358974 7735.74 7603.13 
8303.38 1043.06 9249.47 377.644 0.358974 7769.19 7660.94 
8397.21 1038.87 9118.7 375.514 0.358974 7700.64 7647.61 
8371.51 1058.74 9088.32 371.15 0.358974 7723.75 7616.75 
8213.32 1081.89 9155.66 371.325 0.358974 7721.35 7668.79 
8099.81 1081.83 9216.89 375.588 0.333333 7577.66 7823.19 
8054.67 1093.11 9283.85 379.889 0.333333 7697.68 7933.3 
8022.68 1097.8 9405.3 379.646 0.333333 7718.88 7898.27 
8006.52 1094.85 9385.31 381.174 0.333333 7772.65 7946.67 
8012.68 1121.1 9337.52 386.4 0.307692 7759.07 7948.36 
7999.19 1114.38 8970.97 394.561 0.282051 7551.96 7650.86 
8001.61 1123.52 8987.85 386.132 0.307692 7565.06 7635.73 
8176.54 1135.29 9035.76 385.983 0.282051 7688.66 7902.97 
8623.18 1151.61 9129.03 385.682 0.25641 7968.45 8143.58 
8700.33 1153.57 9293.98 391.043 0.25641 7941.19 8066.2 
8666.17 1135.69 9391 394.834 0.25641 7940.13 7901.16 
9488.51 1135.86 9371.52 391.835 0.25641 7907.72 7893.44 
9465.24 1164.38 9219.32 390.277 0.282051 7944.12 7837.4 
9593.89 1173.98 9132.8 389.535 0.282051 7935.17 7753.5 
9716.57 1167.12 9070.63 388.464 0.282051 7909.65 7726.84 
8763.31 1372.21 9064.59 386.076 0.282051 7852.67 7738.93 
9426.26 1535.46 9002.93 383.461 0.282051 7731.99 7523.98 
9544.36 1560.28 8963.58 383.973 0.25641 7599.06 7437.52 
10462.6 1778.95 8778.45 385.755 0.230769 7529.03 7348.12 
10445.2 2013.86 8774.16 386.072 0.230769 7522.89 7413.29 
10430.6 2011.26 8781.04 386.069 0.230769 7512.97 7402.9 
10461.8 2025.73 8730.72 383.055 0.230769 7523.92 7362.08 
10431.8 2035.62 8719.51 384.705 0.230769 7554.3 7389.68 
10418.2 2006.65 8713.13 385.721 0.25641 7568.36 7408.46 
10411.5 2014.81 8737.6 385.263 0.25641 7574.31 7319.2 
10403.4 2023.98 8724.27 385.364 0.25641 7559.02 7325.71 
10408.1 2062.2 8698.29 384.843 0.25641 7474.02 7349.06 
10383.1 2111.68 8688.48 384.783 0.25641 7424.34 7324.64 
10404.6 2121.8 8668.27 385.651 0.25641 7382.46 7313.12 
10501 2174.1 8598.12 385.755 0.25641 7323.79 7269.03 
10452.5 2160.7 8624.99 386.061 0.25641 7326.52 7236.34 
10897.5 2206.23 8547.48 382.717 0.25641 7321.06 7068.75 
11071.2 2209.03 8530.56 380.477 0.282051 7301.14 7035.16 
11029.9 2170.93 8514.54 379.394 0.282051 7304.32 6990.82 
11067 2193.84 8512.66 379.559 0.282051 7270.16 6978.44 
11125.2 2168.46 8521.07 379.381 0.282051 7284.42 7021.84 
11189.6 2174.36 8485.33 379.768 0.282051 7318.74 7013.52 
11196.2 2167.72 8507.33 383.145 0.25641 7343.4 7040.47 
11220.5 2161.32 8512.23 384.374 0.25641 7355.46 7067.99 
11214.2 2199.03 8534.25 384.897 0.25641 7373.46 7075.36 
11229.9 2202.73 8534.64 389.738 0.25641 7384.26 7135.45 
11408.6 2208.43 8498.65 389.463 0.230769 7391.38 7126.2 
11443.6 2217.04 8440.7 388.976 0.230769 7369.62 7117.22 
11636.2 2228.42 8367.15 390.186 0.230769 7306.24 7071.88 
11784.7 2203.13 8366.35 387.474 0.25641 7345.86 7057.15 
11814.1 2205.88 8343.67 384.202 0.25641 7337.76 7046.77 
12025.3 2178.69 8397.16 384.316 0.25641 7301.7 7093.41 
12809.2 2208.07 8305.05 384.965 0.25641 7031.23 7025.4 
12806.4 2166.35 8288.35 382.897 0.307692 6953.14 7083.1 
12875.9 2159.12 8291.14 382.346 0.307692 6936.7 7065.89 
12924.2 2157.16 8257.76 381.279 0.282051 6945.06 7039.03 
13139.9 2151.19 8289.72 380.992 0.282051 6929.27 7030.89 
13236.4 2143.88 8205.09 380.942 0.282051 6963.07 7028.1 
13261.5 2139.97 8129.27 380.863 0.333333 6941.7 7064.39 
13510.3 2126.57 8108.55 379.845 0.333333 6953.43 7074.35 
13596 2124.95 7848.74 376.08 0.307692 6913.03 7081.52 
13330.1 2092.9 7823.51 375.864 0.307692 6873.65 7048.47 
11760 2147.03 7874.74 376.787 0.307692 6931.71 7070.95 
11729.4 2134.44 7827.99 376.729 0.307692 6922.5 7036.42 
11523.9 2133.06 7757.26 375.538 0.307692 6899.2 7033.49 
11388.9 2131.2 7769.72 375.6 0.307692 6891.75 7027.3 
11309.2 2139.91 7746.6 376.587 0.307692 6869 6962.21 
11240.1 2139.4 7757.12 376.847 0.307692 6858.91 6967.05 
11165.8 2159.2 7755.98 377.321 0.307692 6853.24 6984.4 
11440.6 2199.96 7687.19 377.884 0.282051 6664.32 6795.56 
11605.4 2240.33 7547.26 376.398 0.282051 6584.4 6635.15 
11559.1 2254.43 7540.25 376.006 0.282051 6596.23 6647.39 
13211.6 2269.7 7480.03 374.55 0.282051 6471.82 6578.45 
13206.5 2277.34 7375.24 375.813 0.282051 6581.74 6422.13 
13300.7 2285.48 7382.13 380.197 0.25641 6590.69 6438.39 
13275.5 2274.55 7379.59 380.822 0.25641 6579.73 6394.02 
13284.2 2273.13 7391.86 381.353 0.25641 6573.47 6385.29 
13323.7 2290.11 7391.73 375.804 0.282051 6546.91 6387.3 
13605.4 2307.47 7399.2 375.178 0.282051 6583.38 6409.07 
13769.7 2305.12 7393.2 374.478 0.282051 6546.72 6421.04 
13787.7 2315.9 7375.33 374.801 0.282051 6531.59 6362.18 
14160.5 2372.69 7388.63 373.844 0.282051 6492.43 6347.78 
14005.6 2492.6 7423.57 373.476 0.307692 6487.33 6380.02 
13974.2 2508.19 7459.7 373.941 0.307692 6459.66 6423.57 
13997.1 2514.16 7424.44 375.551 0.307692 6422.98 6425.34 
13992.4 2597.03 7464.59 371.553 0.333333 6370.87 6444.03 
13971.6 2643.79 7465.3 369.842 0.333333 6373 6458.57 
14275.1 2662.42 7371.34 366.749 0.333333 6265.46 6372.7 
14269 2686.86 7323.12 362.426 0.358974 6258.11 6333.31 
14224.1 2723.31 7366.18 362.115 0.358974 6303.68 6352.23 
14225.6 2711.36 7354.12 367.091 0.333333 6268.12 6315.01 
14208.9 2705.19 7293.67 358.298 0.358974 6258.7 6298.43 
13630.1 2608.86 7358.29 357.725 0.384615 6347.31 6307.99 
13669.1 2363.67 7388.24 356.052 0.384615 6353.96 6339.25 
13649.6 2368.25 7414.28 357.654 0.384615 6445.4 6398.25 
13658.4 2358.17 7457.64 358.649 0.358974 6456.05 6432.93 
13808.2 2273.25 7496.72 357.653 0.384615 6469.21 6495.01 
13969.2 2213.27 7501.23 357.472 0.384615 6463.47 6521.82 
13971.4 2200.71 7554.07 356.306 0.384615 6498.96 6719.48 
14010.7 2186.4 7546.84 358.823 0.384615 6435.97 6746.66 
14014.7 2191.22 7507.61 363.609 0.384615 6435.32 6699.16 
14219.4 2030.65 7489.11 364.603 0.358974 6395.24 6719.31 
14204 2020.46 7515.58 366.384 0.333333 6438.55 6755.64 
14246.1 2007.32 7445.25 366.568 0.358974 6491.09 6694.61 
13968.2 1941.97 7412.75 359.093 0.384615 6553.71 6955.84 
13949 1917.2 7420.59 358.243 0.384615 6586.83 6987.79 
13931.8 1913.48 7500.51 358.07 0.384615 6629.36 6998.72 
13957.5 1913.93 7582.99 356.75 0.384615 6587.65 7005.43 
13837.1 1950.19 7541.28 355 0.384615 6474.32 7024.58 
13714.1 1916.61 7576.39 357.128 0.384615 6467.98 7037.9 
13642.6 1924.27 7618.9 355.846 0.384615 6505.51 7129.11 
13640.1 1906.47 7632.52 356.261 0.384615 6484.54 7093.82 
13887 1950.08 7583.13 353.644 0.384615 6307.53 7036.97 
13838.2 1924.25 7546.88 354.397 0.384615 6293.24 7014.82 
13864 1910.72 7657.57 357.108 0.384615 6302.06 6951.33 
13892.5 1864.58 7674.44 357.88 0.384615 6314.4 6991.79 
13848.9 1822.47 7722.68 361.213 0.358974 6402.94 7048.85 
14827.7 1835.59 7372.34 361.751 0.358974 6188.08 6855.5 
14743.9 1826.88 7372.33 365.476 0.358974 6060.88 6927.81 
14762.7 1793.12 7413.82 362.334 0.358974 6107.28 6957.53 
14604.8 1826.74 7545.16 359.193 0.358974 6109.72 6935.42 
14498.7 1839.68 7390.46 352.998 0.384615 6119.38 6801.55 
14500.7 1886.08 7406.84 353.8 0.384615 6168.83 6698.87 
14489.9 1861.26 7290.13 351.738 0.384615 6130.64 6683.99 
14448.4 1753.95 7127.57 359.452 0.358974 5946.27 6410.78 
14945 1874.08 7114.85 353.651 0.384615 5956.6 6392.49 
15242.3 1726.14 7115.42 354.425 0.384615 5955.05 6381.14 
15025.2 1695.48 7160.25 351.541 0.410256 6013.24 6445.07 
14433.6 1706.89 7127.84 355.451 0.384615 5991.7 6564.17 
14335.8 1705.6 7213.66 355.881 0.384615 6128.19 6587.03 
14291.2 1699.97 7162.07 362.634 0.358974 6042.68 6564.74 
14241.4 1684.11 7221.35 356.122 0.384615 6084.85 6591.65 
13988.6 1664.08 7219.8 356.142 0.358974 6087.81 6596.32 
14162.8 1953.75 7234.32 353.409 0.410256 6076.28 6572.9 
14140 1955.13 7231.55 351.542 0.435897 6228.35 6643.7 
14013.1 1954.08 7188.12 349.548 0.435897 6312.77 6579.88 
13943.8 1961.62 7271.76 353.449 0.461538 6266.5 6679.55 
13944.7 1949.13 7207.1 362.137 0.435897 6142.93 6567.72 
13959.9 1962.08 7266.05 352.312 0.435897 6151.3 6629.07 
13961.9 1948.88 7315.96 351.215 0.435897 6224.38 6679.91 
13986.1 1953.17 7314.75 350.372 0.435897 6176.32 6646.4 
12332.4 1977.41 7325.77 341.716 0.461538 6146.72 6704.83 
12347 1886.33 7138.97 346.885 0.410256 5889.84 6725.74 
12941.9 1724.98 7219.18 348.74 0.410256 5921.47 6746.27 
12904.8 1720.18 7142.79 348.358 0.410256 5914.18 6825.2 
13782.2 1711.3 7016.2 348.75 0.410256 5789.17 6647.31 
13442.8 1723.42 7067.15 353.5 0.384615 5802.25 6705.33 
13738 1719.81 6853.19 358.446 0.358974 5724.48 6610.62 
14509.6 1709.66 6809.58 363.107 0.358974 5846.87 6925.13 
14184.2 1731.42 6713.2 358.188 0.384615 6043.53 6847.43 
14183.2 1728.82 6764.22 362.465 0.333333 6378.42 6960.76 
14137.1 1684.8 6768.47 362.55 0.358974 6219.77 6981.08 
14150.7 1678.19 6790.45 361.135 0.358974 6213.81 6852.69 
14135 1745.46 6861.89 363.43 0.333333 6040.05 6569.32 
15263.6 1782.48 6849.62 365.595 0.333333 6032.03 6458.81 
15273.5 1798.15 6687.96 365.21 0.358974 6177.56 6544.29 
15268 1793.56 6682.29 372.377 0.333333 6183.91 6447.72 
15245.7 1792.81 6717.34 373.468 0.333333 6177.11 6495.82 
15240.4 1801.39 6761.62 366.285 0.358974 6159.97 6495.18 
15041.9 1818.21 6851.49 367.171 0.358974 6321.43 6566.42 
15015.1 1824.07 6841.37 367.686 0.358974 6308.89 6551.96 
14644.6 1794.89 6878.85 373.997 0.333333 6315.8 6584.32 
14643.5 1803.53 6886.79 369.299 0.333333 6308.88 6560.4 
14630 1817.23 6865.61 368.635 0.333333 6341.41 6539.62 
14648.4 1817 6810.57 367.571 0.358974 6322.19 6523.42 
14649.9 1828.21 6807.45 367.676 0.358974 6315.27 6515.43 
14758.3 1843.48 6823.22 361.489 0.384615 6328.04 6470.07 
14747.8 1825.49 6833.36 359.95 0.384615 6453.92 6491.4 
14729.8 1827.35 6850.47 361.947 0.384615 6482.27 6548.43 
14770.1 1887.23 6816.41 362.161 0.384615 6451.78 6498.26 
14613.3 1898.86 6814.14 363.509 0.384615 6449.46 6490.35 
13357 1989.66 6724.23 361.983 0.384615 6533.3 6493.87 
13296.2 2013.03 6709.37 362.045 0.358974 6504.56 6499.95 
13220.3 2001.85 6653.11 367.467 0.333333 6444.84 6431.07 
13274.8 1966.76 6616.59 370.274 0.333333 6359.12 6390.71 
13348.3 1957.29 6609.57 371.141 0.307692 6305.16 6371.77 
13424.8 1924.22 6584.74 375.402 0.307692 6333.64 6364.68 
13487.2 1918.38 6556.84 375.96 0.307692 6330.84 6369.96 
13461.5 1883.67 6558.67 380.42 0.282051 6343.84 6349.32 
13495.4 1819.86 6679.74 380.807 0.282051 6642.62 6693.29 
13528 1818.54 6732.02 386.098 0.25641 6534.75 6554.15 
13584.4 1855.27 6774.9 387.444 0.25641 6538.44 6538.94 
13666.6 1828.69 6708.44 385.729 0.282051 6438.99 6433.06 
13591.8 1813.23 6750.22 385.64 0.307692 6460.05 6489.58 
13634.1 1806.13 6806.34 384.425 0.307692 6516.62 6527.99 
13611 1787.57 6805.91 382.974 0.307692 6505.02 6561.77 
13599.4 1787.47 6786.21 383.941 0.282051 6503.28 6555.85 
13565.3 1801.36 6731.14 382.771 0.282051 6496.6 6580.99 
14259.6 1871.47 6660.48 380.114 0.333333 6353.69 6428.5 
14255.2 1871.18 6615.42 379.152 0.333333 6262.92 6386.8 
14155 1866.62 6628.62 381.745 0.307692 6269.33 6467.19 
14102.3 1836.23 6570.99 381.203 0.333333 6265.27 6425.9 
12621.5 1837.11 6760.63 387.35 0.307692 6383.18 6556.95 
12603.5 1818.16 6755.14 385.755 0.307692 6368.69 6564.54 
12604 1807.9 6753.22 387.596 0.282051 6339.91 6575.14 
12555.7 1814.52 6740.83 385.441 0.282051 6334.96 6542.67 
12505.2 1814.36 6755.91 381.231 0.282051 6332.19 6627.88 
12487.8 1795.83 6744.61 376.251 0.333333 6305.31 6634.35 
12484.7 1796.13 6772.91 375.492 0.333333 6387.77 6712.21 
12468.8 1831.04 6798.8 371.17 0.333333 6361.26 6776.98 
12457.6 1842.21 6742.95 384.218 0.282051 6266.86 6672.58 
12397.2 1841.97 6806.36 381.598 0.307692 6404.01 6722.4 
12409.7 1847.15 6820.16 375.768 0.333333 6447.34 6650.26 
12410.4 1860.09 6840.44 373.621 0.333333 6442.61 6652.57 
12442 1860.96 6863.24 375.777 0.307692 6533.4 6650.95 
12435.1 1851.54 6974.68 378.622 0.282051 6622.31 6426.54 
12709.4 1862.02 6901.17 380.88 0.282051 6505.3 6355.52 
12564.3 1792.91 6879.19 382.047 0.282051 6421.73 6297.34 
12540.9 1761.3 6840.86 391.267 0.282051 6436.2 6313.56 
12527 1728.14 6886.02 393.997 0.282051 6590.34 6422.5 
12479.4 1457.65 6846.68 396.015 0.282051 6549.75 6358.24 
12478.7 1459.43 6927.27 390.963 0.282051 6576.39 6361.59 
12493.6 1327.54 6958.27 389.29 0.282051 6594.9 6358.05 
12459.9 1287.14 6971.42 389.206 0.282051 6630.15 6428.86 
12402.8 1254.33 6965.99 386.412 0.307692 6602.14 6479.48 
12279.1 1184.74 6902.32 384.982 0.282051 6548.76 6363.23 
12731.5 1173.27 6910.51 374.361 0.333333 6553.35 6380.51 
12325.8 1056.82 6864.34 382.055 0.307692 6559.49 6487.96 
12319.3 1062.74 6826.78 385.948 0.282051 6569.56 6313.19 
12451.6 1143.66 6864.54 373.514 0.307692 6568.29 6348.96 
12420.1 1146.56 6947.21 372.879 0.307692 6605.19 6505.99 
12346.7 1231.91 6895.8 383.328 0.25641 6662.33 6521.65 
12330.7 1228.64 6728.57 398.61 0.205128 6515.25 6265.78 
12764 1364.94 6694.75 383.995 0.282051 6524.26 6225.29 
12615.5 1273.44 6637.43 384.632 0.282051 6385.07 6213.47 
12658.8 1213.41 6717.45 377.341 0.307692 6478.61 6225.15 
12471.8 1125.92 6775.51 377.666 0.307692 6488.18 6223.64 
12506.4 1170.41 6711.53 366.321 0.333333 6434.43 6108.86 
12890.1 1217.24 6723.71 370.116 0.333333 6405.94 6156.91 
12845.4 1134.15 6737.99 374.117 0.333333 6355.59 6180.36 
13264.8 1193.32 6605.5 375.675 0.307692 6385.25 6178.19 
13307.9 1279.47 6374.39 374.118 0.307692 6270.4 6080.75 
13004.5 1223.57 6482.22 379.9 0.307692 6340.43 6238.7 
12995.6 1282.69 6228.68 381.778 0.25641 6170.63 6121.36 
13537.5 1343.28 6220.93 380.88 0.25641 6150.01 6000.82 
14222.9 1436.69 6109.3 381.187 0.25641 5988.92 5856 
14085.1 1439.28 6069.05 392.668 0.205128 5929.5 5850.93 
14499.5 1491.01 6045.09 396.086 0.179487 5905.56 5765.99 
15232.7 1613.69 5756.25 410.717 0.153846 5731.87 5563.15 
15825.3 1540.73 5796.18 395.896 0.179487 5720.08 5609.46 
16064.2 1572.55 5750.31 391.624 0.205128 5685.22 5481.61 
16283.5 1585.08 5745.41 389.467 0.205128 5629.2 5467.37 
18347.1 1910.31 5624.53 393.03 0.179487 5507.18 5385 
19611.7 2174.82 5570.56 399.11 0.153846 5470.05 5377.55 
22825.1 2552.67 4991.24 403.004 0.128205 5154.52 5067.39 
23168.6 2892.26 4997.32 402.487 0.128205 5044.54 5057.75 
25584.5 3142.96 4371.03 399.973 0.128205 4612.79 4668.7 
26183.7 3300.27 4325.28 402.318 0.128205 4612.28 4626.46 
26055.8 3344.97 4358.04 403.156 0.128205 4696.96 4787.45 
26733.1 3511.99 4300.88 396.522 0.153846 4707.19 4690.36 
28555.3 3737.9 3978.14 403.627 0.102564 4354.49 4460.49 
30598.1 4074.33 3601.99 403.587 0.102564 3967.18 4120.62 
32155.2 4567.9 3245.67 401.414 0.102564 3743.04 3889.17 
34219.6 4938.77 2951.44 400.995 0.102564 3438.96 3419.38 
36522.2 5349.68 2360.51 395.995 0.102564 3033.76 3099.39 
38613.2 5860.41 2033.26 398.757 0.0769231 2690.78 2832.58 
40688.4 6451.37 1855.69 394.13 0.102564 2336.84 2665.26 
44002.9 7050.94 1158.7 389.647 0.128205 1695.73 2064.36 
44462.2 7172.26 1154.48 391.017 0.102564 1697.37 2017.29 
44242.3 7300.45 1144.5 391.18 0.102564 1687.25 2012.52 
45627 7682.87 813.316 390.259 0.102564 1282.18 1661.24 
