995
48489.2 7637.54 734.094 450.789 0.108108 1896.18 704.361 
48665.8 7734.32 735.041 450.981 0.108108 1995.09 738.296 
48368.1 7912.1 747.586 451.068 0.108108 2078.1 779.294 
48162 8021.3 749.284 450.44 0.108108 2030.91 784.536 
47987 8174.42 751.074 450.816 0.108108 1951.82 788.433 
49442.9 8590.93 685.438 451.31 0.108108 1297.62 684.276 
49234.6 8765.72 694.888 452.116 0.108108 1358.79 707.675 
50514.7 9178.59 621.62 460.267 0.0540541 749.901 521.436 
50459.8 9341.46 624.088 465.177 0.0540541 754.231 523.726 
50316.7 9529.96 625.636 471.516 0.0540541 755.303 530.413 
49990 9721.43 627.614 471.939 0.0540541 759.316 534.097 
49746 9892.96 627.799 473.668 0.0540541 769.842 538.193 
49622 10025.7 617.755 471.073 0.0540541 771.096 538.285 
49462.3 10172.3 624.336 471.161 0.0540541 769.644 544.812 
49312.3 10504.4 628.17 470.45 0.0540541 771.532 533.396 
49196.7 10715.6 632.205 469.319 0.0540541 771.049 546.167 
49175.2 10953.7 631.497 470.028 0.0540541 772.052 545.87 
49786.2 10491.9 627.399 469.177 0.0540541 773.003 549.182 
49712.9 10608.3 631.075 469.219 0.0540541 770.898 557.666 
49735.2 10832.3 632.036 469.951 0.0540541 772.365 564.112 
50998.9 11254.1 521.394 471.661 0.0540541 656.663 543.276 
50884.3 11390 522.345 471.764 0.0540541 658.723 545.856 
50801.4 11317.3 525.382 472.857 0.0540541 661.708 557.276 
50653.4 11475.7 524.141 472.355 0.0540541 664.1 565.157 
50667.8 11627.6 525.322 472.868 0.0540541 665.594 582.449 
50518.9 11873.7 525.967 473.264 0.0540541 668.703 586.992 
50434.5 12062.9 532.76 473.645 0.0540541 671.776 602.637 
51261.7 12404 414.932 472.972 0.0540541 577.277 558.304 
50732 12271.3 408.503 473.314 0.0540541 573.472 541.975 
50778.5 12428.7 414.811 472.397 0.0540541 573.446 543.484 
50975.6 12653.4 415.182 473.861 0.0540541 571.978 544.597 
51069.1 12743.5 422.014 474.601 0.0540541 560.786 565.878 
51147.1 12920.6 432.154 475.022 0.0540541 556.319 590.961 
51076.8 13025.5 435.524 474.931 0.0540541 555.755 607.454 
51089.3 13043.9 432.586 476.153 0.0540541 561.222 605.922 
51395.7 12988.4 433.353 475.622 0.0540541 563.559 635.767 
50999.6 12673.4 422.013 476.704 0.0540541 550.936 608.366 
50998.2 12536.2 421.75 477.069 0.0540541 549.5 621.696 
51270.8 12530.4 427.427 476.991 0.0540541 544.272 661.871 
51590.4 12454 433.021 477.035 0.0540541 537.676 677.106 
51506.4 12208 431.552 478.148 0.0540541 553.219 672.082 
51735.7 12164.9 438.842 479.311 0.0540541 554.629 700.564 
50810.2 12296.7 413.641 479.51 0.0540541 525.924 593.708 
50590.9 12008.4 406.852 480.069 0.0540541 517.479 577.188 
50697.9 11976.9 401.038 480.596 0.0540541 511.505 567.818 
51161.1 12060.8 326.149 480.417 0.0540541 423.161 518.783 
51391.5 12064.6 330.987 479.998 0.0540541 420.63 548.803 
51622.5 12309.8 322.283 480.096 0.0540541 392.979 503.729 
51655.4 12359.4 329.332 481.031 0.0540541 399.693 528.652 
51346.7 12214.5 337.047 481.48 0.0540541 407.554 523.62 
51353.9 12023 334.204 480.683 0.0540541 414.37 520.82 
52102.9 11399.6 323.941 480.933 0.0540541 412.276 460.37 
51694.6 10825.1 318.027 480.26 0.0540541 412.909 456.35 
51702.8 10488.6 320.572 481 0.0540541 400.149 442.565 
51663 10451.4 325.996 480.814 0.0540541 406.286 465.977 
51638.1 10512.1 329.61 480.353 0.0540541 402.867 470.976 
51670 10465.8 326.888 480.187 0.0540541 412.479 463.562 
51756.4 10398.7 337.907 479.507 0.0540541 447.591 469.06 
51620.6 10420.2 346.412 478.817 0.0540541 446.029 472.502 
51730.2 10542.8 349.713 479.915 0.0540541 458.571 499.711 
51071.3 10617.7 348.103 480.981 0.0540541 418.938 461.592 
51144.2 10699.5 355.989 481.254 0.0540541 421.731 479.611 
50694.5 10756.3 349.791 478.385 0.0540541 416.339 462.994 
50727.9 10618.7 364.299 479.04 0.0540541 431.248 486.156 
50612.9 10552.2 381.672 473.322 0.0540541 447.093 501.711 
51289.8 10499.3 383.396 474.218 0.0540541 460.875 512.119 
51455.6 10467.1 392.161 475.69 0.0540541 469.499 525.317 
51905.9 10287.6 398.626 475.527 0.0540541 479.391 548.603 
52138.5 10251.2 427.865 476.661 0.0540541 506.667 573.604 
51752.2 10278.4 445.583 476.789 0.0540541 521.636 590.768 
51833 10099.2 445.542 475.418 0.0540541 527.335 564.61 
51777.8 10071.8 468.538 482.19 0.0540541 544.074 571.862 
50170.1 9570.18 472.895 470.99 0.0540541 529.244 554.789 
49335.1 9355.99 496.928 472.546 0.0540541 540.349 555.125 
49255.4 9353.68 522.314 471.679 0.0540541 571.358 586.363 
48697.3 8854.73 562.418 470.483 0.0540541 600.738 584.399 
48491.5 8373.76 597.084 470.432 0.0540541 639.538 566.807 
47812.9 8164.95 603.265 470.618 0.0540541 647.321 561.966 
47712.6 8051.07 682.559 472.894 0.0540541 738.113 601.148 
47996.2 7984.19 726.984 474.82 0.0540541 776.1 634.364 
48189.8 7901.48 772.169 481.087 0.0540541 810.958 681.318 
48175.6 7818.96 803.658 470.924 0.0540541 833.536 733.687 
48063.4 7756.14 814.236 471.753 0.0540541 848.259 751.293 
47705.6 7778.27 860.981 472.064 0.0540541 890.178 801.861 
47765.9 7688.25 924.483 472.333 0.0540541 911.652 844.993 
47461.2 7644.48 997.05 467.149 0.0540541 960.651 910.999 
46800.2 7508.01 1018.25 467.862 0.0540541 988.772 922.388 
46778.4 7146.14 1013 468.873 0.0540541 1000.85 918.468 
46580.5 7072.87 1033.54 458.9 0.0540541 1029.03 947.536 
46271.5 6886.11 1068.68 451.393 0.0540541 1073.84 982.672 
45786.9 6355.33 1085.46 452.114 0.0540541 1083.74 980.184 
45642.6 6296.6 1125.2 454.955 0.0540541 1119.05 1010.34 
45734 6184.11 1160.76 454.536 0.0540541 1122.51 1028.37 
44868.3 6032.22 1203.28 451.041 0.0540541 1140.77 1092.34 
44349.9 5959.48 1201.23 461.076 0.0540541 1141.05 1036.06 
43866.7 5982.2 1218.79 449.735 0.0540541 1121.72 1029.94 
43770.9 5959.55 1237.41 458.565 0.0540541 1130.86 1041.45 
43206.2 5991.06 1251.52 451.368 0.0540541 1140.08 1056.74 
43295.1 5964.86 1252.89 462.333 0.0540541 1142.94 1058.39 
42476.6 5899.09 1290.36 458.815 0.0540541 1151.5 1079.8 
42344.2 5846.83 1310.04 459.935 0.0540541 1170.83 1108.49 
41465.1 5808.57 1361.53 460.157 0.0540541 1212.19 1148.41 
40973.6 5739.45 1377.89 464.565 0.0540541 1236.98 1154.12 
41566.9 5690.82 1378.66 466.592 0.0540541 1240.8 1169.98 
41095.5 5655.88 1391.74 467.856 0.0540541 1264.33 1190.14 
41170 5480.73 1409.87 472.01 0.0540541 1274.33 1189.71 
40813.9 5355.69 1434.76 473.49 0.0540541 1280.33 1214.05 
40536.8 5256.67 1450.25 474.528 0.0540541 1287.44 1229.11 
40456 4880.94 1465.6 474.053 0.0540541 1299.27 1228.99 
40387.6 4852.27 1467.74 475.442 0.0540541 1315.45 1226.52 
40141.8 4818.71 1479.58 472.547 0.0540541 1319.92 1245.92 
39621.2 4788.98 1498.29 475.9 0.0540541 1326.47 1258.94 
39522.5 4823.49 1492.37 477.324 0.0540541 1332.39 1257.47 
39206.5 4768.34 1516.97 476.897 0.0540541 1346.45 1282.57 
38502.5 4481.55 1531.88 473.318 0.0540541 1353.47 1262.14 
38312.7 4464.2 1540.71 467.129 0.0540541 1388.38 1279.11 
38251.9 4442.48 1558.61 462.808 0.0540541 1393.43 1276.58 
38108.5 4486.62 1581.76 460.343 0.0540541 1381.45 1259.11 
38059.4 4448.72 1594.7 459.954 0.0540541 1416.75 1253.28 
38020.4 4440.11 1591.12 460.797 0.0540541 1399.82 1248.99 
37753.4 4440.01 1611.05 462.869 0.0540541 1396.77 1270.51 
36202.4 4677.21 1664.42 463.94 0.0540541 1418.02 1327.68 
35109.8 5476.43 1667.39 464.933 0.0540541 1420.2 1323.34 
34959.7 5458.25 1676.09 458.086 0.0540541 1433.33 1343.01 
34836 5385.07 1684.03 470.129 0.0540541 1445.54 1366.14 
34509.7 5458.44 1702.91 460.337 0.0540541 1454.61 1363.61 
33985.8 5478.77 1715.93 458.913 0.0540541 1471.39 1375.83 
33606.1 5496.93 1719.17 460.874 0.0540541 1486.9 1397.66 
33489 5408.33 1728.35 456.301 0.0540541 1499.14 1409.67 
33280.6 5364.75 1727.68 458.589 0.0540541 1510.75 1414.07 
32903.5 5399.57 1749.68 460.247 0.0540541 1499.19 1438.65 
32628.9 5348.06 1742.01 461.222 0.0540541 1499.75 1466.95 
32325.1 5573.47 1755.76 457.313 0.0540541 1518.24 1509.42 
32015.1 5587.12 1765.97 456.995 0.0540541 1539.26 1521.27 
31885.1 5592.53 1776.67 456.707 0.0540541 1559.13 1542.94 
31786.2 5575.77 1787.57 460.663 0.0540541 1570.57 1555.25 
31525.6 5458.47 1813.04 461.614 0.0540541 1589.95 1559.85 
31618.7 5449.65 1829.15 460.089 0.0540541 1615.12 1561.57 
31414.1 5411.09 1839.65 458.379 0.0540541 1635.89 1574.3 
30601.6 5384.16 2189.24 463.391 0.0540541 1847.26 1892.92 
30412.2 5359.28 2228.36 467.217 0.0540541 1912.04 1922.36 
30230.2 5313.96 2243.77 470.173 0.0540541 1944.93 1915.78 
29431.9 5102.84 2288.71 456.51 0.0540541 2257.19 1974.1 
29348 5082.84 2365.07 455.724 0.0540541 2334.71 2033.02 
29048.4 5090.49 2395.61 456.736 0.0540541 2364.72 2060.19 
28377.8 5578.01 2368.21 460.212 0.0540541 2344.94 2085.32 
28078.4 5555.8 2397.19 465.532 0.0540541 2378.49 2130.92 
28014.1 5490.81 2397.54 466.406 0.0540541 2401.72 2123.49 
27896.3 5394.57 2435.25 467.119 0.0540541 2443.61 2140.7 
27624.4 5369.39 2461.62 461.653 0.0540541 2467.46 2152.62 
27448.6 5267.18 2489.62 458.597 0.0540541 2538.77 2145.4 
26268.3 5261.73 2995.57 462.993 0.0540541 2924.85 2747.63 
26143.4 5141.11 2974.97 459.073 0.0540541 2920.83 2712.48 
26072.5 5111.46 2990.48 463.854 0.0540541 2905.01 2632.17 
25301.2 4965.57 3221.9 469.035 0.0540541 2960.49 2660.62 
25662.8 4955.79 3496.04 485.238 0.0540541 3089.83 2903.07 
25469.9 4915.8 3506.97 494.81 0.0540541 3020.77 2923.19 
25675.4 4801.76 3519.14 479.675 0.0540541 3008.36 2950.31 
25555 4763.33 3519.92 478.17 0.0540541 3037.41 2980.71 
25661.8 4634.27 3518.79 468.987 0.0540541 3175.7 3095.13 
25568.1 4599.62 3511.58 469.708 0.0540541 3228.07 3098.73 
25735.1 4578.74 3503.03 470.244 0.0540541 3446.58 3028.34 
25020.2 4192.96 3883.9 477.137 0.0540541 3792.04 3179.98 
24588.8 4106.23 4184.87 478.247 0.0540541 4007.89 3522.96 
24575.3 4043.51 4220.82 481.79 0.0540541 3807.46 3536.28 
24669.4 3997.49 4276.91 487.118 0.0540541 3773.12 3517.21 
24510.8 3970.55 4319.79 475.222 0.0540541 3810.38 3609.21 
24464.4 3987.58 4333.43 477.736 0.0540541 3875.94 3630.75 
24475.8 3963.31 4311.32 477.508 0.0540541 3856.62 3627.89 
24499.1 3942.23 4249.25 483.687 0.0540541 3700.12 3533.3 
24416.4 3923.38 4252.78 483.044 0.0540541 3640.81 3480.61 
24401.1 3925.94 4224.94 480.678 0.0540541 3634.55 3479.19 
24387.9 3905.77 4194.3 483.308 0.0540541 3633.98 3453.55 
24299 3894.05 4180.52 482.038 0.0540541 3657.02 3402.2 
23562 3872.48 4304.4 483.404 0.0540541 3773.14 3471.21 
23580.1 3859.47 4304.74 477.816 0.0540541 3769.98 3495.67 
23539 3870.46 4328.45 483.665 0.0540541 3802.75 3475.46 
23333.5 3870.02 4310.8 485.229 0.0540541 3830.61 3497.02 
24769.3 3907.94 4288.35 488.608 0.0540541 3831.06 3431.45 
23603.3 3217.01 4493.14 485.841 0.0540541 4187.51 3738.71 
23702.2 3234.43 4865.16 487.836 0.0540541 4457.35 4011.82 
23763.1 3209.44 4855.39 486.945 0.0540541 4427.29 4070.44 
23857 3216.41 4818.97 484.427 0.0540541 4444.95 4100.26 
23794.1 3193.93 4795.57 502.059 0.0540541 4437.47 4089.17 
23700.6 3210.12 4756.84 490.173 0.0540541 4413.24 4060.17 
23753 3210.44 4696.99 488.043 0.0540541 4350.32 4110.77 
23771 3196.69 4658.92 488.887 0.0540541 4301.69 4097.59 
24259.5 3461.3 4494.09 491.12 0.0540541 4150.98 4008.41 
24420.5 3454.72 4463.97 490.187 0.0540541 4153.77 3945.11 
24398.7 3480.46 4477.15 488.074 0.0540541 4129.4 3943.84 
22496 3461.96 4639.91 489.018 0.0540541 4441.09 4202.68 
22669.5 3408.13 4686.48 492.26 0.0540541 4467.63 4175.65 
22678.3 3385.18 4736.28 493.215 0.0540541 4488.34 4207.33 
22725.8 3383.12 4762.89 493.342 0.0540541 4567.12 4271.56 
23813.3 3394.32 4405.7 494.099 0.0540541 4394.22 3965.23 
23827.9 3401.21 4267.41 492.24 0.0540541 4611.78 4120.9 
23846.5 3402.38 4270.36 494.559 0.0540541 4734.11 4087.21 
24327.7 3373.68 4265.9 499.206 0.0540541 4675.64 4118.33 
24298.5 3347.65 4297.69 497.637 0.0540541 4678.78 4111.32 
24404.9 3390.14 4265.83 497.231 0.0540541 4668.92 4038.36 
25521.2 3415.46 4299.8 496.585 0.0540541 4651.4 4069.16 
25268.6 3446.64 4792.26 496.988 0.0540541 4838.09 4427.7 
26853.2 3572.66 4679.36 497.341 0.0540541 4595.37 4311.29 
26931.8 3576.04 4786.69 496.558 0.0540541 4463.56 4414.67 
26892.8 3579.67 4800.49 492.444 0.0540541 4430.75 4424.11 
26902.4 3566.87 4834.38 486.761 0.0540541 4427.88 4405.06 
26913.4 3586.6 4793.13 487.355 0.0540541 4420.12 4247.55 
26103.3 3560.71 5141.95 496.852 0.0540541 4525.74 4552.47 
26120.2 3553.59 5216.6 487.852 0.0540541 4492.1 4625.14 
26124.6 3546.43 5241.13 486.197 0.0540541 4483.29 4627.02 
26123.2 3542.87 5270.75 478.909 0.0540541 4514.2 4689.3 
25347.2 3100.8 5275.1 483.941 0.0540541 4731.75 4846.62 
24592.7 3015.39 5469.82 475.895 0.0540541 4779.7 4925.18 
24527.1 2997.06 5524.96 467.697 0.0540541 4894.02 4948.78 
24542.5 3005.07 5551.55 467.282 0.0540541 4866.1 5021.85 
22930.2 3028.81 6043.2 472.131 0.0540541 4981.87 5397.52 
22938.9 3013.72 6089.09 478.399 0.0540541 4948.77 5432.78 
22876 2998.32 6156.44 476.17 0.0540541 4973.71 5429.24 
22831.4 2968.3 6116.12 481.798 0.0540541 4934.84 5435.83 
22831.7 2975.61 6075.45 470.064 0.108108 4853.68 5436.26 
22046.5 2956.84 6435.24 478.157 0.108108 4905.37 5710.11 
21092.8 2950.95 6459.9 476.107 0.108108 4970.58 5798.07 
21068 2953.87 6124.07 474.934 0.108108 5021.99 5664.31 
21039.6 2970.81 6149.46 469.968 0.108108 5032.4 5643.34 
21057.2 2966.95 6193.36 469.218 0.108108 5000.35 5794.79 
20996.3 2980.71 6024.43 496.551 0.0540541 4878.38 5470.53 
20864.9 3014.93 6036.79 498.44 0.0540541 4865.56 5465.28 
20728.7 2988.03 5955.2 496.699 0.0540541 4949.19 5480.28 
20617 3001.55 6168.52 478.042 0.0540541 5055.42 5661.46 
20565.2 2999.26 6185.97 476.119 0.108108 4824.96 5677.83 
20682.4 3020.96 6193.96 464.931 0.108108 4808.9 5636.43 
20486.4 3018.58 6069.03 462.787 0.108108 4807.39 5674.7 
18997.3 2848.3 6131.14 461.597 0.108108 5228.81 5825.93 
16627.8 2772.7 6919.18 464.8 0.108108 5882.6 6295.88 
16613.5 2773.6 7245.66 460.435 0.108108 5828.51 6405.33 
16597.3 2770.97 7223.28 459.609 0.108108 5956.72 6492.74 
15949.5 2621.49 8048.31 459.468 0.108108 6340.21 7143.5 
12836.7 2623.5 7766.56 466.947 0.108108 6623.18 6967.62 
12935.7 2604 7397.77 481.365 0.0540541 6263.52 6459.94 
13625.5 2874.17 7428.6 471.556 0.108108 6274.44 6431.46 
13596.1 2884.51 7687.01 476.027 0.0540541 7329.91 7315.86 
13634.2 2918.27 7351.59 486.803 0.0540541 7398.02 7253.94 
13571 2939.57 7344.24 486.471 0.0540541 7665.78 7348.17 
13525.4 2928.61 7861.94 484.073 0.0540541 7230.99 6939.59 
13268.6 2006.02 7913 483.329 0.0540541 7897.8 7029.34 
13173.7 1993.59 7879.42 486.277 0.0540541 7892.66 7071.95 
13203.2 2010.27 7866.55 484.996 0.0540541 7897.65 7141.84 
13078.9 2055.47 7971.02 487.434 0.0540541 7995.79 7281.7 
12725.2 2051.81 7877.3 490.356 0.0540541 8522.92 7313.16 
10907.9 1860.87 8422.58 496.119 0.0540541 8813.54 7682.54 
10839.5 1891.51 8442.99 493.89 0.0540541 8714.82 7480.23 
10805.2 1893.82 8423.17 494.712 0.0540541 8736.48 7495.42 
10762 1888.38 8353.42 496.715 0.0540541 8687 7423.02 
10796.2 1912.19 8367.46 495.608 0 8696.63 7439.04 
10734.1 1925.06 8345.97 493.38 0 8697.23 7473.6 
11105.6 1924.22 8260.05 495.257 0 8748.03 7336.66 
11319.2 1915.48 8370.71 501.696 0 8828.66 7269.71 
11318.3 1913.5 8397.58 497.32 0 8741.99 7311.21 
10082.9 1968.91 8582.92 494.833 0 9181.14 7300.08 
10008.8 1976.93 8587.15 496.163 0 9250.59 7247.7 
9986.37 2004.08 8502.27 490.965 0 9215.13 7329.31 
10006.8 2002.85 8260.59 489.039 0 8857.65 7222.99 
9518.59 1986.41 8563.83 487.478 0 9087.26 7324.05 
9488.67 1990.25 8598.74 489.947 0.0540541 9041.45 7277.54 
8184.27 1690.96 8988.02 492.753 0.0540541 9259.89 7410.91 
8183.19 1708.93 9049.1 492.132 0.0540541 9303.86 7409.56 
8153.58 1713.23 9029.92 501.162 0.0540541 9253 7384.86 
8149.41 1711.12 9114.76 504.553 0.0540541 9149.48 7484.79 
8152.56 1710 9141.22 502.768 0.0540541 9138.04 7563.97 
8120.01 1714.37 8863.39 497.833 0.0540541 9115.24 7301.3 
8084.29 1729.26 8922.57 493.7 0.0540541 9043.65 7303.43 
8079.84 1704.73 8759.35 489.998 0.0540541 9559.5 7182.42 
8091.92 1705.61 8703.42 489.395 0.0540541 9499.1 7244.68 
7354.01 1626.64 8851.81 488.146 0.0540541 9561 7381.04 
6352.24 1475.07 8939.49 493.062 0.0540541 10026.6 7414.83 
6404.09 1482.86 8905.13 500.43 0.0540541 10035.3 7423.96 
6378.26 1488.88 8724.37 499.995 0.0540541 10290.8 7139.98 
6330.29 1492.19 8726.15 493.816 0.0540541 10334.2 7131.56 
6337.7 1481.47 8787.79 494.153 0.0540541 10482.9 7021.99 
6335.9 1479.83 8840.52 492.806 0.0540541 10491.9 7017.59 
6289.5 1479.56 8924.63 491.891 0.0540541 10621.2 6977.54 
5497.31 939.906 9436.08 491.547 0.0540541 10996.2 7455.28 
5495.75 940.564 9512.58 486.477 0.0540541 10961.2 7503.39 
5479.9 942.098 9569.91 487.824 0.108108 11091.2 7454.37 
5498.56 931.992 9286.47 486.755 0.108108 11098.9 7163.74 
5487.73 933.515 9265.3 483.908 0.108108 11059.4 7129.35 
6557.24 952.314 9138.87 482.563 0.108108 10993.5 7064.8 
6567.43 949.439 9173.48 479.868 0.108108 10931.2 7131.94 
6947.13 988.985 9399.97 481.138 0.108108 11047.2 7198.45 
6958.13 988.436 9256.06 482.788 0.108108 10925.6 7188.59 
6995.88 989.041 9241.32 482.212 0.108108 10755.2 7281.82 
7008.52 988.147 9344.46 475.213 0.162162 10606.2 7424.33 
6989.44 990.244 9173.21 477.91 0.162162 10195.5 7474.6 
6961.96 996.354 9142.29 484.146 0.108108 10111.3 7420.95 
8159.91 1087.41 9234.61 486.505 0.108108 10156 7390.48 
8168.29 1086.26 9124.44 504.709 0 10024.9 7134.72 
8169.99 1081.95 9117.48 510.804 0 10075.4 7114.37 
8173.56 1086.17 9119.03 494.216 0.0540541 10244.7 7144.8 
8225.02 1083.21 9092.85 496.268 0.108108 10449.4 7137.5 
8216.73 1092.75 8885.62 488.27 0.0540541 10347.8 6983.21 
8209.03 1090.22 8862.81 484.49 0.108108 10371.9 6938.8 
7997.95 1081.44 8878.09 488.428 0.108108 10719.5 7175.06 
7984.03 1094.76 8831.03 487.907 0.108108 10675.4 7178.77 
7993.36 1099.46 8364.5 487.225 0.108108 10739.8 6842.57 
8007.9 1104.85 8152.4 484.051 0.108108 10940.6 6647.38 
8019.17 1105.64 8149.56 491.316 0.0540541 10750.1 6323.36 
8021.74 1096.33 8022.39 472.845 0.162162 10677.6 6180.55 
8667.98 1100.11 8012.74 477.514 0.108108 10688.3 6236.17 
8673.42 1107.28 7954.82 477.054 0.162162 10800.4 6295.58 
9930.98 1397.24 7995.14 473.074 0.162162 10756.3 6205.76 
9912.64 1398.11 8032 473.014 0.162162 10635.3 6347.28 
9919.58 1408.85 8109.64 476.152 0.162162 10700.4 6348.35 
9864.8 1406.99 8005.48 482.948 0.162162 10605.4 6179 
9873.38 1410.11 8091.19 474.748 0.162162 10452.4 6297.28 
9827.71 1410.85 8224.01 473.991 0.162162 10588.8 6361.97 
9824.8 1416.56 8432.71 472.978 0.216216 10821.5 6506.93 
9550.75 1424.01 8663.24 473.397 0.216216 11264.5 6736.17 
9504.46 1426.36 8684.2 471.302 0.216216 11161.8 6884.38 
9469.98 1437.48 8373.99 470.981 0.216216 10894 6510.45 
9402.93 1441.4 8600.09 467.917 0.162162 10974.4 6763.75 
9416.33 1465.6 8740.89 461.892 0.27027 11095.7 6772.93 
9434.66 1483.88 8765.54 456.682 0.27027 11175.2 6824.43 
9440.83 1500.86 8988.22 458.21 0.27027 10851.9 6846.11 
9442.51 1502.53 8965.93 459.26 0.27027 10900.2 6893.42 
9485.1 1507.02 8800.77 468.833 0.216216 10665.5 6663.53 
9497.84 1518.24 8604.55 470.121 0.162162 10276.4 6455.82 
9509.73 1538.84 8579.27 472.581 0.162162 10237.1 6203.03 
9522.16 1526.37 8511.06 466.905 0.108108 10117.3 6332.52 
9517.32 1574.99 8465.04 467.939 0.108108 10223.7 6344 
9467.46 1612.49 8446.46 461.056 0.162162 10320.2 6311.28 
9450.69 1628.68 8351.25 435.116 0.324324 10399.8 6483.3 
9633.89 1658.21 7809.1 451.746 0.162162 10184.1 6461.89 
9692.98 1667.09 7952.81 450.187 0.216216 10140.8 6584.67 
9745.26 1651.57 7825.52 448.05 0.216216 10038.1 6430.89 
9776.03 1636.54 7876.15 449.915 0.27027 10118.7 6394.7 
9831.05 1636.8 7745.85 450.266 0.27027 9942.13 6257.41 
9902.6 1630.62 7820.95 449.319 0.216216 10046.3 6525.53 
9927.89 1688.54 7935.35 448.418 0.27027 9831.54 6346.12 
9918.75 1681.5 8111.71 445.86 0.27027 9814.49 6370.99 
10011.9 1627.33 8064.32 454.408 0.216216 9823.69 6355.64 
10074.5 1568.69 8109.46 450.707 0.216216 9925.97 6295.89 
10873 1560.84 7723.77 431.746 0.27027 9660.22 6261.53 
12437.2 1737.01 7805.48 431.684 0.27027 9670.55 6115.97 
12330.8 1764.98 7803.66 434.931 0.27027 9762.98 6164.52 
12218 1760.02 7734.03 429.787 0.27027 9820.74 6332.42 
12145.2 1756.01 7676.54 428.392 0.324324 9762.79 6330.6 
12123.4 1769.77 7570.18 428.651 0.324324 9802.33 6128.27 
12131.6 1772.57 7335.04 438.566 0.27027 9578.1 6070.84 
12067.4 1799.84 7367.3 449.043 0.27027 9457.38 5927.13 
12036.6 1819.05 7373.26 443.77 0.27027 9434.26 5908.57 
12011.9 1804.73 7355.63 443.017 0.27027 9373.19 5918.86 
11994 1800.38 7305.1 443.593 0.27027 9347.31 5965.37 
11926.5 1819.99 7443.09 436.36 0.324324 10420.4 6338.63 
11921 1815.11 7435.1 435.704 0.324324 9837.51 6014.35 
11734.1 1907.55 7131.32 433.674 0.324324 10152.9 5975.11 
11598.8 2001.25 7251.62 432.668 0.324324 10225.7 6021.65 
11522.1 2067.04 7240.18 432.214 0.324324 10227.5 6033.86 
11525.5 2102.13 7235.54 432.141 0.324324 10348.7 6204.8 
11462.1 2166.83 7273.59 432.341 0.324324 10403.6 6113.13 
11410 2173.92 7270.87 433.483 0.324324 10386.1 6021.76 
11386.8 2157.67 7254.16 434.091 0.324324 10482.6 6114.32 
11360.9 2186.95 7257.01 421.485 0.378378 10580.5 6060.28 
11396.5 2157.88 7188.56 419.939 0.378378 10554.7 6063.39 
11402.6 2139.88 7248.26 425.632 0.324324 10658.9 5930.83 
11344.8 2148.57 7262.41 424.579 0.378378 10819.3 5928.82 
11333 2114.34 7201.48 423.117 0.378378 10631.2 5928.92 
12101.5 2072.52 6776.05 422.781 0.378378 10498.3 5916.21 
12165 2058.78 6847.13 422.717 0.378378 10505.2 5879.52 
12191.9 2031.5 6880.26 420.34 0.378378 10448.8 5808.24 
12263.6 1999.4 6520.98 427.219 0.378378 10528.7 5464.45 
12281.1 1975.03 6664.45 430.63 0.378378 10617.1 5444.19 
12377 1955.59 6467.04 420.523 0.378378 10583.1 5586.71 
12375 1964.29 6518.01 420.8 0.378378 10643 5641.39 
12347 1929.44 6568.43 416.21 0.378378 10594.7 5570.61 
12328.9 1923.7 6669.8 414.47 0.378378 10735.6 5455.16 
12237.9 1930.39 6643.35 415.813 0.378378 10612.3 5717.47 
12231.3 1947.71 6612.56 414.452 0.378378 10484.5 5575.56 
12156.4 1954.76 6598.3 413.349 0.378378 10464.6 5558.71 
12171.5 1947.56 6603.28 412.943 0.378378 10491.6 5507.95 
12194.5 1943.49 6429.91 422.964 0.324324 10719.9 5564.21 
12290.7 1937.68 6430.32 428.946 0.324324 10514.9 5430.98 
12306.2 1933.4 6328.8 430.484 0.27027 10502.9 5483.3 
12328.7 1944.22 6290.61 423.179 0.324324 10570.2 5563.57 
12293.6 1968.52 5765.77 422.81 0.324324 11008.6 5381.81 
11082 1856.42 6751.98 424.628 0.324324 11430.7 6402.38 
11060.6 1873.47 6396.03 422.593 0.324324 10996.5 6012.73 
11093.6 1863.87 6495.51 420.311 0.378378 11044.1 6066.08 
10002 1758.43 6845.72 421.564 0.378378 10899.8 6340.49 
10010.1 1781.02 6933.76 425.861 0.324324 10716 6403.73 
9939.16 1822.25 7073.48 425.953 0.378378 10407 6399.4 
9950.34 1823.09 7035.11 427.281 0.378378 10293.6 6383.63 
9994.31 1835.07 7062.82 428.934 0.324324 10315.7 6474.99 
9962.58 1869.98 7047.53 427.741 0.378378 10225.3 6517.85 
10147.7 1874.46 6985.56 425.578 0.378378 10191.1 6558.31 
10444.7 1897.24 6912.35 425.759 0.378378 10234.9 6495.98 
10419 1938.99 6837.74 426.28 0.378378 10260.6 6448.95 
10409.8 2142.5 6878.78 424.48 0.378378 10300.7 6452.11 
10472.1 2168.63 6907.15 423.568 0.378378 10243.8 6472.24 
10340.3 2217.1 6914.64 422.847 0.378378 10340.8 6436.55 
10321.8 2211.49 6912.66 423.135 0.378378 10348.7 6409.13 
10388.9 2200.08 6908.07 425.537 0.378378 10320.2 6367.68 
10364 2202.08 6923.25 425.141 0.378378 10256.1 6447.07 
10243.7 2125.19 6841.76 425.709 0.378378 10153.6 6380.93 
10238.2 2105.26 6838.87 426.729 0.378378 10118 6334.58 
10218.4 2060.5 6846.62 428.535 0.378378 10214.8 6375.72 
10194.9 2027.1 6895.83 426.679 0.378378 10227.7 6407.38 
10188.2 2011.99 6855.77 427.985 0.378378 10154.4 6276.12 
10163 2017.12 6939.1 425.108 0.378378 10087.5 6276.4 
10228.5 2045.73 6889.81 426.461 0.378378 10050.6 6185.72 
10214.5 2069.59 6865.99 425.93 0.378378 9976.61 6170.42 
10235.1 2084.22 6718.61 424.878 0.378378 9952.5 6099.83 
10098.6 2111.26 6705.31 426.487 0.378378 10059.2 6193.47 
10037.7 2131.6 6715.08 424.254 0.378378 10027.2 6262.98 
9975.69 2108.82 6731.08 432.083 0.324324 10094.1 6260.19 
9974.42 2109.55 6776.46 432.664 0.324324 10041.4 6247.29 
9717.35 2063.87 6818.52 434.474 0.324324 10107.7 6294.9 
9678.63 2052.61 6874.81 431.974 0.324324 10111.8 6205.45 
9643.26 2036.33 6767.49 429.44 0.324324 10094.5 6142.38 
9591 1989.68 6774.83 428.884 0.324324 10049.2 6166.82 
9525.33 1988.28 6766.56 428.217 0.324324 10021.6 6156.46 
9545.15 1985.26 6831.92 431.15 0.324324 9926 6121.97 
9476.49 1963.47 6815.58 432.603 0.324324 9929.71 6048.14 
9456.86 1952.38 6673.82 429.838 0.324324 9981.77 6145.73 
9407.88 1920.58 6770.88 414.835 0.378378 9786.93 6272.16 
9193.83 1893.23 6805.95 421.879 0.378378 9694.52 6323.77 
9190.11 1896.95 6811.61 425.152 0.324324 9649.29 6349.43 
9246.99 1867.39 6824.54 421.35 0.378378 9678.04 6517.77 
9152.75 1851.15 6702.05 422.873 0.378378 9696.19 6488.65 
8655 1779.82 6711.88 410.217 0.432432 9667.55 6620.91 
8724.32 1778.54 6843.68 410.718 0.432432 9637.93 6913.56 
8608.26 1703.32 6720.76 421.183 0.378378 9544.58 6650.59 
8759.45 1563.1 6747.95 418.962 0.378378 9510.42 6967.59 
8834.16 1532.92 6799.62 413.539 0.432432 9644.77 7020.5 
8792.41 1495.07 6824.87 416.504 0.432432 9761.71 7031.96 
8782.94 1472.51 6868.5 416.605 0.432432 9705.26 6985.87 
8774.09 1468.73 6821.14 412.93 0.432432 9627.9 6783.99 
8293.59 1473.58 6978.85 412.821 0.432432 9816.13 6822.72 
8493.54 1369.9 6841.89 431.968 0.324324 9738.83 6456.15 
9031.58 1162.16 6853.11 431.521 0.324324 9711.92 6431.11 
9755.03 1182.1 6960.9 424.547 0.324324 9756.48 6443.18 
10175.9 1183.67 6990.51 411.307 0.432432 9864.38 6559.44 
10978.3 1206.64 7022.24 409.203 0.432432 9935.1 6555.85 
11008.1 1237.53 6956.03 416.155 0.378378 9710.01 6534.88 
11087.6 1221.73 7013.5 423.174 0.378378 9599.05 6543.51 
10563.4 1305.27 6847.13 426.863 0.378378 9649.68 6452.81 
10440.5 1310.45 6851.32 418.438 0.378378 9600 6442.44 
10956.2 1381.44 7238.74 405.578 0.432432 9483.87 6379.98 
11765.2 1388.65 7141.77 407.344 0.432432 9558.72 6302.82 
13393.8 1627.51 6849.66 410.801 0.432432 9317.95 6120.33 
13362.8 1707.26 6782.63 408.128 0.432432 9346.61 6001.95 
12417.6 1575.47 6825.83 408.763 0.432432 9841.33 6220.41 
13519.7 1656.39 6847.3 403.374 0.432432 9922.17 6250.77 
13316.7 1912.95 6830.33 405.267 0.432432 9924.09 6219.24 
12953.5 1939.28 6779.77 403.818 0.432432 10045.4 6176.84 
12477.3 1952.3 6769.85 412.748 0.378378 10051.7 6190.75 
12459.6 1948.87 6835.4 420.144 0.378378 10140 6189.56 
12500.4 1961.27 6905.99 421.067 0.378378 10175.8 6228.92 
12484.5 1946.73 7129.21 417.631 0.378378 10305.9 6229.52 
12441.6 1951.77 7015.18 415.61 0.378378 10236 6233.3 
12429.2 1981.33 6975.72 400.391 0.432432 10168.5 6222.79 
13001.3 1990.06 7054.9 405.254 0.432432 10164.5 6149.21 
12948 1983.11 6996.22 406.885 0.432432 9976.74 6096.53 
14334.9 2167.86 6980.86 407.107 0.432432 9951.77 5926.85 
14139.8 2200.63 6962.16 409.554 0.432432 10007.5 5901.52 
14013.6 2226.3 6958.9 413.917 0.432432 10021.5 5855.67 
13962.2 2231.01 7026.36 411.402 0.432432 9964.47 5850.7 
13897.1 2246.21 7047.71 413.034 0.432432 9960.58 5826.98 
13788.2 2263.42 7009.33 413.322 0.432432 9961.27 5923.6 
13674 2302.55 7298.6 414.174 0.432432 9938.09 6179.88 
13565.3 2296.09 7326.91 414.9 0.432432 10013.7 6242.62 
13539.4 2339.4 7367.52 403.514 0.432432 10059 6364.8 
13559.9 2348.12 7412.07 405.639 0.432432 10157.9 6337.01 
13516 2363.28 7500.26 404.513 0.432432 10357 6397.35 
13511.6 2377.46 7431.71 403.425 0.432432 10349.7 6373.95 
13412.9 2414.72 7393.94 406.352 0.432432 10355.4 6366.89 
13263.2 2461.57 7395.96 407.639 0.432432 10308.6 6299.46 
13207.3 2492.66 7520.49 406.093 0.432432 10376.8 6270.12 
13073 2533.7 7495.69 402.688 0.432432 10366.1 6245.87 
12989.4 2534.16 7516.56 403.545 0.432432 10340.7 6203.28 
12932.1 2552.72 7576.04 403.94 0.432432 10304.8 6182.26 
12917.6 2600.17 7588.07 404.966 0.432432 10165 6048.3 
12903.1 2636.25 7494.29 407.011 0.432432 10111.3 6041.46 
13013.9 2672.37 7413.54 409.918 0.432432 10093 6019.49 
13853.8 2506.21 7454.54 411.774 0.432432 10057.1 5998.55 
14089.5 2374.92 7509.16 410.688 0.432432 10058.6 6042.98 
14216.7 2246.17 7527.36 409.199 0.432432 9942.48 6074.88 
13824.9 2173.74 7492.05 409.851 0.432432 9903.51 6017.67 
12898.2 1898.98 7616.38 409.098 0.432432 9844.44 5931.6 
13095.1 1862.19 7530.5 414.315 0.432432 9752.56 5942.82 
15141 1835.41 7508.41 414.166 0.432432 9146.17 5897.67 
15204 1798.4 7567.53 411.45 0.432432 9181.3 5927.4 
15224.3 1759.88 7604.67 408.356 0.432432 9320.28 5874.72 
15464.2 1696 7577.64 408.13 0.432432 9320.82 5872.82 
15734.4 1651.55 7619.49 407.949 0.432432 9325.98 5714.69 
15851.1 1669.91 7769.16 404.87 0.432432 9447.81 5712.26 
15920 1429.01 7823.47 404.948 0.432432 9494.08 5719.97 
15787.3 1352.53 7883.14 404.841 0.432432 9534.15 5717.93 
15880.6 1354.61 7912.03 406.439 0.432432 9444.97 5638.69 
15184.2 1205.87 7879 405.217 0.432432 9478.47 5735.59 
14925.1 1197.07 7885.54 406.003 0.432432 9542.64 5735.6 
13030 908.676 8234.69 410.958 0.432432 9690.35 6138.77 
12731.6 858.822 8302.8 410.894 0.432432 9739.92 6233.8 
12633.5 849.744 8281.54 409.598 0.432432 9805.59 6306.29 
12318 783.074 8285.59 409.74 0.432432 9921.88 6363.18 
12141.4 678.128 8341.65 410.467 0.432432 9923.01 6385.96 
11876.1 694.95 8373.89 411.874 0.432432 9897.3 6497.67 
11703.5 715.217 8415.61 413.789 0.432432 9939.41 6487.13 
11377.5 737.532 8438.7 412.485 0.432432 9884.86 6389.04 
11313.7 739.526 8411.92 410.191 0.432432 9878.39 6286.41 
11019.3 756.84 8533.93 407.793 0.432432 10061.3 6214.16 
10874.9 786.752 8589.23 407.218 0.432432 10148.3 6153.98 
10740 805.929 8608.69 407.206 0.432432 10124.4 6162.05 
10643.1 791.738 8643.92 409.99 0.432432 10165.3 6144.68 
10473.4 831.429 8679.74 410.849 0.432432 9976.46 6146.25 
10413.3 834.995 8746.43 413.59 0.378378 9981.7 6150.07 
10194.4 873.336 8852.9 414.414 0.378378 10066.5 6139.02 
10108.8 866.351 8805.76 416.472 0.324324 10041.4 6128.45 
9913.44 893.899 8795.4 414.706 0.324324 10118.2 6128.52 
9714.36 909.88 8859.16 414.552 0.324324 10261.8 6217.01 
9668.92 926.193 8864.39 414.711 0.324324 10169.2 6246.47 
9579.92 919.835 8813.83 413.516 0.324324 10199.1 6302 
9595.99 940.436 8880.98 412.947 0.324324 10267.3 6332.35 
10133.2 986.368 8530.46 411.293 0.324324 9949.61 5953.59 
9975.82 1003.59 8625.63 409.435 0.378378 9868.79 6048.42 
8965.67 896.382 8689.38 410.876 0.378378 10518.2 6124.23 
7983.83 695.253 9044.66 411.373 0.378378 10905.6 6343.54 
7902.7 700.21 9030.47 415.292 0.378378 10760.6 6250.26 
7905.46 707.452 9066.4 416.56 0.324324 10834.6 6219.84 
7828.05 638.228 9237.77 417.858 0.324324 10782.3 6627.15 
7752.46 651.201 9269.43 417.132 0.324324 10869.5 6593.55 
7741.35 698.542 9252.47 419.686 0.324324 10875.6 6598.84 
7778.88 702.12 9187.46 422.249 0.324324 10942.2 6567.38 
7771.05 690.747 9169.74 422.544 0.324324 10949.8 6567.14 
7739.4 686.724 9218.46 422.496 0.324324 10992.8 6498.86 
7709.39 672.679 9193.85 418.922 0.324324 10897.6 6470.83 
7603.81 652.201 9164.88 419.721 0.324324 10779 6553.41 
7629.59 650.552 9169.96 423.358 0.324324 10803.3 6589.88 
7614.75 649.526 9220.95 420.67 0.324324 10565 6621.36 
7582.66 627.277 9254.83 421.206 0.324324 10571.9 6634.69 
7593.74 611.384 9315.9 424.291 0.324324 10714.9 6657.21 
7797.57 628.001 8964.52 413.669 0.324324 10593.3 6581.12 
7955.22 671.759 8898.49 409.902 0.378378 10487.2 6484.04 
9258.77 779.304 8946.68 421.222 0.378378 10662.9 6461.47 
8775.67 913.231 8910.76 410.107 0.378378 10471.5 6502.32 
8443.9 903.177 8842.56 412.796 0.378378 10454.5 6550.57 
8262.91 828.405 8737.7 417.188 0.378378 10460.3 6567.97 
8253.76 821.724 8774.77 421.394 0.378378 10336.3 6661.93 
8088.33 641.542 8718.97 419.818 0.378378 10157.6 6693.36 
8104.93 652.412 8536.33 417.851 0.432432 10025.8 6638.49 
7953.12 618.624 8748.89 404.382 0.432432 10094.7 6991.02 
7916.15 608.849 8778.42 408.903 0.432432 10160.8 6999.97 
8511.72 652.399 8574.06 405.733 0.486486 10112.3 6695.3 
8765.23 718.52 8521.08 398.765 0.486486 10184 6705.21 
8389.21 676.944 8516.16 397.043 0.486486 10197 6728.07 
8857.92 654.843 8472.4 397.945 0.486486 10191.6 6739.57 
9112.1 691.946 8436.28 395.375 0.486486 10337.2 6745.75 
8605.76 599.274 8477.35 392.73 0.540541 10404.7 6818.11 
7694.52 749.823 8346.22 389.928 0.540541 10557.5 7302.83 
6575.6 916.546 8299.17 396.459 0.486486 10403 7266.63 
6274.21 1070.64 8345.12 387.789 0.486486 10253.3 7241.77 
6214.71 1092.05 8087.34 380.618 0.540541 10150.9 7332.89 
5975.49 1098.88 8101.82 390.007 0.540541 9942.77 7222.93 
5719.3 1126.14 8490.02 400.821 0.486486 10184.8 7658.73 
5590.83 1136.37 8439.75 400.684 0.432432 10090.4 7641.37 
5509.39 1124.99 8355.13 398.004 0.432432 10334.3 7602.43 
5457.89 1105.98 8408.25 407.164 0.378378 10260.7 7501.35 
5413.15 1124.63 8302.58 388.6 0.432432 10124.5 7524.34 
5345.71 1145.67 8360.5 389.847 0.432432 10158.4 7566.67 
5334.86 1134.83 8297.99 388.584 0.432432 10087.1 7474.55 
5201.78 1151.1 8256.55 386.864 0.486486 9851.52 7452.87 
5166.87 1107.01 8153.66 374.732 0.540541 9785.5 7418.87 
5085.22 1183.45 8112.78 383.096 0.486486 9734.05 7409.6 
5055.58 1229.23 8115.66 379.253 0.540541 9749.32 7508.64 
5073.29 1153.68 8252 376.464 0.540541 9828.63 7613.09 
5021.88 1163.21 8194.53 378.744 0.540541 9826.2 7631.66 
4983.31 1169.17 8175.78 377.079 0.540541 9809.84 7634.78 
4987.98 1185.42 7956.91 393.954 0.486486 9648.07 7543.76 
4956.16 1203.17 8022.69 394.185 0.432432 9557.32 7587.19 
4981.39 1184.38 8009.84 393.76 0.486486 9408.44 7527.33 
5176.12 1200.99 8078.51 391.289 0.486486 9414.84 7524.83 
5577.96 1179.32 8105.97 393.656 0.486486 9387.34 7593.96 
6988.16 1152.77 8118.93 393.517 0.486486 9351.8 7582.61 
7581.28 1089.02 8070.55 386.545 0.486486 10077.5 8049.62 
7552.49 1081.68 8295.88 396.892 0.486486 9914.81 7671.45 
8076.07 1281.4 8394.13 401.842 0.486486 10016.1 7695.9 
8147.73 1269.36 8318.01 398.717 0.486486 10251.4 7817.25 
8228.04 1267.38 8285 399.797 0.486486 10208.9 7829.26 
8217.35 1242.91 8284.97 398.492 0.486486 10187.7 7742.29 
8204.63 1219.32 8263.87 404.389 0.432432 10164.3 7762.7 
8166.84 1220.23 8140.34 403.825 0.432432 9933.71 7718.19 
8078.99 1207.32 7879.01 412.452 0.378378 9819.83 7589.35 
8123.85 1219.73 7845.24 421.85 0.378378 9579.12 7407.92 
8065.01 1192.63 8023.84 421.303 0.378378 9725.11 7695.56 
8029.93 1211.25 7894.64 443.871 0.27027 9549.93 7448.85 
8045.84 1240.85 7940.73 431.594 0.324324 9590.58 7441.75 
7976.74 1220.6 8127.98 426.848 0.324324 10855.6 7942.09 
7930.2 1203.72 8107.93 425.181 0.324324 9972.81 7641.78 
7829.43 1208.49 8120.94 424.999 0.324324 10029.2 7520.67 
7784.69 1210.15 8142.88 419.315 0.324324 10003.6 7557.16 
7729.02 1211.1 8139.17 426.006 0.324324 10058.5 7509.85 
7728.29 1243.66 8170.47 425.014 0.324324 9974.19 7492.29 
7581.16 1250.1 8165.9 438.656 0.324324 9956.45 7329.22 
7520.59 1251.19 8189.82 427.97 0.324324 9882.9 7345.28 
7474.26 1253.18 8286.84 427.073 0.324324 9971.92 7410.12 
7518.99 1258.58 8204.66 420.201 0.324324 9832.6 7294.24 
7553.51 1234.55 8430.15 409.993 0.324324 9743.35 7434.79 
7833.05 1152.18 8416.06 420.367 0.27027 9556.51 7499.54 
7892.61 1147.88 8377.32 424.341 0.27027 9488.06 7495.42 
8147.63 1131.35 8191.69 423.516 0.324324 9345.62 7357.38 
8200.32 1073.78 8175.55 414.695 0.324324 9262.13 7155.84 
8532.83 1086 8322.06 422.417 0.27027 10448.7 7465.93 
8921.45 1108.38 8353.48 427.832 0.27027 9710.79 7304.29 
9067.36 1152.41 8204.18 441.869 0.216216 9563.2 6920.77 
9054.21 1171.31 8261.41 430.655 0.27027 9536.84 6982.94 
8891.32 1216.72 8420.93 430.231 0.27027 9551.75 7145.09 
8788.57 1201.52 8487.01 430.678 0.27027 9560.57 7197.78 
8801.1 1206.1 8517.53 431.564 0.27027 9549.48 7285.21 
8706.01 1202.81 8483.77 428.92 0.27027 9527.05 7262.08 
8714.41 1210.16 8503.83 430.768 0.27027 9465.21 7276.56 
8798.54 1207.24 8573.9 432.569 0.27027 9514.91 7313.63 
8904.99 1175.7 8904.46 434.891 0.27027 9935.99 7593.71 
9128.29 1159.18 8901.08 432.259 0.27027 9954.44 7619.25 
9099.98 1155.5 8914.98 430.603 0.27027 9844.53 7670.85 
9331.39 1112.59 8946.93 428.702 0.27027 9872.12 7724.86 
9319.06 1090.2 8844.54 435.635 0.216216 9746.82 7671.2 
8742.26 1063.14 8858.02 441.378 0.216216 9714.44 7537.04 
8666.65 1098.1 8884.15 442.427 0.216216 9698.12 7516.77 
8820.19 1084.98 8901.7 439.117 0.27027 9729.91 7494.82 
8853.6 1085.18 8982.57 426.674 0.324324 9754.58 7528.81 
8874.47 1063.65 8938.64 430.735 0.324324 10155.5 7899.4 
9003.01 695.099 8881.75 435.036 0.27027 10173.4 7962.45 
9019.23 704.114 8894.56 434.869 0.27027 10140.8 7983.37 
9017.56 707.286 8891.82 433.296 0.27027 10114.7 7797.95 
9067.91 709.915 8921.54 441.195 0.27027 10118.1 7826.15 
9154.44 703.562 8970.01 441.313 0.27027 10177.8 7824.18 
9126.89 761.957 9275.67 447.43 0.216216 10202 7986 
9118.6 799.438 9301.91 445.8 0.216216 10256.5 7961.48 
9119.94 836.377 9262.04 444.81 0.216216 10289.3 7904.6 
9151.04 862.029 9394.96 442.473 0.216216 10365.5 8066.98 
9206.1 854.351 9524.58 441.409 0.27027 10651.1 8031 
9189.75 869.18 9520.64 441.082 0.27027 10741.9 7932.15 
9211.6 845.439 9546.13 444.369 0.27027 10746.9 7969.4 
9237.38 862.41 9539.77 446.534 0.27027 10793.5 7985.74 
9218.26 872.501 9504.97 443.534 0.27027 10881.9 8095.3 
9183.17 857.883 9488.95 442.001 0.27027 10965.9 8130.47 
9157.67 852.673 9544.41 441.686 0.27027 10942 8145.49 
9177.13 852.679 9529.58 444.547 0.27027 10976.7 8171.5 
9159.22 876.076 9549.92 446.153 0.27027 10966.3 8191.74 
9146.95 878.852 9540.62 447.942 0.27027 10890.9 8147.05 
9205.81 869.346 9556.44 445.341 0.27027 10866.9 8098.7 
9233.59 889.899 9522.72 445.424 0.27027 10863.4 8024.34 
9316.29 891.137 9582.62 443.449 0.27027 10870.5 8010.78 
9336.49 891.945 9668.37 443.45 0.27027 10842.3 8072.11 
9433.69 865.496 9713.51 444.674 0.27027 10787.8 8091.88 
9436.04 883.218 9750.32 458.498 0.27027 10771 8059.18 
9414.32 847.347 9762.94 462.514 0.27027 10752.7 8052 
13514.5 804.563 9814.34 462.275 0.27027 10189.4 8100.21 
13557.8 785.151 9815 462.091 0.27027 10166 8072.18 
13749.5 820.134 9893.63 460.86 0.27027 10121.5 8084.73 
13856.9 927.416 9894.72 461.205 0.27027 10065.2 7937.98 
13925.4 888.432 9885.66 461.637 0.27027 10036.4 7877.86 
13914.6 872.796 9904.47 452.608 0.27027 10014.5 7898.86 
13850 838.396 9849.77 452.618 0.27027 9988.58 7815.05 
13854.6 833.594 9881.79 450.18 0.27027 9953.12 7761.43 
13815.6 780.018 9914.15 450.127 0.27027 9991.54 7748.9 
13598.3 764.36 9894.78 445.47 0.27027 9964.14 7767.16 
13563.9 761.943 9943.91 445.038 0.27027 9887.86 7803.6 
13441.1 668.3 9964 445.154 0.27027 9924.45 7842.78 
13362.6 671.567 10009.6 448.12 0.27027 9927.19 7843.39 
13314.8 628.949 10026.8 448.501 0.27027 9935.31 7929.88 
13286.1 619.676 10009.9 449.527 0.27027 9789.07 7951.51 
13505.6 612.086 10007.2 449.876 0.27027 9745.66 7924.43 
13825.5 681.26 9796.36 452.449 0.27027 9686.03 7568.52 
13916.5 671.458 9766.08 450.278 0.27027 9621.53 7478.48 
14159.9 673.315 9962.07 450.88 0.27027 9265.04 7543.23 
14117.7 678.461 10059.6 450.416 0.27027 9207.29 7540.08 
13412 858.555 10088.5 450.651 0.27027 9177.72 7478.12 
13185.9 921.946 10062.2 449.64 0.27027 9173.55 7451.7 
12916.9 939.241 10013.9 450.691 0.27027 9235.92 7438.82 
12759.5 966.657 9941.06 450.137 0.27027 9276.62 7439.58 
12671.9 966.937 9854.5 449.797 0.27027 9252.63 7515.12 
12571.5 959.89 9787.85 450.834 0.27027 9290.12 7494.84 
12499.2 968.864 9793.79 450.722 0.27027 9265.46 7530.54 
13386.9 985.905 9807.99 451.89 0.27027 9142.99 7390.95 
16032.8 984.842 9671.19 451.221 0.27027 8971.33 7166.28 
15849.2 983.945 9692.98 453.839 0.27027 8958.19 7147.67 
15814.5 1005.13 9702.75 453.791 0.27027 8988.84 7143.06 
15618.4 1052.44 9758.54 448.768 0.27027 9002.17 7028.49 
15556.1 1059.28 9814.05 454.569 0.27027 8987.29 7065.77 
15482.9 1068.6 9841.79 454.512 0.27027 9001.69 7106.25 
15453.8 1084.99 9826.36 454.976 0.27027 9010.99 7126.3 
15300.4 1093.94 9786.35 455.272 0.27027 9004.76 7082.84 
15308 1087.27 9830.21 455.459 0.27027 9033.4 7093.76 
15288.1 1126.15 9825.24 455.352 0.27027 9019.23 7050.2 
15300.8 1133.97 9812.72 454.977 0.27027 9004.17 7008.49 
15242.4 1148.47 9814.67 455.469 0.27027 8990.26 6994.44 
15107.7 1171.81 9869.65 454.969 0.27027 9085.7 7219.44 
15123.5 1166.25 9974.28 452.936 0.27027 9019.15 7291.34 
14986.4 1135.57 10018.2 453.283 0.27027 8983.53 7308.64 
14873.9 1168.77 10054.4 457.368 0.27027 8960.25 7376.17 
14860.1 1197.52 10083.7 456.725 0.27027 8974.15 7306.3 
14814.8 1207.59 10080.7 457.448 0.27027 8969.17 7383.55 
14777.6 1197.43 10135.1 457.931 0.324324 8989.91 7353.12 
14617.6 1173.98 10092.7 449.542 0.324324 9113.72 7313.19 
14527.2 1195.66 10119.1 458.457 0.27027 9168.53 7311.65 
14447.7 1200.47 10089.4 458.503 0.27027 9140.63 7331.56 
14571.9 1176.45 10118.8 451.387 0.27027 9113.72 7361.91 
14661.5 1137.02 10119.2 450.982 0.27027 9151.54 7308.58 
14647.3 1108.68 10150.3 446.988 0.324324 9067.32 7321.46 
14709 1088.23 10130.5 447.053 0.324324 9116.55 7310.06 
14898.1 1029.23 10138.7 447.762 0.324324 9134.97 7284.29 
14889.9 985.91 10219.4 448.744 0.324324 9181.75 7327.36 
14911.9 949.913 10247.7 453.938 0.27027 9137.11 7320.5 
15072.2 914.66 10271.8 454.618 0.27027 9179.4 7309.7 
15085.4 878.06 10304.7 455.462 0.324324 9183.18 7357.03 
15057 869.356 10320.4 459.408 0.27027 9200.81 7397.26 
15053.2 632.538 10312.4 462.243 0.216216 9176.53 7392.72 
15208.3 603.444 10340.4 461.985 0.216216 9212.18 7405.07 
15180 565.299 10355.6 463.377 0.216216 9219.04 7405.94 
15042.4 470.044 10457.7 464.486 0.216216 9186.4 7451.46 
15006.4 434.031 10255.5 462.707 0.216216 8924.47 7266.89 
15007.9 433.399 10238.8 463.669 0.216216 8829.99 7187.99 
14766.6 336.378 10105.7 465.357 0.216216 8747.69 7087.39 
14656.2 333.736 10197.2 468.997 0.216216 8767.69 7138.82 
14305.2 329.938 10098 468.157 0.216216 8868.71 7243.68 
13485 281.111 10060.4 467.918 0.216216 8858.55 7390.08 
13451.5 276.916 9905.87 480.55 0.162162 8742.25 7065.14 
13138.7 277.208 9933.54 496.573 0.108108 8723.27 7003.35 
13041.9 247.165 9920.57 485.092 0.162162 8759.67 7029.14 
12890.6 250.814 10133.1 469.281 0.216216 8962.45 7128.39 
12736.5 247.333 10313.4 471.751 0.216216 9140.38 7247.01 
12659.8 246.817 9962.11 467.816 0.216216 8977.69 7118.83 
12644.4 239.921 9941.15 463.749 0.216216 8984.99 7152.17 
12404.4 242.67 10014.4 464.387 0.216216 9004 7175.46 
12308.1 230.925 10134.4 469.783 0.216216 9302.77 6932.4 
12210.6 225.589 10243.9 468.128 0.216216 9506.79 7227.09 
12093.1 233.57 10470.7 467.345 0.216216 9436.52 7213.74 
12046.8 232.956 10392.7 464.915 0.216216 9381.94 7208.07 
12002 231.352 10305.6 473.628 0.162162 9347.42 7208.42 
11926.9 221.891 9507.24 491.854 0.108108 8640.88 6777.55 
11906.8 219.308 9433.76 481.89 0.108108 8612.23 6791.43 
12255.5 234.366 9495.93 480.44 0.108108 9155.71 7073.77 
13174.7 354.11 9502.83 481.241 0.0540541 9170.89 7079.43 
13195.4 367.093 9659.1 482.528 0.0540541 9677.35 7626.97 
13158.7 375.09 10098.2 490.891 0.0540541 9263.34 7568.7 
13094.9 376.33 10121.3 489.889 0.0540541 9340.9 7544.05 
13052.4 378.034 10132 490.142 0.0540541 9334.06 7555.75 
13034.6 390.889 10014.3 487.289 0.108108 9180.67 7629.08 
13050.8 391.387 10000.5 487.105 0.108108 9212.77 7592.17 
13005.4 396.878 10022.1 487.452 0.108108 9238.9 7577.53 
12984.2 409.896 10003.6 484.255 0.108108 9252.07 7519.31 
13434.9 443.616 9890.41 485.833 0.108108 9066.68 7238.53 
13423.8 448.59 9907.37 487.497 0.0540541 9107.47 7242.39 
13418.9 445.286 9842.19 487.961 0.0540541 9184.91 7226.38 
13437.6 453.203 9850.68 487.214 0.0540541 9261.47 7236.52 
13392.3 443.069 9845.26 486.314 0.0540541 9245.32 7220.43 
13355.3 464.212 9852.4 490.716 0.0540541 9253.78 7170.69 
13309.9 472.852 9852.56 491.698 0.0540541 9304.05 7260.28 
13282.5 479.211 9814.54 491.352 0.108108 9309.18 7235.75 
13288.1 478.712 9818.85 489.286 0.108108 9130.87 7202.12 
13300.3 473.711 9792.44 490.81 0.108108 9147.48 7160.55 
13287.2 479.773 9795.75 490.591 0.108108 9163.73 7189.89 
13310 474.625 9793.78 490.236 0.108108 9168.03 7208.99 
13302.6 480.425 9795.95 489.102 0.108108 9162.08 7196.96 
13322.6 472.726 9750.76 488.607 0.108108 9121.29 7196.9 
13389.4 485.257 9757.53 486.548 0.108108 9092.99 7211.65 
13510 476.206 9724.28 481.605 0.162162 9070.21 7208.49 
13540 481.05 9680.18 480.443 0.162162 9036.24 7184.23 
13554.4 476.881 9675.95 478.677 0.162162 8968.72 7200.63 
13638.5 515.849 9649.6 480.016 0.162162 8915.65 7200.25 
13712.2 472.34 9624.25 480.004 0.162162 8919.19 7173.63 
13805 465.186 9606.12 482.658 0.162162 8902.41 7197.01 
13824.3 460.784 9629.77 488.816 0.108108 8885.74 7217.9 
13859 477.312 9552.7 489.764 0.108108 8840.46 7197.49 
13882.7 461.243 9563.37 500.321 0.108108 8834.33 7193.66 
13891.1 457.113 9585.58 502.177 0.108108 8873.38 7201.19 
13926.8 455.637 9555.94 492.628 0.108108 8887.79 7186.79 
13943.9 449.165 9524.29 493.08 0.108108 8904.32 7143.19 
13902.3 467.291 9485.95 495.036 0.108108 8900.48 7162.35 
13880.8 464.137 9457.54 493.459 0.162162 8871.1 7147.05 
13892.9 473.439 9434.88 485.626 0.162162 8879.51 7152.84 
13907.5 454.943 9537.85 484.125 0.162162 8944.71 7075.63 
13954.3 466.379 9525.53 484.394 0.162162 8954.12 7059.92 
13643.1 386.685 9487.17 480.603 0.216216 8977.38 7031.91 
13643.8 410.497 9437.12 480.819 0.216216 8969.13 7000.31 
13729.9 392.852 9433.17 481.875 0.162162 8956.26 7036.27 
13947.5 384.968 9453.32 481.419 0.162162 8927.93 7045.21 
14090.8 383.239 9263.15 481.284 0.162162 8920.21 7100.99 
14089.3 367.463 9145.65 478.864 0.216216 8978.89 7115.11 
14583 344.091 9110.19 474.98 0.216216 8972.99 7125.01 
14714.6 328.061 9084.24 473.293 0.162162 8973.85 7122.89 
14826.9 313.643 8975.87 468.659 0.216216 8961.04 7006.29 
11575.2 457.199 9092.77 470.347 0.216216 9151.15 7126.35 
11502.6 453.456 9065.6 470.274 0.216216 9124 7092.57 
11155.5 457.62 9001.42 468.816 0.216216 9123.99 7070.04 
11132.3 464.513 9035.62 469.304 0.216216 9101.78 7088.51 
10892.7 488.096 9014.06 469.937 0.216216 9062.88 7053.13 
10704.2 496.275 9029.15 469.613 0.216216 9052.98 7047.83 
10641.2 505.958 9014.36 471.075 0.216216 9072.81 7023.58 
10664.5 512.612 9006.61 471.249 0.216216 9086.58 7016.44 
11045.9 605.185 8684.03 468.636 0.216216 8681.8 6901 
10990.7 604.76 8673.71 467.77 0.216216 8723.92 6899.48 
10811.2 608.837 8679.42 465.816 0.216216 8735.4 6890.73 
10707.4 611.367 8704.94 466.228 0.216216 8715.66 6899.27 
10760.8 619.393 8711.07 465.841 0.216216 8711.23 6879.19 
10795.2 582.76 8715.39 464.842 0.216216 8642.75 6878.67 
10696.8 575.738 8754.82 464.989 0.216216 8642.83 6896.73 
10666.3 580.637 8783.94 464.132 0.216216 8620.94 6855.67 
11147.4 594.456 8722.43 461.68 0.216216 8606.6 6907.21 
11461.1 592.658 8750.42 461.904 0.216216 8619.99 6917.32 
11445.7 589.371 8739.62 461.732 0.216216 8546.67 6883.01 
12314.5 601.786 8760.02 463.3 0.216216 8537.71 6896.15 
12338.9 606.755 8781.85 464.883 0.216216 8521.13 6860.13 
12001.4 789.791 8780.19 462.178 0.216216 8526.12 6854.83 
11979.1 805.561 8718.55 461.784 0.216216 8517.73 6852.74 
11984.5 823.58 8735.35 460.148 0.216216 8503.97 6858.15 
11987.6 832.641 8681.4 445.133 0.27027 8484.25 6759.9 
12705.1 889.161 8536.79 444.284 0.27027 8235.22 6570.75 
12711.7 902.771 8522.31 443.502 0.27027 8231.38 6578.9 
12735.7 906.145 8543.38 442.4 0.27027 8217.51 6669.93 
12718.8 915.442 8551.23 451.347 0.216216 8212.78 6642.32 
12718.3 928.094 8568.13 452.565 0.216216 8234 6674.92 
12714.5 936.879 8554.18 445.879 0.27027 8275.52 6702.48 
12733.3 933.345 8590.17 441.666 0.27027 8270.37 6733.18 
12710 951.768 8600.62 440.238 0.27027 8307.29 6756.99 
12679.6 963.906 8630.73 442.044 0.27027 8338.32 6940.17 
12628.8 963.976 8740.92 443.239 0.27027 8350.26 6983.98 
12610.1 966.029 8784.88 443.276 0.27027 8393.24 6968.79 
12623.7 975.653 8814.72 442.915 0.27027 8393.5 6993.36 
12599 979.103 8759.18 449.971 0.216216 8342.41 6742.89 
12549.2 983.188 8763.92 449.978 0.27027 8373.79 6747.76 
12520.7 995.691 8782.35 440.39 0.324324 8435.06 6773.64 
12553.6 994.599 8786.07 443.072 0.27027 8494.36 6738.27 
12519.2 965.232 8779.96 442.863 0.27027 8503.49 6745.27 
12572 965.495 8654.46 442.934 0.324324 8390.49 6822.04 
11781.5 949.695 8492.34 444.374 0.324324 8736.77 6843.97 
11759.2 958.74 8507.51 443.769 0.324324 8685.38 6893.69 
11777.6 974.317 8555.81 443.989 0.324324 8670.14 6900.52 
11756.3 954.667 8651.69 440.887 0.324324 8725.9 6825.66 
11600.2 1016.36 8655.13 438.767 0.324324 8733.65 6834.49 
11542.5 1013.08 8758.52 443.98 0.324324 8777.08 6853.35 
11405.7 1030.18 8805.67 441.758 0.324324 8887.32 6965.74 
11313.6 1024.11 8813.44 442.029 0.324324 8913.35 7054.56 
11280.1 1031.48 8795.74 438.986 0.324324 8862.98 6952.81 
11246.5 996.988 8740.52 439.716 0.324324 8837.9 6940.1 
11218.1 986.312 8726.33 439.286 0.324324 8827.53 6868.26 
11220.5 973.779 8755.21 439.598 0.324324 8838.87 6910.88 
11167.4 930.143 8831.43 439.271 0.324324 8840.13 6927.32 
13183.7 933.546 8052.53 447.354 0.27027 8509.56 6677.4 
13092.6 934.247 8081.16 458.766 0.27027 8614.38 6453 
13037.3 886.569 8121.38 459.54 0.27027 8635.09 6491.97 
13022.5 905.874 8353.04 442.17 0.27027 8674.34 6460.53 
13072.2 880.751 8031.45 425.415 0.378378 8420.79 6483.83 
13065.1 919.367 8064.07 424.537 0.378378 8217.85 6573.21 
13029.5 912.46 7861.47 423.83 0.378378 8267.89 6611.16 
12933.2 682.793 7755.89 420.66 0.378378 8085.45 6457.91 
12826 670.093 7785.81 420.473 0.378378 8047.16 6424.41 
13908.3 939.015 7816.17 421.517 0.378378 8037.16 6403.53 
13763.5 957.83 7841.4 422.967 0.378378 8044.98 6405.47 
13708.3 929.928 7771.97 424.294 0.378378 8284.08 6334.11 
13695.4 926.767 7884.93 424.087 0.378378 8282.09 6525.1 
13518.1 922.657 7802.84 439.018 0.324324 8248.48 6314.3 
13425.2 927.961 7822.15 427.237 0.378378 8292.67 6302.19 
13319.3 938.821 7826.02 427.101 0.378378 8340.45 6282.54 
13249.7 937.686 7875.3 427.801 0.378378 8333.51 6308.78 
13219.2 925.054 7915 424.235 0.378378 8448.47 6327.38 
13108.7 921.217 7853.92 423.597 0.378378 8405.77 6448.07 
13090 918.617 7873.66 423.358 0.378378 8329.48 6238.83 
13038.9 909.001 7940.26 426.179 0.378378 8448.85 6206.45 
12962 907.048 7974.89 426.434 0.378378 8445.21 6169.37 
12947.6 903.971 7990.93 424.084 0.378378 8500.53 6175.3 
12966.4 901.922 8060.72 423.844 0.378378 8598.71 6341.79 
12923.6 905.86 8044.68 422.788 0.378378 8502.15 6204.31 
9778.65 927.745 7614.66 420.339 0.378378 8773.57 5822.03 
9774.46 920.867 7603.87 429.804 0.324324 8706.77 5722.99 
9777.05 923.867 7655.76 429.643 0.324324 8700.97 5731.2 
9779.92 936.84 7577.31 428.941 0.324324 8966.11 5741.29 
11908 967.258 7329.4 426.401 0.324324 8382.77 5492.63 
12130.3 975.01 7037.19 418.658 0.378378 8252.08 5152.95 
13041 972.315 7067.84 428.793 0.324324 8263.72 5300.42 
14702.7 979.43 6922 434.73 0.324324 8695.55 5104.76 
14676.5 984.384 6888.47 432.612 0.324324 8651.2 5192.84 
14644 982.128 6872.49 434.195 0.324324 8641.69 5196.82 
14567.8 983.471 6865.83 436.209 0.324324 8849.04 5247.35 
14568.9 984.469 6938.53 434.06 0.324324 8623.6 5230.62 
14528.6 979.333 7038.29 436.597 0.324324 8101.04 5181.26 
16984.6 1041 6993.39 437.382 0.324324 7890.77 5157.32 
16992.8 1059.98 6637.96 439.526 0.324324 8060.4 5479.51 
17013.4 1017.35 6587.81 450.383 0.27027 7824.14 5488.16 
17006.1 1023.1 6636.99 440.204 0.324324 7864.11 5497.35 
16989.1 1022.9 6635.43 441.216 0.324324 7823.02 5477.67 
16964 1045.18 6714.05 442.187 0.324324 7709.81 5624.23 
16877.6 1051.6 6734.62 444.288 0.324324 7742.65 5623.9 
16132.2 979.075 6829.99 446.982 0.27027 7900.29 5666.71 
16125.8 990.594 6823.23 448.258 0.27027 7899.56 5654.45 
16092.9 1000.5 6820.38 448.825 0.27027 7927.41 5720.83 
16054 991.803 6736.82 447.129 0.27027 7885.46 5678.54 
16067.3 995.901 6758.42 448.639 0.27027 7885.78 5704.89 
16125.4 1006.71 6800.92 449.254 0.27027 7914.75 5710.72 
16089.9 1002.14 6819.54 449.232 0.27027 7853.26 5718.88 
16067.9 1006.6 6826.67 447.862 0.27027 8030.1 6075.82 
16090.5 998.58 6775.71 448.185 0.27027 7975.57 5990.33 
16052.7 1014.31 6754.67 448.628 0.27027 7934.67 6007.21 
15726.1 996.324 6688.06 447.388 0.27027 7966.52 5960.69 
15510.8 967.979 6548.92 444.242 0.27027 7910.41 5863.18 
15307.2 961.492 6439.42 451.919 0.216216 7826.61 5699.21 
15412.2 915.723 6354.53 457.323 0.216216 7755.76 5550.6 
15519 916.727 6335.52 454.533 0.162162 7738.96 5509.55 
15679 904.285 6311.55 457.299 0.162162 7733.18 5527.91 
15740.7 872.418 6281.75 460.075 0.162162 7739.82 5499.02 
15689.3 866.078 6236.82 461.732 0.162162 7706.75 5502.81 
15853.1 833.935 6399.48 462.929 0.162162 8242.37 6139.2 
15896.7 835.365 6529.37 465.265 0.162162 7883.37 5939.67 
16040.1 835.389 6601.84 462.911 0.162162 7843.62 5971.7 
16032.3 840.946 6607.77 462.716 0.162162 7815.37 5920.56 
16064.1 842.985 6595.5 463.049 0.162162 7796.86 5887.2 
16058.6 842.009 6675.57 457.807 0.216216 7806.96 6022.59 
16074.9 840.64 6650.65 457.613 0.216216 7838.69 5984.95 
16046.8 836.728 6639.77 457.481 0.216216 7886.03 5987.46 
16048 840.555 6467.81 458.529 0.216216 7954.24 5999.07 
16019.5 861.13 6776.4 460.841 0.216216 7986.96 6071.03 
17665.9 994.325 6293.67 456.902 0.216216 7611.5 5652.26 
17560 995.469 6259.22 457.37 0.216216 7629.24 5597.34 
17586.7 1015.5 6237.05 456.702 0.216216 7614.37 5599.47 
17572.4 1014.29 6230.41 458.981 0.216216 7596.22 5638.39 
14412 1027.04 6556.26 459.452 0.216216 7821.67 5862.41 
14433.7 1022.24 6587.19 459.53 0.216216 7911.63 5886.39 
14400.1 1031.62 6583.23 456.494 0.216216 7901.75 5868.26 
14262.7 1044.77 6566.66 456.647 0.216216 7937.26 5885.38 
14291.2 1080.73 6591.68 456.96 0.216216 7919.66 5837.89 
14251.6 1078.91 6586.93 457.07 0.216216 7953.15 5827.54 
14179 1118.26 6565.96 456.968 0.216216 8002.13 5779.69 
14213.1 1138.17 6557.71 456.204 0.216216 8010.55 5754.09 
14210.6 1150.38 6551.42 456.171 0.216216 7967.62 5722.19 
14060.3 1202.58 6534.72 455.729 0.216216 8000.48 5663.47 
14061.5 1220.28 6542.5 456.452 0.216216 7977.53 5655.66 
13991 1233.04 6570.83 456.124 0.216216 7985 5709.36 
14028.7 1246.75 7016.79 459.822 0.162162 7582.04 6017.99 
14013.6 1261.97 7009.08 463.727 0.162162 7536.46 5937.27 
13978.8 1270.98 7080.93 463.646 0.162162 7513.31 5860.01 
13760.9 1191.16 7068.73 465.125 0.162162 7513.33 5888.25 
13662.5 1141.81 7094.45 475.743 0.162162 7548.41 5908.6 
13614.7 1114.27 7095.64 479.593 0.162162 7477.74 5899.56 
13547.8 1082.93 7097.39 479.023 0.162162 7446.57 5878.32 
13554.5 1087.33 7187.84 468.567 0.162162 7466.28 5910.43 
13557.2 1092.24 7204.17 463.712 0.162162 7455.75 5910.07 
13512 1059.9 7195.03 460.477 0.162162 7463.59 5881.12 
13331.7 1010.92 7155.42 455.209 0.216216 7425.19 5815.81 
13316.3 1028.74 7085.36 447.142 0.216216 7352.48 5822.86 
12850.1 941.537 7184.08 440.215 0.27027 7435.71 6059.99 
14053.9 967.686 6806.21 455.296 0.216216 7230.34 5613.63 
14054.2 973.947 6809.05 456.067 0.216216 7197.43 5629.85 
14213.3 1123.67 6811.26 444.949 0.216216 7146.73 5628.16 
14136.9 1150.68 6864.62 444.133 0.216216 7191.68 5646.78 
13970.2 1163.5 6974.45 442.905 0.216216 7294.23 5891.31 
13980 1171.66 6921.67 456.178 0.162162 7347.86 5822.16 
14704.7 1275.3 6944.56 441.473 0.27027 7364 5819.59 
14825.7 1288.87 6776.48 445.182 0.27027 7287.34 5509.33 
14312.6 1079.59 6875.72 444.314 0.27027 7415 5624.09 
13922.7 939.83 6936.62 444.91 0.27027 7477.62 5637.94 
13808.6 968.403 6874.8 436.801 0.27027 7279.92 5576.95 
13998.1 1053.47 6763.71 439.166 0.27027 7225.27 5511.21 
13966 1105.23 6821.94 446.268 0.27027 7282.82 5553.25 
13933.7 1098.71 6831.39 450.47 0.27027 7343.74 5644.39 
13125.1 1263.96 6786.64 445.639 0.27027 7389.54 5670.28 
12916.6 1162.69 6890.12 453.88 0.27027 7556.15 5773.72 
12780 1164.23 6851.97 447.989 0.27027 7676.23 5811.26 
13642.4 1246.32 6682.98 448.394 0.216216 7424.94 5545.6 
13619.1 1230.02 6709.17 458.175 0.216216 7265.39 5464.62 
13615.9 1244.82 6717.94 451.608 0.216216 7305.73 5458.66 
14243.3 1327.88 6491.31 474.886 0.108108 6876.48 5313.41 
14256.5 1342.06 6456.51 479.764 0.108108 6851.83 5215.95 
16423.9 1364.8 6438.69 477.247 0.108108 6873.1 5182 
16251.9 1424.73 6492.62 472.033 0.162162 6931.79 5209.13 
16291.1 1445.19 6502.35 470.628 0.162162 6961.11 5131.69 
17898.2 1735.99 6342.13 468.214 0.162162 6793.95 5038.92 
19451.8 1915.7 6374 470.839 0.162162 6832.69 5059.83 
21735.6 1993.6 5912.23 477.379 0.108108 6595.13 4778.16 
23339 2284.31 5799.24 469.806 0.108108 6447.1 4670.36 
24550 2386.99 5769.64 476.124 0.108108 6384.99 4532.92 
29337.3 2926.33 4422.66 471.367 0.108108 5498.25 3581.53 
29215.8 2981.63 4449.64 472.566 0.108108 5517.1 3634.97 
29150.8 3029.46 4449.26 473.055 0.108108 5600.45 3677.61 
30694.5 3377.99 4352.33 471.983 0.108108 5361.41 3694.17 
33748.5 3608.44 3639.58 469.88 0.108108 4811.68 3099.27 
33662.7 3653.95 3636.33 470.415 0.108108 4932.19 3121.11 
35151.3 3920.7 3574.03 467.121 0.108108 4745.61 3027.16 
37013.4 4179.28 3163.21 464.834 0.108108 4452.46 2551.9 
41218.2 5115.45 2022 460.672 0.108108 3737.56 1879.51 
43013.9 5669.21 1625.06 458.463 0.108108 3376.94 1484.87 
42909.2 5740.97 1626.02 459.254 0.108108 3307 1445.56 
44275.5 6094.49 1245.53 457.909 0.108108 2958 1122.05 
44237 6179.62 1255.76 458.444 0.108108 2939.75 1142.73 
44011.9 6260.46 1254.22 458.103 0.108108 2944.44 1136.45 
45775 6682.1 904.498 457.48 0.108108 2559.61 842.965 
