999
32007.9 6569.51 2829.34 531.619 0 5758.72 3010.29 
32010.1 6574.45 2680.97 530.417 0 5448.72 2882.94 
32242.9 6645.28 2597 523.968 0 5424.33 2733.27 
32188.8 6671.38 2555.93 528.161 0 5488.14 2739.8 
32061.3 6707.11 2571.4 530.443 0 5452.42 2743.76 
32038.6 6689.51 2466.64 538.841 0 4791.5 2413.67 
32182.6 6772.06 2305.19 536.988 0 4651.9 2348.88 
32202.3 6836.58 2242.06 548.034 0 4753.99 2378.9 
32073.4 6810.71 2223.59 535.415 0 4868.61 2366.92 
32107.1 6795.4 2112.83 531.468 0 4735.15 2234.17 
32133.4 6813.22 2086.26 527.89 0 4880.32 2154.39 
32168.7 6820.29 2010.49 534.524 0 4647.66 2011.12 
32118 6890.16 1900.5 526.93 0 4669.12 1961.52 
32069.6 6877.25 1882.87 528.019 0 4566.11 1946.15 
32017.7 6857.37 1822 515.635 0 4064.4 1880.81 
31950.6 6863.81 1803.17 512.115 0 3725.68 1806.13 
32400.3 6843.9 1774.56 514.843 0 3652.8 1724.68 
32392.8 6843.32 1689.33 515.617 0 4069.92 1643.12 
32424.3 6802.29 1685.78 513.073 0 4057.14 1655.78 
32501.8 6809.98 1502.63 509.819 0 3676.76 1551.87 
32453.4 6829.45 1511.58 509.057 0 3571.35 1573.21 
32443.6 6819.13 1362.29 513.246 0 3112.69 1368.6 
32559.2 6807.88 1272.09 521.377 0 3002.66 1291.68 
32526.7 6884.68 1271.05 521.594 0 3036.1 1326.8 
32352.4 6978.98 1334.23 515.837 0 3545.19 1246.75 
32342.2 6975.71 1295.31 524.695 0 2824.72 1151.76 
64180.5 13192.6 348.475 515.31 0 477.863 540.598 
64549.5 13157.3 345.415 515.414 0 484.795 547.203 
65165.7 13525.8 362.875 513.971 0 514.886 539.612 
64818.2 13937.3 377.763 510.833 0 522.641 507.185 
64727.2 14100.8 381.245 513.417 0 516.814 524.005 
63959.2 14690.8 377.044 511.547 0 513.192 548.969 
63289.4 15064 383.549 511.808 0 517.219 560.166 
63131.1 15279.1 380.545 513.826 0 509.036 542.172 
63074.1 15728.2 375.026 512.93 0 541.081 514.484 
62882.4 15999.3 388.557 511.919 0 521.481 525.177 
61325.4 16795.3 413.276 517.095 0 496.855 565.683 
61304.4 16961.4 393.409 509.328 0 540.195 536.057 
60743.5 17172.6 395.474 512.443 0 551.73 565.416 
60212 17541.8 391.414 520.109 0 540.598 569.528 
58907.1 17660.1 401.528 520.43 0 548.773 582.052 
58770.5 17797.7 387.589 520.045 0 533.43 575.047 
59156.1 17735.2 375.379 519.211 0 529 576.017 
58951.1 18118.7 379.406 520.067 0 536.279 609.016 
59442.6 18246.9 359.023 519.615 0 467.353 530.549 
59950.6 18202.4 373.93 519.878 0 482.919 539.535 
60333.8 18480.1 363.616 516.911 0 462.41 552.328 
60152.4 18528.1 350.013 517.281 0 496.965 519.435 
60949.9 18290.6 363.092 518.666 0 513.299 603.406 
60927 18389.2 384.194 517.052 0 515.501 596.312 
59877.8 19214.9 368.04 521.444 0 496.492 572.343 
59833.2 19319.2 372.905 520.808 0 496.142 566.059 
60196.1 18686.6 393.084 523.315 0 569.211 638.799 
59815.6 19345.6 404.874 521.058 0 559.094 645.337 
59361.2 19081.9 423.959 523.844 0 552.537 659.099 
61144.6 19625.6 408.791 524.655 0 522.295 571.777 
62133.9 19288.8 440.984 523.985 0 562.081 662.167 
62260.6 19208.2 433.159 521.043 0 574.726 698.167 
64232.5 18947.6 461.232 523.629 0 579.053 795.243 
65994.2 18468.8 461.597 528.244 0 580.589 767.668 
66917.6 17527.3 510.453 527.43 0 615.32 883.404 
67869.5 17072.9 529.663 523.573 0 633.052 923.954 
68345.5 16467.9 539.065 523.957 0 678.841 899.884 
68011.4 16048.5 562.906 526.827 0 699.398 985.934 
66576.9 10870.7 595.677 533.967 0 721.383 915.837 
66836 10787 605.675 533.048 0 692.552 948.89 
66473.2 10793.4 610.82 532.674 0 689.257 947.222 
65034.2 10865 588.096 531.282 0 680.376 925.147 
64026.4 10582.1 553.74 529.904 0 642.891 959.273 
63339.7 10382.6 572.435 532.511 0 706.458 949.768 
62518.9 9292.62 524.943 528.545 0 828.892 1005.62 
62284.6 8197.6 522.292 533.344 0 830.237 1007.1 
61331.3 7063.54 537.943 533.37 0 947.544 1026.71 
59690.1 7179.65 532.484 534.071 0 946.57 1047.95 
56557.2 7214.99 540.588 530.629 0 970.26 1059.43 
51591.7 7029.76 542.102 536.24 0 959.414 1072.19 
51369.1 7183.82 561.579 537.453 0 975.699 1105.56 
49872.9 6594.5 680.323 537.563 0 1043.48 1312.6 
50234.3 6384.62 719.429 537.869 0 1081.24 1477.98 
47237 5839.25 883.028 527.088 0 740.355 978.016 
47199.1 5492.56 1659.85 528.06 0 1188.17 1434.32 
47309.6 5575.43 1657.03 528.774 0 1176.93 1454.32 
46644.9 5328.01 2166.29 528.827 0 1452.86 1680.14 
46750.5 5653.64 2105.03 528.845 0 1433.7 1658.1 
48939.6 5822.68 1749.44 528.206 0 1198.13 1592.74 
48759.1 5726 1663.54 528.853 0 1204.84 1563.23 
50058.5 4133.19 1623.86 529.12 0 1176.84 1513.86 
50957.2 2507.92 1512.97 524.826 0 1117.33 1394.13 
50415.4 2341.85 1637.23 528.435 0 1181.53 1481.22 
50561.2 3095.68 1743.8 527.865 0 1242.11 1522.52 
50308.1 3083.12 1716.98 528.2 0 1254.68 1491.71 
47860.2 4575.47 1777.54 523.127 0 1312.71 1561 
47391.6 4697.3 1954.53 522.687 0 1385.76 1308.39 
47238.6 5163.04 2063.11 520.62 0 1369.36 1350.07 
50217.1 5407.48 2202.02 525.435 0 1377.21 1515.76 
52480.3 4811.84 2259.96 521.101 0 1482.17 1551.95 
51754.7 4748.09 2412.4 521.021 0 1530.04 1583.1 
53538.6 4798.23 2381.66 520.543 0 1519.52 1599.33 
53446.9 4755.18 2383.95 520.623 0 1538.32 1626.93 
55679.9 3642.75 2439.65 517.574 0 1549.44 1593.04 
55197.1 3587.26 2455.76 516.846 0 1548.34 1545.1 
54246.4 3319.09 2487.23 515.506 0 1565.26 1368.61 
55837.7 3279.36 2560.53 516.313 0 1559.03 1373.59 
57217 2706.35 2549.7 518.572 0 1561.64 1307.96 
57846.9 2330.76 2503.81 516.805 0 1465.94 1257.95 
57401.5 2337.59 2557.5 526.058 0 1496.37 1318.22 
56353.9 2348.82 2637.19 414.889 0 1536.66 1279.77 
59082.4 952.439 2676.09 428.195 0 1527.61 1356.87 
58959.4 688.19 2766.32 391.83 0 1556.76 1438.53 
57948.6 672.691 2845.78 405.765 0 1568.98 1461.34 
58560 321.97 2856.17 405.152 0 1573.81 1522.9 
58101.3 307.277 2754.22 434.165 0 1532.16 1528.38 
57870.4 305.808 2801.8 461.316 0 1515.13 1550.88 
57566.1 305.691 2759.55 403.731 0 1480.66 1565.79 
57119 295.756 2768.05 397.739 0 1543.69 1597.35 
56187 369.012 2785.79 398.341 0 1520.51 1683.64 
54904.4 399.388 2876.33 407.035 0 1501.01 1676.76 
54376.1 391.404 2869.88 429.229 0 1443.03 1617.22 
52167.6 395.401 2864.61 466.428 0 1398.49 1684.41 
51144.5 476.464 2905.6 458.22 0 1415.42 1807.16 
50039.8 489.573 2902.32 457.887 0 1421.98 1849.56 
49321.6 484.428 2914.45 479.138 0 1389.87 1776.48 
49053.2 493.001 2889.39 485.074 0 1364.65 1718.92 
44632.1 649.251 2815.53 483.651 0 1379.02 1668.15 
43784 684.856 2851.67 484.016 0 1374.63 1652.57 
43377.5 674.361 2862.95 483.821 0 1389.27 1641.26 
42534 670.382 2856.42 479.232 0 1382.99 1702.11 
41491.5 658.353 2905.84 478.666 0 1449.86 1676.95 
41340.5 658.781 2938.83 481.126 0 1449.03 1664.58 
41102.7 668.627 2956.21 479.922 0 1479.05 1693.96 
40436 662.549 2983.81 480.518 0 1493.22 1721.06 
38557.7 686.109 3010.78 480.187 0 1516.41 1750.64 
38275.4 661.876 3045.2 481.445 0 1509.92 1776.82 
36425.7 672.93 3011.31 475.881 0 1504.9 1736.24 
36372.9 673.558 3057.51 477.521 0 1560.85 1773.65 
34993.9 669.852 3129.63 480.914 0 1621.51 1862.09 
34566.6 671.452 3202.9 480.093 0 1645.75 1844.52 
34440 670.486 3160.85 480.097 0 1635.56 1860.75 
33917.5 670.079 3162.95 476.833 0 1610.14 1884.1 
32060.9 598.434 3161.89 478.674 0 1599.17 1872.84 
31669.7 587.928 3164.44 479.815 0 1652.25 1837.83 
31308 562.994 3228.82 476.565 0 1631.33 1868.24 
31112.8 561.127 3200.59 476.143 0 1754.37 1891.36 
30172.7 550.965 3191.54 476.904 0 1714.36 1866.27 
30293.2 525.657 3176.11 477.469 0 1697.51 1828.34 
30073.7 519.636 3124.08 479.767 0 1758.89 1819.79 
29886.2 528.031 3112.34 480.513 0 1773.07 1857.85 
29563.3 495.699 3027.3 478.185 0 1749.71 1700.13 
29184.2 484.215 3014.62 481.684 0 1740.15 1723.99 
29460.8 429.963 3004.9 481.786 0 1731.36 1687.37 
29611.8 428.613 3084.11 484.383 0 1745.33 1719.45 
29737 390.009 3011.97 483.973 0 1714.83 1727.03 
28964.1 394.607 3025.08 485.863 0 1745.43 1737.52 
29080.5 393.139 3062.92 485.672 0 1734.61 1725.67 
29700.5 260.427 3054.15 486.06 0 1729.07 1666.5 
29730.5 252.491 2956.07 485.609 0 1760.33 1649.56 
30122.1 215.167 2982.49 486.324 0 1778.11 1641.03 
30052.1 117.155 2953.08 483.005 0 1742.55 1648.37 
29815.6 73.138 2965.72 480.272 0 1829.16 1690.96 
29776.2 59.09 2817.54 480.846 0 1692.5 1706.21 
30268.6 60.0008 2780.22 479.471 0 1680.55 1780.58 
30497.8 55.1548 2650.14 457.867 0 1641.9 1829.56 
31022.9 45.9811 2654.68 455.879 0 1640.57 1853.14 
30977.5 44.1738 2628.9 455.779 0 1645.43 1894.83 
30912.8 47.6362 2596.21 455.06 0 1682.11 1890.76 
31027.4 48.6852 2621.29 456.514 0 1731.02 2103.07 
30446.1 48.8195 2672.32 455.656 0 1742.95 2336.86 
30506 54.1919 2687.7 455.481 0 1751.74 2347.08 
30328.9 55.8221 2697.35 456.191 0 1769.72 2344.43 
30276.2 60.7706 2614.59 456.21 0 1729.39 2236.39 
29248.3 84.0214 2713.88 459.621 0 2052.09 2292.39 
29427.6 84.909 2575.41 461.204 0 1994.19 2190.55 
29079.6 82.4535 2674.29 461.8 0 2011.38 2312.09 
28800.1 93.6547 2737.67 462.493 0 2005 2350.6 
27354.8 100.429 2749.27 462.832 0 2030.88 2217.74 
27205.4 108.507 2719.14 461.372 0 2000.52 2139 
26156.9 97.7087 2806.45 463.921 0 1909.66 2171.83 
25805.4 102.8 2905.67 450.925 0 1996.72 2144.04 
23794.8 111.775 3035.35 417.271 0 2112.1 2285.38 
23205.5 127.455 4373.31 408.194 0 2641.09 2679.15 
23002.6 139.273 5132.09 355.21 0 3036.04 2993.32 
21596.8 139.275 5561.77 319.761 0 3504.82 3072.21 
20676.2 141.998 5921.02 313.377 0 3626.2 3213.82 
20389.9 152.5 5933.03 324.054 0 3607.15 3195.16 
20398.3 146.251 6072.18 389.522 0 3736.16 3213.21 
20392.4 145.123 5819.06 365.222 0 3556.85 3145.9 
18220.7 164.292 5731.18 372.862 0 3483.82 3220.95 
18150.9 141.319 5611 383.959 0 3410.75 3278.7 
18139.7 139.242 5661.35 392.431 0 3422.47 3249.63 
17349.4 177.73 5712.79 619.817 0 3426.34 3292.68 
16571.6 163.468 5765.95 453.875 0 3562.98 3214.98 
16574.7 171.113 5785.48 433.315 0 3659.82 3296.74 
16568.1 167.204 5773.71 433.8 0 3585.93 3344.15 
16508.3 170.772 5641.15 434.531 0 3514.6 3255.95 
14959.3 184.901 5770.56 463.052 0 3597.01 3329.71 
14736 157.137 5777.61 463.99 0 3647.52 3394 
14732.1 162.621 5781.16 461.488 0 3696.27 3408.66 
14637.1 173.405 5730.18 484.461 0 3647.32 3374.91 
14412.2 170.121 5629.1 495.223 0 3487.52 3309.03 
14776.4 187.4 5665.75 507.645 0 3509.32 3375.74 
14776.9 191.742 5717.96 507.473 0 3479.95 3355.6 
14775.9 189.175 5830.31 507.473 0 3541.94 3411.65 
13981.5 239.269 5748.74 517.228 0 3507.29 3346.36 
14102.7 247.861 5704.24 536.365 0 3576.11 3349.72 
14103.6 241.45 5724.1 536.414 0 3564.67 3357.15 
13958.9 262.274 5673.23 535.676 0 3468.02 3249.69 
13792.3 288.646 5628.2 537.02 0 3458.1 3246.29 
13687.6 289.663 5592.19 537.44 0 3425.52 3225.98 
13603.8 286.71 5553.93 537.914 0 3447.36 3244.81 
13603.7 290.066 5495.52 543.244 0 3365.89 3203.92 
12490.9 311.319 5491.01 539.247 0 3244.27 3046.65 
12242 325.956 5489.67 540.211 0 3307.48 3074.67 
12419.4 312.522 5447.43 540.694 0 3235.71 2983.07 
12421 306.309 5471.78 540.82 0 3256.54 2907.44 
11968.3 326.2 5493.34 541.323 0 3217.37 2951.1 
12053.2 327.402 5459.54 540.78 0 3203.79 2901.76 
12001.8 327.57 5498.68 541.557 0 3229.77 2903.7 
11998.1 325.57 5543.82 541.557 0 3207.91 2886.29 
11752.6 380.099 5506.65 539.665 0 3163.87 2904.97 
11302.3 379.631 5421.25 539.729 0 3221.86 2884.83 
11602.4 364.72 5348.13 540.83 0 3174.19 2839.74 
11608.2 370.077 5364.11 542.125 0 3201.55 2924.69 
11604.7 376.764 5265.26 541.981 0 3224.7 2720.13 
11724.6 401.256 5288.66 536.137 0 3168.51 2770.69 
11717.9 406.957 5377.31 536.842 0 3205.56 2777.45 
11713.1 411.122 5394.31 536.842 0 3186.97 2750.03 
11687.5 421.115 5307.87 537.422 0 3168.19 2677.39 
11171.3 421.162 5179.1 537.808 0 3049.3 2658.3 
11508.8 446.336 5236.65 537.843 0 2976.16 2673.47 
11498.9 450.483 5261.77 537.843 0 3073.89 2649.49 
11695.7 471.035 5223.02 538.942 0 3136.84 2680.69 
12103.3 448.251 5229.02 538.898 0 3137.53 2673.83 
12046.6 453.284 5156.19 539.532 0 3029.66 2623.14 
10676 452.72 5153.27 539.066 0 3117.04 2663.93 
10668.8 450.875 5248.48 539.066 0 3198.87 2701.43 
10786.7 421.958 5205.51 539.083 0 3194.16 2705.14 
10365.7 448.892 5211.98 539.8 0 3204.88 2718.85 
10210 412.404 5231.23 539.8 0 3231.56 2744.45 
10219.2 446.234 5669.44 539.8 0 3425.5 2815.36 
9910 454.537 5729.61 540.275 0 3456.16 2758.86 
9836.01 459.482 5789.74 540.275 0 3452.84 2809.34 
8910.39 436.056 5797.91 540.294 0 3450.28 2797.42 
8909.36 430.461 5801.21 540.294 0 3482 2752.35 
8833.75 425.28 5744.9 540.292 0 3456.08 2750.19 
8492.17 416.504 5746.65 540.292 0 3475.13 2743.29 
7919.81 414.271 5936.09 540.37 0 3511.17 2817.62 
9938.58 2741.99 2957.13 531.59 0 1308.53 2254.4 
9930.38 3040.88 2974.42 533.185 0 1309.13 2246.66 
9627.43 3498.28 3039.96 532.801 0 1315.61 2256.18 
9576.63 3837.25 2970.33 531.291 0 1305.21 2227.53 
9485.86 4102.16 2973.22 530.76 0 1307.55 2233.32 
9302.15 4734.22 3016.04 534.302 0 1311.27 2262.76 
9380.83 4945.66 3022.64 533.123 0 1321.47 2258.24 
9180.96 4915.64 3032.58 533.513 0 1403.37 2251.52 
9014.97 6021.73 2906.93 533.911 0 1362.27 2173.3 
8998.23 6011.87 2916.9 533.878 0 1317.56 2187.53 
8782.2 7290.08 2786.57 534.661 0 1296.21 2133.37 
8697.83 7396.23 2854.41 534.552 0 1389.48 2182.93 
8773.27 8467.15 2796.7 536.354 0 1337.05 2171.37 
8738.74 9436.1 2565.38 541.772 0 1281.37 2047.69 
8758.87 9344.6 2575.59 541.744 0 1333.93 2045.15 
8598.22 11557.9 2258.61 542.386 0 1272.99 1893.72 
8928.21 11768.1 2269.39 541.231 0 1234.5 1885.48 
8868.28 13030.8 2034.31 543.193 0 1174.05 1729.15 
8817.2 13077.4 1910.31 542.791 0 1145.46 1645.52 
8510.56 13074.8 1888.23 541.861 0 1038.59 1598.71 
8547 12712.4 1608.75 546.329 0 977.097 1466.84 
8584.87 12969.2 1395.29 543.373 0 915.406 1291.44 
8513.6 13478.7 1119.98 544.203 0 819.873 1116.74 
8456.29 13520.7 1021.49 544.355 0 884.475 1077.39 
8750.94 13482.3 1028.93 544.674 0 835.901 1070.22 
8722.51 16401.6 694.001 543.104 0 726.635 806.203 
8750.06 18069.2 496.661 542.693 0 648.203 666.048 
9241.97 19782 360.425 542.782 0 613.081 499.609 
9093.47 20264.2 332.306 541.287 0 600.471 451.47 
9359.95 22505.7 335.621 541.374 0 561.867 430.035 
9398.87 23482.8 307.016 540.698 0 550.966 416.784 
9405.35 23672.3 309.664 543.874 0 551.721 440.642 
9143.61 23720.1 319.45 541.456 0 495.375 473.816 
9141.3 23923.3 323.024 539.648 0 496.375 484.02 
9156.6 24540.3 326.195 539.911 0 500.967 484.743 
9256.96 24845.5 326.594 540.738 0 563.305 481.748 
9849.76 25378.2 331.459 543.06 0 561.485 474.909 
9803.05 26302.7 338.734 542.474 0 573.722 467.786 
9813.64 26525.1 336.875 541.251 0 571.883 464.141 
10055.6 27783.4 345.527 538.675 0 573.255 483.712 
10148.9 27449.5 335.402 540.609 0 605.431 471.292 
10125.5 27638.4 338.573 539.886 0 606.692 470.346 
10114.5 28951.1 342.266 538.578 0 606.749 478.379 
32450.4 31478.6 233.708 542.992 0 326.765 284.633 
32428.4 32237.5 235.91 545.412 0 308.729 299.466 
32474.5 32742.4 244.966 546.194 0 315.651 312.694 
32478.9 32924.6 256.16 551.406 0 320.297 331.039 
32637.3 33155.7 252.075 528.87 0 312.596 322.907 
32457.2 33291.6 255.67 518.856 0 315.237 322 
32492.8 33109.2 250.601 518.46 0 313.141 316.516 
32492.8 33241.7 253.645 520.094 0 314.469 307.391 
32898.4 33713.5 257.941 506.676 0 335.486 323.969 
33005.8 33473.7 262.745 494.401 0 349.721 330.594 
32714 33478.1 229.944 461.87 0 361.197 290.158 
32705.7 33938 225.607 460.377 0 359.047 294.431 
32584.4 34313.7 239.849 455.681 0 328.482 315.769 
32560.6 34392.7 249.604 451.228 0 328.854 348.73 
32595.6 34292.5 250.297 451.191 0 326.228 349.801 
32591.3 34063.8 257.651 451.992 0 336.595 357.158 
32397.5 34082.9 253.176 489.411 0 331.358 322.317 
32343.7 34079.7 240.886 483.575 0 349.393 314.778 
32367.8 34358.1 269.377 473.187 0 382.689 334.671 
32035.1 35099.2 270.409 440.682 0 411.831 362.211 
32036.7 35389.1 241.309 441.578 0 400.089 309.118 
32041.8 35255.2 247.378 443.578 0 403.631 304.631 
32043.1 35070.5 252.085 439.643 0 408.358 315.342 
32371.4 34569.1 286.924 496.989 0 427.907 349.87 
32374.5 34639.2 281.196 497.64 0 427.159 349.866 
32527.5 29225 304.236 508.202 0 384.955 364.039 
32414.7 29051.6 294.572 505.715 0 368.651 380.141 
32304.8 28791.9 295.657 504.976 0 365.173 353.159 
32305.1 28028.2 285.104 503.555 0 375.073 356.08 
32432.6 28118.2 282.487 499.586 0 391.657 347.962 
32635.3 28961.4 304.653 498.533 0 450.894 389.104 
32638.4 28542.7 312.157 499.284 0 433.292 416.736 
32648.5 29245.2 313.679 499.008 0 425.401 404.686 
32905.9 29267.5 303.115 496.975 0 452.49 396.495 
32849.7 29396.7 316.458 497.259 0 433.904 406.167 
33202.4 37654.3 333.482 496.409 0 418.363 430.576 
33256.8 37698.9 329.658 495.655 0 409.405 443.176 
33124.8 38085.1 342.88 493.138 0 385.633 443.751 
33016.6 38039.1 338.568 492.651 0 389.342 458.372 
32622 37942.2 318.843 493.594 0 408.017 482.201 
32851.2 34622 349.623 491.764 0 470.328 468.664 
33232.4 30311.2 365.948 494.859 0 598.939 495.505 
33308.8 26381 421.939 496.198 0 604.694 575.941 
33466.4 24797.3 429.111 497.494 0 607.058 582.122 
33896.8 19789.8 408.652 496.785 0 687.568 547.156 
33905.1 19137.8 417.683 495.415 0 680.946 544.095 
34645.7 16611.2 417.688 494.421 0 705.618 543.861 
34326.8 15957.1 428.495 492.79 0 707.146 552.573 
34479.1 15924.2 422.868 492.995 0 695.219 597.138 
34792.3 14637.3 429.672 494.036 0 665.782 587.307 
34612 14672.2 442.376 493.638 0 619.63 591.922 
34410.9 14143.8 414.73 494.589 0 628.906 592.888 
34296.6 13761.1 426.875 495.285 0 633.921 590.989 
34168.2 14156.2 419.087 496.249 0 608.799 596.682 
34097 13879.4 409.557 497.945 0 637.778 587.56 
33999.1 13884.9 409.253 497.301 0 618.905 550.352 
33968.2 13820.9 458.217 497.284 0 625.675 570.544 
33786.8 13692.7 453.122 497.307 0 643.831 595.656 
33822.8 13661.4 446.48 497.307 0 651.094 619.815 
33250 13622.6 499.435 496.815 0 696.484 702.473 
33355.9 13567.1 519.524 496.815 0 692.921 740.557 
33189.9 14180.2 540.953 496.843 0 679.062 773.275 
33183.2 14206.9 542.148 496.745 0 677.424 721.293 
33096.3 14281.8 560.093 496.852 0 662.171 734.257 
33105.2 14374.2 605.166 496.952 0 643.045 770.225 
33235.4 14104.6 564.664 496.487 0 688.084 712.852 
33003.1 14119.8 531.32 495.984 0 742.535 633.554 
33294.3 14179 548.196 522.094 0 757.938 709.91 
33380.8 13617 551.852 522.366 0 768.838 739.987 
33306.8 13798.6 556.526 520.723 0 874.688 920.992 
33240.7 13837.6 572.346 521.332 0 930.078 935.112 
31691.1 2899.49 6588.98 525.349 0 8042.11 4558.36 
31730.9 2970.67 6878.38 529.418 0 8102.86 4706.33 
31722.3 3154.53 6885.26 530.03 0 8112.26 4693.35 
31722.3 3152.23 6387.71 531.707 0 8442.56 4704.08 
31886.1 3187.88 6133.32 536.565 0 8843.98 4496.56 
31968 3161.6 6209.89 535.046 0 8920.87 4557.13 
31950.6 3173.88 6430.57 543.631 0 9224.18 4511.13 
31953.6 3139.03 6525.72 534.797 0 10084.6 4503.41 
31926.9 3183.45 6608.47 530.213 0 9953.69 4428.77 
32121.2 3235.69 6594.8 536.976 0 9893.33 4450.37 
31832 3255.99 6638.76 532.714 0 10019 4331.23 
31825.9 3242.61 6593.06 532.542 0 10095.7 4327.05 
31927.4 3192.54 6160.12 530.631 0 10510.6 4550.45 
32049.5 3270.16 6054.3 532.993 0 10606.5 4631.08 
32051.1 3254.42 6056.15 524.706 0 10948.2 4871.1 
32051.1 3227.79 5960.95 515.37 0 11304.1 5130.19 
45.5112 222.885 7420.13 500.197 0 15065.7 7694.84 
56.9145 219.735 7268.67 535.834 0 15491.7 7600.65 
54.2325 220.29 7156.64 549.126 0 15522.1 7066.76 
55.5199 207.122 7289.64 542.664 0 15744 7639.31 
44.2323 204.862 7441.27 545.014 0 15566 7153.32 
53.8082 179.707 7468.84 545.062 0 15550.9 7022.93 
48.4871 164.237 7515.44 558.276 0 15678.8 6699.01 
58.5038 156.845 7974.19 543.654 0 15079.1 6934.01 
31.7383 136.022 7991.46 549.031 0 15408.1 7409.19 
33.0059 166.039 7964.67 543.954 0 15377.1 7525.75 
50.446 193.46 8002 554.474 0 15424.9 7812.97 
58.5382 285.079 8072.71 582.314 0 13993.8 6472.09 
58.1755 274.986 8198.96 564.761 0 14663.6 6715.46 
49.2747 244.269 8139.86 559.735 0 15048.6 6721.46 
48.5544 235.794 8384.42 559.928 0 15560.8 6805.04 
77.8475 224.008 8240.96 550.016 0 15600.9 6672.16 
77.8475 195.438 8504.91 556.482 0 16573 7165.72 
62.895 173.722 8818.01 562.835 0 17444.3 7378.54 
55.732 136.114 9284.81 558.174 0 17498.2 7345.07 
52.263 115.33 9638.51 551.568 0 17906.8 7704.9 
52.263 107.953 9810.46 540.826 0 17906.9 7486.79 
41.5401 110.517 10059.7 544.926 0 17893.6 7548.26 
41.5401 110.985 10164.7 543.648 0 17949.9 7742.88 
36.4264 126.85 9996.33 545.281 0 17990.1 8056.71 
36.4264 125.276 10132.8 545.082 0 18041.7 8015.75 
43.9033 138.034 10164.9 535.709 0 18212.1 8187.85 
41.2848 128.609 10187.2 530.721 0 17908.9 8120.3 
47.8138 155.991 10322.3 534.115 0 17777.2 7925.09 
48.257 163.728 9870.95 523.218 0 17807.9 7777.84 
39.3426 170.021 9909.34 527.27 0 17808.7 7817.96 
39.2818 181.84 10165.4 524.169 0 17216.3 7451.62 
42.7968 188.032 10336.3 528.227 0 16892.3 7385.71 
43.5424 183.904 10329 527.241 0 16020.3 7241.62 
47.7858 173.756 10217.2 526.93 0 16053.5 7098.49 
41.7361 182.412 10288.7 526.661 0 16102.4 7053.81 
36.0536 173.63 11122.6 534.265 0 15148.1 7240.64 
38.6001 159.571 11224.8 532.626 0 15319.8 7482.47 
38.6001 169.027 11616.5 539.445 0 15539.6 7503.92 
41.9863 167.17 11662.1 541.045 0 15617.3 7577.54 
36.4766 181.575 11725.7 550.15 0 15617 8264.11 
54.204 174.874 11607.3 549.466 0 15698.9 8716.74 
54.204 167.786 11821.5 555.684 0 16088.3 9045.24 
52.002 162.614 12015 560.719 0 16571.4 9171.22 
44.8087 157.996 12079.7 554.954 0 16620.8 8965.33 
39.0017 155.422 12077.1 553.501 0 16635.9 9041.72 
39.0017 147.344 12126.8 547.878 0 16959.2 8861.97 
39.4655 141.913 11612.2 547.435 0 16849.8 8640.26 
43.6235 177.08 11877.7 546.896 0 16943.6 8126.19 
36.1573 192.923 11937.4 548.419 0 16746.3 8150.21 
36.1573 209.505 12654.4 543.56 0 16606.2 8102.16 
45.1212 173.611 12684.4 542.631 0 16576.4 8059.26 
41.9272 159.267 12636.9 549.009 0 16833.1 7681.8 
40.3971 154.211 12696.5 553.016 0 16901.5 7891.48 
40.3971 151.396 12877.3 556.751 0 16887.7 7921.73 
40.3971 166.664 12762.1 549.631 0 16926.8 7807.23 
44.69 115.5 12746.9 543.93 0 16835.9 7503.22 
40.4588 116.875 12739.2 544.302 0 16818.8 7413.38 
40.4588 96.3436 12770.2 545.109 0 16014 7526.91 
41.6164 91.8727 13021.2 548.32 0 16033.2 7650.56 
39.2068 69.0961 12922.1 545.114 0 15456.1 7229.54 
40.6038 66.3438 13047.6 567.953 0 15343.5 7204.36 
37.903 64.9765 13019.1 575.491 0 15172.2 7107.83 
41.3293 65.6355 12720.6 570.286 0 15464.4 6772.52 
28.0097 72.6499 13063.1 561.14 0 15539.2 7023.17 
36.2966 60.5802 13313.2 561.664 0 15650.8 6736.54 
38.8031 54.2694 13380.9 562.146 0 16047.9 6683.87 
51.3181 53.3865 12952.3 564.183 0 16602.4 6531.94 
41.545 59.6372 12782.4 561.042 0 17271.2 6771.35 
32.5884 52.8744 12995.4 572.679 0 17360.1 6836.97 
36.4578 54.82 12131.6 573.578 0 19276.2 6597.33 
19.411 84.8179 4543.15 561.922 0 11110.5 4353.44 
26.9324 95.3506 4697.86 581.906 0 11362.2 4591.83 
29.7006 114.482 4872.3 578.364 0 11692.2 4666.29 
20.8574 106.109 4933.35 562.594 0 11833.3 4592.33 
22.6107 89.0842 5043.73 568.986 0 12000.1 4980.33 
18.0108 82.9375 5401.21 548.696 0 11968.6 5276.56 
15.9693 65.6958 5534.04 545.154 0 11552.6 5332.81 
15.5663 76.8838 5558.24 548.685 0 11370.7 5403.95 
16.735 87.1575 5562.52 551.768 0 10880.8 5127.94 
24.6156 88.9676 6090.45 554.393 0 10842.4 5280.72 
24.6548 101.203 6022.06 560.198 0 10907.3 5144.25 
20.9537 78.0846 6085.09 554.782 0 11136.2 5282.88 
22.7674 93.1893 6091.23 557.159 0 11243.6 5352.77 
21.3026 102.196 5955.64 555.688 0 12227.6 5597.08 
24.285 129.269 5872.84 553.963 0 12254.9 5687.16 
21.2013 145.659 5874.98 544.992 0 12192.9 5696.49 
36.7856 125.072 5791.5 543.063 0 12453.2 5662.08 
26.5486 116.395 5852.48 541.63 0 12440.1 5652.07 
20.8643 104.433 5993.89 543.875 0 11711 5603.88 
26.4316 114.042 6306.83 545.08 0 11791.6 5684.07 
21.8855 94.205 6744.27 539.527 0 11599.5 5666.8 
19.6681 72.9706 6656.12 543.321 0 11159.5 5602.23 
21.5824 66.6891 6740.86 545.122 0 11173.6 5575.12 
24.3241 108.669 6745.89 541.555 0 11781.9 5603.5 
20.0713 100.892 7199.54 552.424 0 12089.9 6391.69 
21.8039 100.022 7211.77 556.81 0 13135.9 6422.24 
25.2797 105.872 7153.49 551.038 0 13098.6 6559.48 
22.2687 106 7186.71 550.735 0 13215.1 7038.12 
21.0334 100.744 7345.9 573.24 0 13968.5 7266.64 
18.576 104.297 7413.7 549.524 0 13733.2 7282.5 
15.6669 95.7034 7528.08 545.291 0 13412.5 7213.39 
15.0621 112.007 7421.09 551.299 0 13063.4 7185.56 
18.2911 118.287 7698.4 563.166 0 12908.4 7390.94 
19.4202 82.3781 7602.61 566.345 0 12006.6 7140.25 
20.6391 69.7799 7619.15 562.605 0 12011.4 7175.19 
19.4082 62.6162 7803.82 567.97 0 12021.2 7687.29 
21.1743 85.1389 7882.52 574.271 0 12216.2 7941.21 
21.6779 104.906 7769.67 562.47 0 12935.5 7921.51 
22.0402 106.152 7801.55 564.492 0 13075.8 8037.08 
18.9579 111.491 7843.75 564.431 0 13195.3 8053.41 
24.1646 110.07 8368.68 555.194 0 13576.7 8993.1 
24.2387 114.659 8588.12 553.404 0 13716.4 8732.42 
23.0103 108.57 8463.45 563.138 0 13093 8560.96 
24.8815 115.368 8585.27 560.551 0 13087.2 8588.06 
28.2183 99.9451 8557.12 558.02 0 12897.6 8282.33 
30.8366 69.7862 8481.2 563.508 0 12841.7 8170.83 
29.4252 67.918 8501.6 559.148 0 12827.7 8167.37 
35.7943 93.9142 8548.82 553.053 0 12999.5 8301.25 
27.5368 113.669 8467.67 547.429 0 13264.8 8164.34 
32.6514 128.782 8499.05 542.966 0 13868.5 8388.18 
28.2187 134.185 8623.75 535.036 0 14243 8586.42 
32.8798 147.022 8732.04 534.619 0 14351.7 8562.05 
28.9608 136.171 8698.83 533.68 0 15156.5 8455.29 
26.0863 143.29 8722.33 533.96 0 14989.2 8336.2 
21.2507 133.94 8693.15 533.961 0 14318.3 8463.29 
21.25 142.244 8737.21 539.976 0 14000.2 8338.53 
22.0507 136.022 8713.83 540.053 0 13927.7 8280.72 
18.7276 80.3447 8715.37 564.627 0 13403 8093.51 
23.5861 62.4976 8732.23 565.655 0 13190 8128.42 
15.068 84.4579 8757.83 561.643 0 13251.6 8028.65 
24.3496 94.1747 8771.39 560.742 0 13323.5 8338.21 
21.7882 109.001 8728.04 560.742 0 13294.2 8369.83 
25.5169 157.199 8788.19 568.857 0 13878.4 8386.2 
29.2452 161.74 8815.85 551.994 0 13983.5 8489.91 
20.9991 152.119 8768.55 544.976 0 14302.1 8587.9 
17.5757 146.738 8665.31 545.291 0 14254 8731.35 
20.5172 119.667 8563.8 553.768 0 13612.1 8713.92 
22.2193 93.5049 8615.73 554.743 0 13530.5 8791.76 
14.4665 95.1194 8644.33 565.106 0 13166.6 9156.56 
19.3989 80.8354 8705.1 560.864 0 12818 9329.04 
21.9381 81.9436 8687.58 559.677 0 12703.8 9316.25 
21.696 83.1983 9005.9 560.44 0 12994.5 9386.09 
24.4623 93.7472 8671.99 561.685 0 13074.2 9684.21 
26.5384 148.232 8674.1 560.733 0 13858.3 9826.04 
14.6678 156.064 8667.89 560.055 0 14605.2 10395.8 
17.4692 168.945 8704.96 564.776 0 15267.7 10673.5 
19.2612 199.55 8270.36 580.811 0 16121.8 11385 
21.1377 211.385 8286.85 560.632 0 16134.5 11626.7 
27.5284 197.225 8386.53 538.43 0 15901 11843.6 
21.9655 152.264 8343.09 543.727 0 14720 11638.9 
19.2816 185.922 7891.45 542.445 0 15672.8 11659.8 
30.0871 145.462 7651.1 561.612 0 14731.2 11527.7 
28.2088 207.256 7370.65 560.667 0 14745 11437.4 
23.4729 187.558 7112.04 561.393 0 14448.5 10357.5 
27.467 189.447 6936.35 565.906 0 15466.3 10186.8 
27.8775 218.155 6932.91 566.086 0 15447.8 10189.4 
25.0751 243.122 6914.46 564.851 0 16072.2 9731.79 
27.149 272.958 7215.95 559.513 0 15306.2 11906 
33.968 264.746 6620.48 288.857 1 13975.8 11134.5 
23.6966 257.791 6655.72 294.984 1 13840.5 11284.8 
20.9432 243.38 6181.9 293.476 1 13661 10987.5 
18.567 213.068 7174.42 362.813 1 14882.3 11913.1 
16.0308 198.527 7130.14 283.727 1 12874 11761.4 
23.2629 171.84 8448.85 337.807 1 11939.5 15110.2 
23.9893 172.194 8441.25 337.807 1 12037.6 15043.3 
31.2177 208.02 7840.55 334.699 1 10923.1 14516 
34.5025 216.311 5731.94 322.886 1 10282.8 10003.7 
22.6149 212.19 5807.34 391.78 0 11834.3 9888.95 
25.4051 151.115 5686.2 367.41 0 8937.38 10601.1 
14.9577 98.6328 5855.88 358.718 0 9155.01 10629.5 
14.1517 81.6432 5573.65 264.214 1 12204.5 9150.17 
13.1873 86.2894 5689.97 343.72 1 13399 8813.43 
13.1873 83.561 6686.83 300.326 1 14336.2 11256.6 
24.5749 62.5282 5894.82 259.959 1 10918.8 10003.4 
24.5749 62.7985 5959.37 262.054 1 10919 10114.5 
26.3242 65.421 4299.1 409.797 0 9052.82 8262.18 
18.6249 67.189 4390.95 482.017 0 6382.37 6901.07 
11.9388 73.7645 4467.83 374.995 0 6679.32 7073.38 
11.9388 73.7645 4468.87 232.057 1 6682.78 7129.39 
14.2812 82.861 4501.85 233.995 1 6575.53 7369.04 
2080.81 296.981 12158.3 289.491 1 13898.8 13391.2 
2069.15 292.79 12124.9 290.184 1 13889.5 13848.1 
1929.96 257.213 11877.8 296.293 1 13906.2 13687.3 
1922.32 250.504 11754 297.954 1 14129.1 13665.9 
1926.02 257.915 11807.3 292.406 1 14202.5 13833.8 
1639.56 245.217 12226.9 296.209 1 14684.3 13971.8 
1673.29 244.471 12213.6 291.033 1 14217.4 14048.2 
726.039 282.784 13212.8 299.435 1 13975.9 14276.8 
729.044 286.417 13223.8 299.435 1 13931.5 14272.1 
724.248 291.711 13206.2 306.45 1 13551.8 14183.4 
1225.91 279.885 12167.4 303.171 1 13885.8 14016.8 
744.865 304.192 12612.2 303.692 1 14281.8 13976.9 
1233.61 310.646 12112.4 309.982 1 13751.7 13788 
1247.76 297.927 12181.2 306.83 1 13794.5 13863.8 
1245.55 292.255 12224.5 309.164 1 13829.7 13838.4 
857.1 346.034 13309.8 301.079 1 12656.4 14078 
982.95 337.021 13200.2 299.955 1 12432.5 14071.8 
357.945 379.152 13896.3 311.336 1 13227.5 14243.8 
358.996 399.427 14019.5 311.951 1 13063.2 14163.5 
895.28 453.421 12812.8 324.074 1 13764.3 13911.8 
488.978 515.832 13404.3 324.106 1 14017.1 13992.9 
53.5387 501.373 14483.6 327.245 1 13724.8 14479.1 
318.631 508.599 14022.8 323.473 1 13357.6 13809.6 
365.324 510.378 14046.2 321.882 1 13344 13733.4 
62.6114 395.32 14536.7 319.989 1 13937.3 13979.4 
78.4278 414.134 14438.2 310.589 1 13995.2 13398.7 
473.245 355.173 13601.8 330.05 1 14038.9 13175.6 
277.885 367.612 13652.7 334.78 1 14532.8 13148.1 
277.6 359.051 13643.7 340.603 1 14571.8 12987.6 
176.318 314.744 13265.1 328.412 1 14176.4 12713.4 
288.017 362.812 13225.9 327.281 1 13697.5 12861.7 
75.6992 316.423 14117.1 330.484 1 13146.3 12887.1 
73.6676 313.999 14085 330.451 1 13144 12915.2 
78.1423 309.816 14129.4 330.054 1 12938 12819.4 
91.1623 381.245 13946.3 332.827 1 12466.3 12611.5 
72.8431 388.153 14212.2 325.862 1 13026.5 12659.6 
69.6617 482.658 13347.7 341.083 1 13060.7 11865 
74.1569 477.806 13402.5 340.573 1 13105.8 11916.8 
73.8424 478.205 13337.3 340.272 1 12978.8 12043.6 
29.9057 771.866 13736.3 338.287 1 13414.1 12010.7 
24.927 909.991 13932.3 352.197 1 13489 11820.9 
37.3341 846.641 14898.3 319.121 1 13454.6 12379.9 
29.636 834.864 15045.3 317.929 1 13291.3 12419.4 
39.8333 818.608 15248.9 308.046 1 12993.3 12315.6 
35.9457 723.448 15361.6 317.547 1 12701.6 12716.9 
26.7163 495.594 15224.3 314.841 1 13158.9 12861.1 
36.7974 356.208 14538.6 350.186 1 13245 13007.8 
41.6361 356.528 14483.3 347.232 1 13306.3 13040.8 
52.5537 553.999 15785 329.323 1 13129.9 13497.9 
73.1164 497.188 15227.8 324.557 1 13653.2 14817 
52.3338 515.835 15218.2 330.885 1 13919.8 14977.8 
30.5834 531.036 15658.9 333.628 1 14765.8 15508 
30.5834 530.359 15654.9 335.365 1 14774.4 15542.1 
30.3898 444.927 14547.7 373.224 0 14831.7 15706.5 
46.2452 489.032 14953.5 373.213 0 15246.2 15752 
45.5398 513.22 15784.5 342.963 1 15244 15970.7 
42.4169 488.592 15435.6 358.455 1 14438.8 16004.3 
31.2784 500.711 15494 345.903 1 14522.5 15443.7 
35.8926 513.209 15729.8 335.685 1 15382.5 15113.3 
37.9086 536.13 15766.4 339.138 1 14823.9 15292.8 
21.6576 433.315 14880.8 372.116 0 14932 15359.7 
24.2358 446.437 15117.6 382.238 0 15143.8 15563.9 
31.0419 447.206 15104.7 382.862 0 14868.3 15558.2 
26.5685 450.582 15114.9 381.871 0 15024.9 15371.6 
41.5973 413.503 14998.1 378.817 0 14715.8 15547 
43.5916 439.358 15677 369.889 0 15202.3 15648.3 
36.5541 455.796 15621.3 358.264 0 15084.9 15800.3 
34.5747 444.853 15610.8 362.181 0 14757.3 16021.5 
44.81 437.669 15658.5 368.635 0 14438.1 16297.8 
36.7076 403.059 15371.5 364.484 0 14518.8 16230.4 
38.1643 390.626 15269.3 367.953 0 14204.5 16306.2 
36.9763 390.802 15239.2 368.454 0 14155.1 16352.1 
43.3872 374.283 15115.6 370.886 0 14107.5 16067.5 
38.2111 303.661 15275.7 363.716 1 13942.2 16155.8 
35.6235 290.299 15702.3 363.884 1 14451.2 16111.3 
26.7339 315.199 16456.3 361.039 1 14564.9 16704.5 
22.741 319.651 16594.7 354.045 1 14161 16548.1 
22.2743 255.717 15664.8 381.801 0 13837.5 16490.6 
25.7417 279.668 16318.1 371.425 0 14231.2 16786.4 
27.0996 246.326 16022.7 373.459 0 14543.7 16611.9 
26.2946 187.354 15930.9 391.799 0 14121.8 16913.6 
26.5367 184.329 15896.2 391.747 0 14247.1 16941.2 
19.8729 145.668 17081.1 357.434 1 14270.8 17162.7 
19.334 169.975 16392.4 385.307 0 14534.5 16149.5 
26.5442 168.139 16333.2 376.815 0 14038.2 16078.4 
20.3962 139.373 17000.9 380.271 0 14327.8 15854.3 
20.4766 139.715 17043.3 374.784 0 14203.2 15876 
24.1118 175.234 15605.4 396.464 0 14277.9 15898.4 
23.2087 160.52 15197.3 404.624 0 14559.9 15385.5 
27.7748 126.451 16032.6 388.667 0 15202.9 15503.3 
25.0546 126.394 15378.5 398.325 0 14306.6 15632.5 
20.2677 131.76 15407.4 388.493 0 14488.2 15077.6 
20.9673 124.158 16581.3 373.113 0 14090.8 14600.8 
26.9357 130.668 16150.2 370.707 0 14342.9 14333.7 
24.1019 131.194 15901.3 386.786 0 14125.8 14451.7 
24.1019 130.665 15893.4 386.172 0 13957.7 14446.2 
22.6126 130.886 15735.7 376.56 0 14197.2 14003.5 
16.8286 126.941 15637.3 373.806 0 14381.5 13628.5 
12.9579 130.164 17647.2 324.096 1 12224.7 14457.5 
22.4735 148.797 17878.7 303.81 1 10399.1 13928.2 
22.2079 150.048 17747.8 298.369 1 10437 13589.9 
21.5675 141.506 17704.6 304.785 1 10420.2 13614.8 
199.634 67.1397 8648.22 237.19 1 6177.06 5841.81 
14.5749 66.8127 6961.41 237.611 1 6071.81 5491.9 
12.3466 59.8977 6120.27 223.356 1 6158.56 4892.7 
101.361 133.181 4883.92 223.65 1 5381.09 4431.22 
100.273 131.984 4700.45 222.136 1 5365.58 4437.76 
47.6339 126.492 4800.14 455.19 1 5540.4 3319.92 
40.9166 96.4631 5317.56 230.436 1 6049.59 3997.17 
39.7239 95.4949 5251.99 228.426 1 5791.32 4038.71 
39.7239 95.9359 5280.22 228.426 1 5749.03 4046.88 
39.7239 95.8646 5276.69 228.426 1 5800.17 4066.68 
31.2145 129.448 5056.8 235.87 1 5590.12 4253.06 
32.3261 116.948 4962.59 238.471 1 5504.02 4195.62 
28.8947 117.884 4942.96 240.031 1 5423.58 4150.13 
33.2476 118.141 4942.78 240.031 1 5436.87 4165.34 
34.7067 124.927 4915.08 237.864 1 5468.33 4340.96 
29.2183 80.6268 4909 237.654 1 5433.6 4294.27 
29.2183 81.4301 4952.98 237.171 1 5458.98 4319.38 
23.4144 83.1404 4990.1 237.171 1 5520.17 4334.65 
19.9203 92.9818 4970.78 236.454 1 5522.4 4457.5 
26.3074 82.1765 4984.4 240.678 1 5601.45 4493.32 
27.0786 80.4487 4954.9 239.489 1 5586.53 4378.14 
32.157 80.5154 5014.5 239.489 1 5592.37 4449.06 
28.8049 87.658 4971.73 237.701 1 5555.46 4483.57 
32.0172 81.013 4911.51 237.923 1 5529.72 4418.46 
39.5942 87.62 4974.29 237.923 1 5566.51 4439.35 
38.1432 101.103 4982.98 238.299 1 5510.12 4435.94 
68.7096 135.619 4855.84 244.449 1 5446.65 4242.49 
76.1645 134.849 4832.57 239.339 1 5418.52 4255.32 
58.4157 135.582 4832.04 238.701 1 5462.92 4200.08 
70.3862 130.056 4890.65 238.785 1 5498.01 4223.01 
66.2495 130.553 4877.31 240.277 1 5471.33 4384.4 
83.3461 124.433 4900.27 238.341 1 5447.34 4408.38 
84.1949 135.08 4976.24 238.072 1 5426.27 4430.19 
88.185 124.582 5049.46 237.785 1 5480.27 4491.9 
68.5604 143.387 5400.1 243.293 1 5530.77 4566.19 
61.3254 129.816 5331.47 245.64 1 5479.92 4719.33 
51.7343 114.214 5511.31 242.667 1 5719.01 4797.29 
59.2999 119.879 5506.58 236.702 1 5854.88 4748.99 
54.5843 114.156 5588.5 236.336 1 5866.84 4772.99 
66.5819 107.575 5714.98 233.623 1 5829.73 4767.26 
63.68 123.381 5791.59 233.405 1 5809.77 4845.96 
37.0247 123.324 6107.22 226.429 1 5657.28 4753.44 
37.3874 123.264 6120.69 226.429 1 5680.9 4764.35 
47.4636 125.329 6305 244.568 1 5537.73 4765.36 
44.1319 101.393 6338.46 245.768 1 5351.34 4510.74 
25.8744 117.986 6321.42 249.927 1 5138.05 4353.58 
29.4818 117.437 6357.67 249.348 1 5144.17 4400.42 
43.2023 119.054 6321.93 250.906 1 5115.54 4250.96 
41.0259 114.513 6336.89 250.878 1 5059.52 4251.78 
40.276 140.697 6519.58 239.46 1 4817.67 4398.98 
39.5505 140.318 6537.41 239.576 1 4778.65 4418.62 
41.5196 117.383 6647.81 239.36 1 4741.11 4462.18 
35.8083 122.938 6493.88 242.98 1 5008.17 4608.51 
44.539 135.633 6577.6 242.935 1 5147.6 4763.68 
39.8837 140.385 6553.94 243.357 1 5149.12 4762.74 
33.6516 137.862 6720.46 230.87 1 4960.09 5048.52 
34.0345 137.048 6717.7 231.899 1 4981.4 5019.74 
38.9807 117.158 6819.68 228.342 1 4985.96 5446.53 
33.0944 119.533 6846.68 230.178 1 4999.43 5507.52 
45.9243 115.452 6738.88 252.752 1 5109.18 5512.08 
31.541 118.682 6646.27 270.746 1 5110.55 5447.38 
62.462 105.982 6586.68 277.347 1 5100.68 5593.94 
48.6362 87.2522 6580.83 284.45 1 5111.21 5573.96 
47.6695 81.4609 6603.75 313.292 1 5131.16 5549.24 
50.2284 85.5128 6649.14 324.909 1 5228.44 5582.72 
53.4019 83.2508 6658.22 294.41 1 5199.73 5502.81 
44.6298 89.2282 6645.51 301.523 1 5167.91 5507.65 
41.8895 84.4489 6671.13 313.926 1 5194.09 5530.2 
35.0251 83.2061 6797.94 309.863 1 5209.39 5547.3 
53.9571 82.4514 6787.84 324.914 1 5295.45 5512.97 
52.9916 84.8341 6775.52 321.151 1 5272.42 5443.29 
52.4688 89.1915 6799.67 324.649 1 5347.31 5434.25 
41.1831 77.3098 6805.27 330.789 1 5424.43 5433.19 
44.0033 86.0791 6936.04 325.862 1 5544.73 5486.19 
47.2117 96.316 6958.64 325.164 1 5624.85 5502.22 
54.8293 90.1255 6961.15 338.035 1 5611.69 5470.43 
34.3588 82.3524 6874.62 337.206 1 5673.81 5393.18 
43.1047 82.3213 6831.62 328.241 1 5747.19 5354 
50.9871 72.3598 6869.57 323.463 1 5742.25 5356.62 
42.644 76.459 6856.91 328.626 1 5782.11 5371.77 
41.7684 82.3764 6864.5 329.367 1 5821.56 5360.96 
35.4954 88.4428 7040.6 330.057 1 5704.75 5503.68 
29.1825 89.2 7098.36 331.609 1 5406.84 5688.21 
25.8771 93.6376 7028 332.704 1 5499.95 5683.12 
28.0413 98.6084 6867.11 334.343 1 5511.21 5629.44 
32.4473 97.1888 6760.46 334.042 1 5606.83 5540.26 
27.3904 98.5003 6752.52 332.658 1 5492.83 5537.8 
20.861 95.5758 6763.96 336.368 1 5544.36 5538.52 
29.5266 102.542 6702.54 327.472 1 5457.69 5541.17 
35.1087 101.585 6695.52 319.42 1 5270.59 5455.6 
42.5221 106.335 6669.3 320.755 1 5259.61 5523.52 
45.1735 116.11 6701.77 320.491 1 5257.39 5523.03 
42.6544 106.485 6772.4 305.895 1 5443.09 5554.53 
42.192 95.7454 6825.27 298.322 1 5398.56 5672.57 
26.4999 82.5415 6877.88 297.626 1 5512.44 5677.98 
21.0587 83.369 6901.71 288.891 1 5666.08 5685.08 
26.1979 81.5212 6877.61 283.026 1 5909.61 5675.33 
34.7826 100.625 6838.26 274.852 1 5948.91 5752.58 
34.3549 104.953 6816.13 276.603 1 5916.55 5747.06 
51.4259 92.6179 6803.48 272.529 1 5967.73 5723.92 
49.9749 92.9801 6839 270.381 1 5892.45 5766.39 
44.5565 78.2413 6894.66 264.716 1 6036.17 5830.29 
51.0857 76.4618 6840.56 276.311 1 6211.53 5896.19 
60.8068 75.2662 6856.22 275.7 1 6259 5915.44 
44.4833 75.734 6914.72 271.608 1 6233.92 5950.5 
40.5411 84.1936 6950.59 298.865 1 6245.96 5939.43 
59.8617 92.5115 6899.45 295.235 1 6359.19 5914.55 
61.4017 68.3069 6915.46 291.707 1 6380.58 5824.02 
53.8243 73.0276 6915.54 295.563 1 6464.53 5795.16 
48.8165 88.1321 6894.62 261.407 1 6271.75 5842.1 
39.0227 98.3141 6904.13 267.719 1 6271.91 5934.54 
53.8951 97.3511 6934.15 271.684 1 6234.08 5955 
66.3789 89.1396 7171.32 300.829 1 6316.52 6270.99 
61.3206 89.4662 7209.04 300.122 1 6408 6280.37 
50.1368 105.241 7081.52 310.206 1 6455.66 6302.06 
50.9671 94.9624 7186.25 300.807 1 6608.49 6378.04 
49.4369 82.1469 7136.83 298.814 1 7067.65 6508.66 
48.006 80.4109 7180.4 290.72 1 7184.53 6550.77 
45.9862 77.9977 7297.13 289.677 1 7372.37 6545.47 
45.9057 77.0869 7293.91 288.312 1 7461.01 6505.02 
40.6158 73.4971 7694.27 275.266 1 7530.41 6333.31 
35.9002 75.2838 7707.44 266.195 1 7696.41 6305.56 
30.6096 85.4281 7782.91 259.475 1 7810.12 6416.73 
23.4589 82.243 8134.24 265.316 1 7745.06 6717.72 
22.7008 85.0285 8290.35 264.191 1 7963.09 6772.86 
20.4644 85.0729 8318.73 262.985 1 8253.21 6783.95 
14.2785 78.1202 8467.61 265.961 1 8135.27 6950.32 
13.553 77.3047 8406.32 262.539 1 8272.93 6944.27 
11.9991 85.3037 8461.59 257.268 1 8237.57 6994.81 
12.4222 84.6777 8490.73 256.254 1 8319.54 7050.19 
20.9381 79.9199 8496.84 252.89 1 8292.08 7013.27 
22.7252 85.484 8420.19 257.571 1 8350.76 6911.28 
15.0297 81.1719 8503.79 251.191 1 8522.04 7024.56 
11.8656 79.0022 8505.05 250.279 1 8547.53 7110.65 
22.4353 80.2775 8372.9 252.813 1 8455.46 7032.04 
22.8584 85.9558 8343.19 252.273 1 8427.89 6978.96 
27.3121 72.4613 7913.12 252.113 1 8345.63 6978.89 
25.1677 87.6358 7811.38 252.74 1 8385.61 6928.93 
25.1275 90.5395 7866.2 254.007 1 8469.79 6916.59 
22.2685 85.807 7549.58 267.038 1 8622.37 6780.93 
22.4286 91.5305 7205.01 264.578 1 8646.21 6474.71 
16.0911 83.803 7143.32 265.949 1 8523.3 6358.42 
15.0632 82.9629 7180.77 264.619 1 8349.71 6307.88 
16.8363 81.4203 7146.12 264.322 1 8430.9 6279.88 
20.1576 117.544 6713.4 268.807 1 8577.19 6161.08 
21.816 128.838 6668.5 262.067 1 8395.33 6317.03 
22.0577 131.882 6662.4 261.437 1 8405.33 6270.3 
22.3938 165.487 6671.07 256.571 1 8183.17 6076 
21.9571 185.139 6570.8 257.438 1 8164.2 5937.99 
13.027 186.317 6436.2 263.389 1 8104.42 5901.23 
10.8907 193.334 6290.04 263.389 1 7880.83 5756.48 
12.0192 191.364 6168.03 263.389 1 7668.53 5651.47 
17.7841 426.367 5826.75 254.62 1 7583.26 5550.61 
26.146 526.076 5791.47 252.516 1 7396.98 5645.77 
25.0577 525.402 5812.76 252.516 1 7175.2 5633.93 
18.9134 748.704 5817.41 263.758 1 7233.04 5593.48 
23.8902 706.579 5808.93 270.998 1 7291.44 5525.37 
18.2868 689.461 5924.08 267.349 1 7366.25 5559.59 
19.2738 691.908 5996.46 267.738 1 7353.6 5582.67 
16.7748 689.773 5967.01 277.558 1 7272 5588.04 
16.8514 488.738 6028.94 290.187 1 7163.17 5634.23 
23.8253 400.569 6088.12 309.151 1 7035.73 5613.48 
16.3779 543.749 6035.73 329.335 1 7084.71 5515.33 
18.4739 546.67 5949.35 321.779 1 7059.3 5451.87 
19.1088 633.608 6073.59 296.991 1 7460.34 5455.71 
16.6823 670.013 6105.41 291.77 1 7504.64 5471.92 
19.3019 669.54 6066.14 290.047 1 7645.82 5509.51 
17.0651 673.423 6101.84 280.845 1 7690.75 5505.98 
15.8766 879.663 6570.71 262.996 1 7441.88 5636.67 
17.8642 872.194 6498.04 249.583 1 7604.89 5691.37 
25.598 829.504 6681.37 246.928 1 7631.56 5442.02 
26.0814 845.708 6565.39 246.928 1 7689.1 5199.02 
29.1412 846.794 6645.15 252.412 1 8016.23 5330.83 
31.1336 725.503 6636.73 252.719 1 8169.07 5245.97 
45.8652 743.452 6578.44 252.719 1 8427.82 5206.76 
34.1971 761.341 6463.33 255.145 1 8293.76 5087.83 
26.8754 128.875 6981.75 247.161 1 8163.92 5209.4 
28.548 155.657 7075.68 244.471 1 7807.01 5237.34 
32.2305 153.647 7279.41 242.862 1 8031.38 5235.42 
24.6129 34.451 7376.46 242.862 1 7748.53 5230.85 
23.906 41.1754 6966.25 252.063 1 7637.01 5273.91 
18.227 37.945 6753.88 261.382 1 7866.73 5649.12 
16.9984 37.6326 6757.99 261.23 1 7724.17 5690.79 
16.051 37.2002 7473.49 263.072 1 7377.81 6620.41 
21.5026 41.366 8339.31 276.963 1 6662.85 7581.51 
16.6317 44.8727 7994.31 279.099 1 6770.96 7309.54 
16.8247 37.4849 10059.5 272.035 1 8181.92 12526.3 
17.5502 37.3513 10087.5 272.035 1 8217.04 12491.8 
20.6841 46.5715 7084.13 270.591 1 5369.42 6679.01 
23.6698 44.4252 6919.7 258.559 1 5653.1 6728.19 
19.2141 41.0047 6988.46 256.654 1 5550.25 6527.97 
21.7175 37.6926 7257.64 243.82 1 6193.62 7622.62 
21.7175 37.6926 7159.28 243.74 1 6282.63 7595.67 
27.0794 40.2356 7323.26 239.267 1 5615.77 8202.6 
23.8532 43.912 7327.13 241.517 1 5683.27 7451.11 
37.0398 55.8951 9628.27 288.48 1 7913.35 10606 
32.2839 44.9724 8291.08 265.645 1 6670.85 8827.23 
33.4935 48.1379 8404.09 271.531 1 6478.88 8828.25 
30.6944 43.4523 8276.53 407.7 0 6377.77 16536.1 
23.6587 35.5142 6899.93 497.425 0 5286.28 6908.37 
21.7448 34.3548 6901.38 236.057 1 5295.19 6984.09 
29.7165 32.3201 6888.59 226.23 1 5131.09 7036.52 
24.7182 35.4962 7004.09 235.163 1 4601.16 7013.42 
14069.7 571.088 8503.38 510.673 0 6021.92 7639.4 
13960.9 666.753 8503.33 510.063 0 6012.1 7633.01 
13958.9 662.562 8423.38 513.876 0 6142.77 7456.92 
13966.8 664.077 8423.99 513.709 0 6091.7 7412.2 
13967.3 677.317 8642.36 524.627 0 5464.46 6843.54 
13951.6 694.487 8648.75 524.627 0 5476.81 6857.12 
13982.9 711.479 8712.29 525.927 0 5440.5 6834.67 
13975.4 703.253 8755.71 525.535 0 5438.15 6825.77 
13942.8 707.946 8737.63 526.659 0 5384.92 6789.13 
14003.4 725.811 8743.11 526.982 0 5380.33 6782.73 
13930.1 740.961 8824.6 533.802 0 5388.92 6868.85 
13881.5 738.577 8826.27 533.288 0 5346.92 6873.49 
13902 726.834 8972.39 531.416 0 5347.66 7322.14 
13903.2 730.79 8960.13 531.865 0 5449.38 7372.47 
13895.5 731.725 8947.74 531.865 0 5448.38 7367.94 
13858.5 725.798 9036.98 532.374 0 5637.47 7505.1 
13888.7 721.677 8991.7 532.075 0 5878.05 7321.4 
13920.5 726.734 9081.39 532.406 0 5839.72 7366.59 
13952.5 728.079 9086.98 532.406 0 5833.7 7373.48 
14135.6 719.403 9144.36 532.406 0 5806.6 7364.71 
14170.9 727.551 9009.39 538.758 0 6019.63 7257.72 
14124.9 722.456 9099.42 536.073 0 5995.57 7247.35 
14157.5 713.016 9097.61 535.802 0 5995.66 7249.52 
14112 705.922 9065.65 537.08 0 5893.91 7272.94 
14052.8 710.172 9011.8 535.329 0 5767.67 7235.12 
14029.2 738.201 9086.2 535.396 0 5700.34 7219.54 
14130.6 775.281 9056.96 535.522 0 5686.19 7218.54 
14318.3 764.915 9060.91 535.398 0 5686.92 7219.42 
14330.2 756.903 9167.5 536.125 0 5540.08 7239.44 
14049.4 810.494 9136.67 549.683 0 5549.88 7187.23 
14180.7 826.569 9141.8 549.532 0 5539.73 7192.33 
14139.2 830.453 9287.06 547.654 0 5581.2 7142.79 
14184.9 836.301 9334.79 545.641 0 5511.51 7244.98 
14193.4 843.493 9350.21 546.244 0 5601.15 6985.7 
14214.6 873.563 9331 546.272 0 5593.38 6971.97 
14256.8 868.503 9355.79 546.272 0 5613.19 6980.28 
14308.7 856.383 9214.38 535.358 0 5880.33 6934.75 
14299.7 865.655 9263.75 539.398 0 5804.08 6950.17 
14277.4 864.364 9289 531.99 0 5818.34 6722.77 
14366.5 882.089 9327.45 531.679 0 5804.5 6743.77 
14416.8 901.8 9306.57 526.999 0 5804.78 6656.23 
14372.2 890.963 9246.92 526.917 0 5779.58 6648.87 
14379.6 914.328 9217.3 526.917 0 5792.57 6626.37 
14222.5 923.383 9243.21 527.276 0 5799.84 6630.35 
14294.8 921.06 9256.05 523.948 0 5723.59 6856.31 
14222.6 918.12 9231.79 522.729 0 5681.81 6937.87 
14533 943.67 9242.94 518.989 0 5554.94 7017.79 
14274 894.326 9256.33 518.989 0 5560.53 7012.79 
14534.3 916.097 9073.21 518.75 0 5554.85 7082.76 
14696.7 942.782 8949.23 517.49 0 5661.05 7016.54 
14715.4 924.361 8957.37 517.937 0 5683.94 7037.52 
14464.8 903.471 8949.41 520.249 0 5697.68 6995.9 
14419.2 900.699 8899.33 519.81 0 5818.95 7039.73 
14491.3 871.065 8857.34 524.182 0 5782.21 7054.75 
14446.4 878.826 8942.98 525.005 0 5859.28 7110.37 
14393.5 901.086 8926.51 525.143 0 5852.12 7117.1 
14460.6 941.054 9000.62 527.55 0 5790.16 7238.83 
14420.1 958.287 8883.95 528.572 0 5813.42 7151.99 
14339.6 917.459 8876.75 529.35 0 5798.6 7182.19 
14654.7 911.694 8866.64 529.35 0 5796.61 7171.79 
14353.5 904.66 9002.48 532.102 0 5866.48 7371.07 
14598.8 903.857 9006.34 539.377 0 5914.11 7263.08 
14624.1 891.659 8831.88 541.023 0 6089.59 7119.86 
14422.2 947.117 8879.82 544.366 0 6297.27 7116.71 
14423.8 887.597 8893.91 543.834 0 6304.07 7128.9 
14450.7 892.597 8909.31 540.062 0 6345.92 7175.12 
14463.9 953.527 8919.52 536.495 0 6331.4 7166.28 
14535 958.622 8905.5 532.088 0 5976 7317.96 
14285.8 946.732 8886.38 532.118 0 5996 7314.85 
14154.2 951.806 8898.58 529.511 0 5951.62 7264.09 
14227.7 934.227 8996.17 528.76 0 6065.84 7183.03 
14363.9 1005.13 9171.01 529.878 0 5914.75 7173.14 
14204.2 986.41 9180.73 529.875 0 5909.16 7161 
14289.9 970.12 9271.59 528.789 0 5965.83 7186.92 
14179.4 995.17 9256.31 528.789 0 5946.96 7144.83 
14301.5 1007.3 9449.41 531.366 0 5786.75 7333.64 
14290.6 924.648 9398.35 531.486 0 5808.14 7333.78 
13918 869.519 9261.32 528.678 0 5730.31 7213.85 
14092.2 870.33 9180.67 531.066 0 5943.66 7057.5 
13935.5 902.47 9175.68 529.181 0 5793.31 6821.7 
14055.6 894.18 9220.42 526.919 0 5758.13 6827.99 
14072.8 882.277 9248.61 531.048 0 5694.25 6964.96 
14246.6 916.264 9273.95 530.99 0 5745.45 7004.88 
14496 908.381 9333.96 548.562 0 5724.08 6926.58 
14240.1 916.221 9348.04 548.744 0 5702.07 6896.43 
14404.4 967.583 9406.17 548.451 0 5727.63 6983.53 
14415.1 951.416 9295.58 544.987 0 5947.32 6779.97 
14701.5 949.896 9214.81 544.133 0 5927.99 6762.04 
14643.7 903.5 9259.46 534.625 0 5614.38 7139.5 
14564.4 909.05 9272.65 534.207 0 5600.14 7145.71 
14524.3 910.944 9272.26 534.432 0 5619.11 7159.6 
14577.3 914.132 9140.37 520.43 0 5864.5 6794.92 
50708.9 4355.48 1573.84 516.146 0 1943.13 962.638 
50598.6 4290.13 1627.08 516.349 0 1933.28 960.773 
50561.4 4413.24 1626.64 518.107 0 1906.04 959.634 
50474.3 4612.49 1622.58 517.53 0 1919.82 960.122 
50507.5 4663.41 1627.22 517.563 0 1913 965.285 
50618.7 4671.27 1635.73 517.734 0 1938.75 956.775 
50597.9 4633.21 1635.21 517.907 0 1893.3 946.981 
50988.7 4774.05 1661.59 517.645 0 1903.37 932.633 
50709.5 4809.79 1638.94 515.516 0 1897.45 931.041 
50463.7 4788.09 1683.75 516.931 0 1905.53 930.401 
50394.8 4873.36 1684.64 518.146 0 1947.87 935.945 
49827.9 5077.99 1691.16 518.357 0 1938.91 959.813 
49796.1 5095.22 1681.48 520.208 0 1931.13 940.214 
49859.5 5092.35 1663.92 519.848 0 1946.6 935.074 
49748.3 5070.38 1670.57 517.109 0 1933.06 931.465 
49883.1 5171.19 1671.54 517.141 0 1896.33 913.811 
50029.5 5214.25 1671.81 516.558 0 1918.02 910.074 
50196.4 5260.83 1645.74 515.727 0 1929.24 898.474 
50049.3 5392.02 1638.86 514.673 0 1944.71 886.197 
49587 5448.69 1686.5 512.338 0 1945.83 894.866 
49590.5 5525.52 1695.52 512.718 0 1948.84 872.381 
49803.9 5515.61 1696.92 514.007 0 1934.11 876.793 
49815.2 5533.45 1704.97 511.466 0 1909.62 879.188 
49986.1 5678.04 1718.2 510.699 0 1898.17 936.564 
49978.8 5670.4 1747.45 510.719 0 1922.83 945.087 
49611.2 5799.78 1769.19 516.201 0 1955.43 925.334 
49726.4 5829.02 1776.61 513.865 0 1977.72 914.049 
49347.6 5927.65 1817.19 512.839 0 1951.58 922.566 
49234.8 5927.66 1814.57 512.752 0 1950.11 917.57 
49484.3 6011.02 1811.3 512.738 0 1902.52 942.215 
49591 6011.13 1847.11 511.315 0 1926.17 953.755 
49520.8 6093.37 1857.89 511.997 0 1918.14 962.258 
50302.8 5969.85 1698.03 521.37 0 1912.73 871.564 
50270.1 6040.41 1700.49 521.744 0 1896.06 858.709 
50481.8 5974.63 1732.5 523.799 0 1918.23 871.659 
50300.4 6019.31 1714.35 522.586 0 1870.79 865.977 
50366.9 6122.78 1744.6 523.319 0 1905.22 885.898 
50371.4 6120.03 1742.98 523.896 0 1899.35 875.805 
50439.9 6153.1 1759.25 524.167 0 1902.14 877.141 
50452.4 6262.13 1779.1 524.232 0 1885.4 914.193 
50297 6330.45 1777.45 525.909 0 1866.4 901.474 
50206.4 6345.99 1752.26 524.853 0 1855.29 888.481 
50148.1 6337.62 1762.03 523.843 0 1876.67 902.676 
50127.9 6411.62 1760.38 524.706 0 1882.6 905.297 
50019 6475.52 1761.33 523.254 0 1865.19 906.628 
49956.3 6576.16 1743.76 522.771 0 1862.33 910.016 
