1021
40391.4 8719.95 1088.57 386.516 0 2322.47 1984.37 
40623.8 8641.82 1047.02 384.486 0 2292.58 1909.15 
40684.9 8710.14 1025.71 382.004 0 2422.03 1902.1 
40525.9 8794.67 989.421 382.683 0 2438.99 1901.78 
40415.8 8834.75 1000.46 386.238 0 2475.19 1929.25 
40160.2 8904.62 980.747 388.306 0 2387.03 1759.87 
39908.3 9000.31 945.27 387.681 0 2370.02 1730.29 
39855 9159.96 931.291 392.054 0 2384.03 1768.35 
39810.9 9225.79 917.839 389.54 0 2423.65 1815.3 
39543.4 9357.53 905.988 388.816 0 2412.25 1791.5 
39470.3 9526.15 856.788 388.163 0 2320.15 1796.29 
39268.9 9579.74 853.242 390.123 0 2242.57 1738.94 
39175.3 9546.2 820.134 386.922 0 2197.26 1757.54 
38813.3 9910.5 825.368 387.09 0 2206.77 1723.98 
38686.6 10047.8 859.822 386.533 0 2044.78 1769.2 
38544 10239.4 832.778 383.928 0 2029.18 1550.42 
38536.2 10350.3 819.603 382.992 0 2110.63 1528.4 
38635.8 10387 796.655 384.082 0 2108.52 1527.56 
39081.5 10377.8 770.327 385.547 0 2163.59 1543.8 
39005.3 10591.3 721.06 384.222 0 2134.21 1464.59 
39437 10612.9 699.887 383.798 0 2291.02 1465.91 
39590.4 10687.6 722.488 383.4 0 2298.3 1443.96 
39638.3 10637.2 713.937 385.377 0 2279.34 1404.84 
39812.1 10785.3 686.797 387.282 0 2285.06 1364.16 
38208.8 9173.07 699.861 385.362 0 2228.7 1491.84 
37905.1 9198.46 692.513 387.257 0 2216.9 1446.56 
37937 9222.93 655.37 388.442 0 2189.29 1297.86 
46272.2 10802.6 418.355 386.928 0 1954.61 717.019 
46354.1 11030 454.67 386.2 0 1866.54 757.229 
47811.6 11402.7 465.423 383.812 0 1787.81 819.729 
47936.2 11495.2 494.529 381.773 0 1784.71 870.28 
47964.8 11668.3 496.337 382.639 0 1799.69 865.971 
47826.5 11623.3 476.583 382.046 0 1891.73 803.043 
47590.9 11852 498.001 382.264 0 1964.01 844.98 
47813.7 11966.3 483.296 382.964 0 2046.08 837.115 
48196.6 11847.6 468.818 382.511 0 2042.25 811.766 
48365.6 11764.6 471.606 383.032 0 2026.15 829.679 
47890 11928.8 476.035 383.483 0 2037.31 822.147 
53428.1 13630.8 309.771 379.547 0 498.756 462.264 
53142.1 14067.7 315.964 378.493 0 499.056 443.604 
52152.7 14231.2 302.45 380.682 0 499.651 427.606 
51464.2 14302.4 305.401 381.94 0 506.978 434.171 
50740.8 14473.6 308.723 381.742 0 512.502 431.936 
48478.9 13114.2 277.256 381.531 0 427.405 385.94 
48006.5 13514.5 287.706 380.323 0 459.014 405.373 
47859.4 13696.2 290.949 380.445 0 469.317 406.168 
47026.6 13674.6 303.056 380.058 0 531.034 504.64 
46694.2 14049.5 350.375 380.224 0 590.817 517.802 
46418.6 13952.5 356.62 379.192 0 615.358 532.35 
46439.7 13769.9 387.949 381.499 0 643.344 555.329 
46157.6 13863.9 423.702 381.165 0 656.721 567.392 
46032.1 13958.3 421.294 379.615 0 639.932 555.72 
45087.8 13907.3 446.937 379.771 0 672.164 566.565 
44701.6 13688.3 466.881 381.09 0 709.554 595.191 
44392.9 13889.3 474.034 382.565 0 727.613 588.063 
40394.7 13182.8 477.631 382.744 0 607.807 455.796 
40645.2 13194.4 481.74 380.853 0 591.748 454.436 
40621.7 13001.7 505.933 376.177 0 627.002 486.136 
40098 13001.5 523.202 375.179 0 648.758 494.855 
40691 12790.8 556.315 376.506 0 694.594 483.594 
40638.2 12688.7 587.608 377.529 0 703.986 502.59 
40979.4 12287 613.557 378.1 0 746.602 525.067 
41581.8 11940 667.722 377.163 0 792.329 540.768 
41574.6 11852.3 678.893 376.656 0 795.789 541.981 
41555.4 11700.9 699.131 376.911 0 820.083 571.303 
41734.4 11431.8 748.363 378.226 0 863.547 576.524 
41670.1 10417.5 764.494 381.189 0 824.617 594.187 
41416 10300.7 786.962 381.104 0 865.743 593.349 
41629.1 10254.8 810.163 379.421 0 864.86 598.706 
41357.4 10176.9 807.077 381.179 0 877.733 602.418 
41265.6 10152.6 843.971 380.109 0 906.063 650.386 
40655.4 9932.06 852.444 381.929 0 907.483 639.346 
39983.3 9682.66 910.951 379.72 0 985.265 715.09 
40115.7 9502.89 913.597 380.628 0 971.347 739.115 
39507.6 9599.59 935.862 384.355 0 1001.45 751.833 
38401.9 9497.9 942.712 384.349 0 1031.6 770.582 
37668.9 9593.09 945.585 386.366 0 1037.25 778.366 
36944.4 9679.04 1032.82 386.807 0 1075.45 796.21 
36943.7 9758.06 1042.76 385.364 0 1088.71 822.499 
36199.5 9513.56 1136.16 384.618 0 1165.53 874.909 
40839.5 9756.25 2105.03 386.381 0 1545.45 1435.88 
40094.2 9682.61 2224.19 386.21 0 1431.36 1393.73 
39240.8 9714.1 2340.49 385.616 0 1488.9 1490 
38660.1 9918.49 2376.43 387.254 0 1523.75 1490.76 
38398.2 9893.53 2522.41 386.607 0 1636.88 1601.69 
38312.1 10167.3 2494.64 385.42 0 1648.63 1562.37 
38168.7 10132.8 2498.88 384.525 0 1670.2 1557.3 
37631.1 10459.1 2536.82 385.244 0 1667.55 1564.84 
37490.2 10197.5 2543.57 385.307 0 1655.45 1572.78 
37306.5 9885.94 2693.89 385.146 0 1801.89 1666.69 
38463 9694.62 2681.1 382.584 0 1743.52 1657.59 
38117.6 9870.16 2752.97 382.484 0 1768.76 1696.18 
37907.8 10026.1 2817.4 383.449 0 1796.28 1731.29 
37354.5 10317.2 2860.99 381.413 0 1850.9 1733.76 
37489.9 10333.3 2929.14 380.522 0 1854.53 1791.63 
37172.9 10447 3007.92 380.02 0 1873.89 1805.24 
38309.7 10583.7 3038.06 380.953 0 1918.97 1796.35 
39080.7 10488.4 3051 379.039 0 1980.01 1831.7 
39461.8 10393.4 3087.01 379.281 0 2009.75 1791.62 
40217.3 10463.7 3154.11 380.062 0 2115.53 1837.39 
40095.1 10412.4 3135.97 379.046 0 2100.64 1844.45 
40911.5 9993.14 3157.84 378.662 0 2146.01 1858.59 
41263.3 9723.83 3098.56 380 0 2077.03 1868.68 
41632.3 9562.88 3132.22 379.685 0 2085.94 1849.85 
41726.9 9527.72 3117.14 380.364 0 2039.53 1846.66 
42482.8 8795.43 3166.06 381.218 0 2036.51 1841.6 
42296.8 8794.56 3170.83 378.861 0 2058.44 1848.48 
42514.7 8907.8 3170.23 381.514 0 2050.08 1894.07 
42149.3 9187.92 3251.83 354.3 0 2038.05 1940.27 
42413.8 8872.42 3325.61 357.418 0 2095.8 1978.46 
42118 8890.72 3392.94 347.908 0 2131.37 2002.55 
42153.5 8621.33 3405.45 348.71 0 2146.78 1987.67 
42179.2 8417.36 3459.49 352.425 0 2200.58 2025.06 
41234.4 6647.91 3352.61 359.54 0 2059.63 1831.93 
40874.7 6694.54 3346.35 365.796 0 2049.82 1803.96 
40496.5 6871.58 3311.79 359.075 0 2078.59 1813.15 
40118.3 6914.12 3333.31 353.223 0 2091.28 1796.86 
39954.3 6581.82 3333.95 350.42 0 2128.78 1820.63 
38638.5 6019.2 3337.13 354.554 0 2138.43 1857.47 
38674.1 5810.16 3330.19 334.594 0.25 2132.99 1787.61 
38235.7 5465.11 3348.47 339.789 0.25 2167.11 1804.03 
37880.7 5434.04 3329.21 348.137 0.25 2171.03 1779.62 
37564 5469.33 3387.24 347.317 0.25 2235.9 1828.06 
37117.8 5061.12 3412.41 351.673 0.25 2247.73 1845.84 
37082.6 4926.41 3449.69 360.659 0.25 2262.9 1832.03 
37096.4 4895.63 3429.08 363.852 0.25 2264.16 1854.36 
36138.2 4913.67 3425.02 367.688 0 2255.54 1879.67 
36194.2 4734.68 3455.64 399.383 0 2258.85 1882.56 
35803.2 4784.7 3522.22 354.387 0.25 2275.94 1924.93 
35745.4 4525.59 3573.75 351.967 0.25 2329.2 1955.21 
35363.1 4474.03 3539.22 351.247 0.25 2312.38 1964.42 
35306.2 4208.23 3577.68 351.664 0.25 2328.64 2000.6 
35048.1 4061.85 3615.72 351.377 0.25 2348.6 2029.48 
35816.8 5769.03 3630.32 363.269 0.25 2111.16 2154.03 
35501.9 5722.47 3625.25 364.998 0 2088.87 2162.35 
35294.3 5918.19 3666.69 367.437 0 2123.32 2138.09 
35724.5 6034.81 3557.72 366.607 0 2090.54 2099.46 
35831.1 6027.95 3562.19 365.88 0 2119 2102.9 
35981.5 6073.02 3572.65 367.202 0 2155.1 2119.26 
36065.5 6099.12 3632.02 375.617 0 2135.62 2140.85 
36142.6 6031.37 3626.69 375.88 0 2110.95 2134.8 
36043.9 5983.28 3545.94 374.442 0 2115.81 2085.33 
35496.3 5914.72 3599.22 373.991 0 2097.97 2127.65 
35265.7 5743.52 3593.1 374.307 0 2075.83 2129.1 
34918.1 5251.05 3530.65 372.248 0 2093.92 2105.07 
34733 5263.42 3525.97 372.973 0 2091.13 2073.93 
34171.3 5176.68 3476.8 374.732 0 2087.47 2054.72 
33500.1 4964.75 3478.46 375.086 0 2063.19 2031.2 
33071.4 4848.04 3443.59 375.408 0 2056.52 2043.91 
32967.4 4678.76 3455.49 373.525 0 2066.94 2055.6 
32866.5 4634.66 3415.97 370.488 0 2041.61 2058.26 
32315 4530.33 3419.16 370.739 0 2047.41 2097.08 
32558.6 4521.07 3427.87 370.81 0 2044.77 2089.98 
31730.1 4421.97 3428.82 370.404 0 2080.05 2099.14 
31511.5 4491.36 3440.44 370.083 0 2051.63 2138.39 
30642 4455.4 3447.04 370.68 0 2072.2 2169.57 
30546.2 4444.1 3425.05 370.809 0 2033.79 2135.69 
30584.1 4405.51 3403.03 370.792 0 2055.51 2130.07 
30155.2 4472.87 3343.74 370.452 0 1996.21 2095.73 
29866.4 4377.55 3341.13 370.868 0 2019.33 2077.99 
29612.1 4373.79 3362.52 370.548 0 2009.52 2072.06 
29262.3 4326.33 3329.05 369.774 0 2010.63 2106.76 
29027.6 4286.48 3333.93 368.413 0 2014.69 2080.69 
29083.5 4242.19 3331.72 368.475 0 2001.26 2038.91 
29057.1 4209.28 3260.44 362.374 0 2046.98 2014.45 
28795 4232.77 3253.64 361.045 0 2026.32 1988.49 
28594.9 4177.84 3243.84 361.785 0 2066.48 1999.05 
28479.4 4156.12 3262.95 362.19 0 2082.21 2025.52 
28286.2 4138.63 3244.94 363.759 0 2099.66 2071.96 
28169 4155.32 3242.58 364.324 0 2145.62 2083.47 
28015.8 4267.21 3263.27 364.273 0 2173.56 2134.38 
27594.4 4272.29 3309.81 364.852 0 2204.11 2239.97 
27285.9 4390.09 3317.84 364.929 0 2194.94 2280.59 
26962.3 4690.52 3271.57 362.931 0 2094.58 2223.89 
26498.9 4781.76 3244.04 364.908 0 2114.18 2236.05 
26365.5 4869.95 3270.29 365.05 0 2136.68 2372.3 
26208.5 4894.63 3319.99 365.705 0 2177.78 2396.22 
25831.8 4888.06 3380.61 366.336 0 2208.05 2426.19 
25841.9 4865.32 3398.33 367.426 0 2193.52 2452.97 
25370.6 4825.64 3394.06 367.143 0 2250.25 2445.53 
24866.6 3028.73 3366.53 367.723 0 2115.06 2286.57 
24772.2 3018.5 3402.81 365.043 0 2115.57 2268.66 
24105.9 2999.08 3462.45 356.694 0 2152.02 2344 
24144.9 2936.87 3767.43 352.15 0 2252.3 2456.07 
24215.4 2901.78 3938.69 340.662 0 2413.21 2521.91 
24117.5 2834.81 4078.02 331.188 0 2429.76 2744.86 
23893.4 2821.54 4122.05 329.771 0 2465.26 2826.55 
23854.7 2803.69 4129.49 332.929 0 2483.22 2862.85 
23841.9 2798.88 4140.88 348.905 0 2458.6 2914.99 
23702.1 2751.67 4088.55 342.496 0 2444.33 2940.47 
23072.6 2728.4 4069.24 344.456 0 2476.62 2921.21 
22734.9 2693.88 4013.57 344.395 0 2467.59 2854.01 
22529.9 2644.77 4025.61 346.737 0 2514.8 2833.17 
22254.5 2674.12 4023.67 405.064 0 2501.5 2855.45 
22061.5 2647.34 4064.63 363.632 0 2481.08 2837.67 
22070.9 2655.17 4063.41 360.632 0 2497.15 2840.69 
21604.8 2610.54 4077.48 357.083 0 2522.74 2775.67 
21311.2 2627.34 4077.98 356.759 0 2522.95 2701.04 
20809 2577.29 4094.74 363.95 0 2547.49 2706.78 
20894.6 2412.08 4132.88 366.002 0 2596.92 2727.08 
20683.3 2433.2 4125.59 365.926 0 2602.65 2753.01 
20643.1 2432.46 4123 371.083 0 2581.85 2744 
20621.1 2405.05 4084.57 371.521 0 2619.51 2723.39 
20555.1 2414.64 4117.87 371.059 0 2656.45 2749.33 
20770.2 2410.28 4133.5 356.018 0.25 2682.07 2697.92 
20947.6 2393.34 4159.91 357.51 0.25 2710.35 2708.85 
20810.7 2453.9 4172.85 359.559 0.25 2746.63 2708.91 
21064.8 2472.79 4196.81 361.242 0.25 2725.99 2733.87 
21075.5 2454.67 4207.85 367.962 0.25 2818.3 2782.33 
20905 2504.1 4212.14 367.521 0.25 2811.48 2751.49 
20898.8 2464.3 4217.74 376.097 0 2827.06 2757.97 
20868.2 2404.09 4221.28 377.585 0 2866.3 2830.25 
20849.8 2412.24 4241.89 410.151 0 2863.4 2857.34 
19749.7 2418.43 4678.12 366.519 0.25 4106.46 3716.42 
19414.6 2438.09 4689.9 366.046 0.25 4253.48 3775.11 
19252.1 2447.97 4702.46 364.627 0.25 4313.43 3845.77 
19275.8 2455.65 4692.37 360.858 0.25 4329.71 3921.22 
19133.3 2450.65 4789.65 368.81 0.25 4253.09 3957.15 
18972.3 2439.32 4810.96 368.399 0.25 4195.19 4018.7 
18801.3 2478.15 4820.11 361.786 0.25 4146.52 3998.53 
18945 2475.91 4805.42 362.842 0.25 4115.11 3978.42 
18789.5 2473.84 4823.6 362.723 0.25 4082.22 4066.34 
18668.5 2465.71 4795.83 346.415 0.5 4069.52 4082.51 
18741.8 2504.32 4828.69 347.139 0.5 4119.09 4149.94 
18676.7 2454.77 4757.64 371.636 0.5 4167.73 4136.85 
18831.8 2447.15 4775.39 369.285 0.5 4228.24 4232.71 
18920.7 2492.95 4691.02 335.506 0.75 4231.52 4245.73 
18814.2 2496.64 4691.33 331.888 0.75 4283.58 4287.74 
19027.3 2525.36 4699.42 335.411 0.5 4302.4 4277.93 
18891.3 2503.3 4723.12 337.918 0.5 4317.66 4262.84 
18614.7 2553.82 4778.25 345.174 0.5 4414.21 4309.97 
18428.5 2524.08 4749.02 347.019 0.25 4390 4299.14 
18143.5 2527.68 4807.05 333.604 0.5 4406.53 4290.74 
18032.7 2549.44 4886.38 346.117 0.5 4335.39 4244.39 
18464 2536.42 4936.1 343.208 0.5 4373.61 4247.25 
18846 2650.01 4983.13 347.628 0.5 4240.84 4228.31 
18899.5 2723.8 5032.47 356.47 0.5 4251.12 4340.18 
18793.2 2731.31 5185.97 361.59 0.5 4159.45 4391.27 
18971.5 2807.33 5248.08 382.601 0 4089.91 4361.81 
18634.7 2775.31 5372.33 360.53 0.25 4133.89 4496.21 
18799.5 2800.09 5379.71 357.978 0.25 4139.45 4717.16 
18686.2 2870.91 5396.67 365.307 0.25 4173.77 4738.8 
18802.2 2910.38 5433.57 374.193 0.25 4170.92 4734.61 
18654.2 2935.33 5468.62 373.545 0.25 4449.14 4785.99 
18455.1 2985.8 5498.75 374.339 0.25 4428.19 4794.59 
18487.5 3015.36 5534.72 375.122 0.25 4424.72 4816.9 
17943.2 3019.53 5545.55 389.338 0 4325.42 4763.82 
17713.2 3014.26 5554.62 388.114 0 4223.54 4784.79 
17604.5 3093.42 5551.8 373.96 0.25 4123.64 4797.28 
17328.5 3166.32 5529.93 370.139 0.25 4159.19 4702.79 
17277.2 3375.51 5556.71 368.866 0.25 4063.33 4721.56 
17214.6 3373.64 5533.89 369.007 0.25 4055.31 4754.91 
17949.6 3962.32 4815.19 379.068 0.25 3833.75 4208.41 
18019.4 4407.33 4745.9 381.638 0 3729.07 4125.91 
17618.4 4519.35 4728.43 389.078 0 3695.64 4056.44 
17728.7 4643.56 4676.88 387.37 0 3701.49 4004.57 
17402.3 4837.59 4623.85 386.067 0 3686.51 3972.14 
17292.2 4911.02 4641 387.438 0 3540.67 3876.72 
17768.6 4975.05 4640.81 395.236 0 3495.34 3896.22 
17032.8 5475.22 4634.82 396.546 0 3448.66 3873.67 
17001.6 5907.41 4650.09 396.284 0 3386.01 3907.34 
16939.3 5936.8 4677.65 396.66 0 3385.5 3909.12 
16748.3 6296.46 4636.88 397.055 0 3361.4 3921.36 
16643.9 6734.99 4565.92 397.222 0 3246.05 3783.56 
16544.1 7210.91 4529.31 396.886 0 3228.15 3749.68 
15198.2 7310.36 4508.74 402.292 0 3820 3117.13 
14997 7528.77 4531.01 402.94 0 3820.1 3030.32 
14898 8108.09 4448.96 404.027 0 3806.18 2946.52 
14944.8 8251.52 4386.88 404.255 0 3783.34 2888.62 
15093 8460.54 4309.14 405.002 0 3745.61 2836.22 
15112.2 8450.44 4307.45 405.025 0 3707.07 2810.19 
14791.1 8429.67 4335.6 403.752 0 3682.23 2829.6 
14986.6 8261.5 4236.7 403.333 0 3550.09 2802.28 
15161.8 8240.82 4148.64 402.72 0 3506.09 2708.35 
15196.6 8345.95 4123.48 402.619 0 3439.58 2672.35 
15487 8462.6 4098.5 401.521 0 3399.27 2721 
15726.9 8423.5 4112.58 402.039 0 3328.59 2551.54 
15694.9 9097.45 4041.95 402.118 0 3213.28 2586.76 
15711 9490.19 4014.68 402.614 0 3171.92 2604.08 
15940.9 9934.3 3851.23 403.698 0 3093.47 2465.23 
15996.7 10024.6 3826.2 401.334 0 3045.74 2491.92 
16126.1 10118.7 3877.29 402.377 0 3024.56 2477.85 
16416.1 10778.8 3856.31 399.005 0 2998.46 2474.06 
16434.4 10892.4 3813.66 401.677 0 2963.3 2428.87 
16681.7 10933.4 3870.6 401.379 0 2940.04 2415.46 
16857.6 10965.5 3883.91 401.826 0 2925.72 2388.19 
17322.4 10841.6 3895.51 397.833 0 2957.35 2362.1 
17449.5 11091.8 3884.67 398.947 0 2883.45 2405.78 
17497.2 11249.6 3959.58 401.358 0 2901.07 2415.17 
17883.2 11510.8 3946.57 401.134 0 2899.71 2392.1 
17876.6 11662.9 3836.5 400.609 0 2820.57 2251.14 
17983.4 12073.1 3830.51 401.412 0 2813.18 2220.88 
18037.9 11987.9 3843.86 402.373 0 2816.83 2183.49 
18085.3 12053.7 3850.62 401.061 0 2774.69 2202.16 
17771.3 12259.9 3878.93 398.918 0 2787.69 2250.19 
17985.5 10712 5789.48 399.157 0 3775.56 3609.11 
17948.2 10978.8 5948.86 401.433 0 3775.96 3598.06 
22983.1 12441.4 4361.25 405.084 0 3156.5 2759.64 
22939.5 12460.6 4355.17 398.018 0 3162.67 2750.07 
22930.1 12613.5 4239.72 391.777 0 3190.29 2720.61 
22964.9 12699.6 4186.09 388.65 0 3149.74 2807.3 
22771.7 12944.2 4155.86 392.608 0 3144.13 2818.1 
25079.4 14538.7 3163.57 396.261 0 2931.6 2296.88 
25064.7 14736.8 3075.26 379.545 0.25 2953.61 2356.03 
25029.6 14807.8 3102 376.059 0.25 2993.32 2407.92 
24979.3 14846.7 3072.89 366.147 0.25 3009.21 2443.97 
24958.7 15131.9 3177.09 355.244 0.25 2953.38 2262.54 
24888.8 15219.5 3147.93 393.436 0 2964.03 2151.75 
24935 15269.8 3086.16 393.583 0 2959.53 2061.04 
24712.1 15242.3 3020.04 356.876 0.25 3013.36 2109.96 
24645.6 15227.2 3508.43 345.124 0.5 3898.47 2443.79 
24635 15449 3298.75 344.53 0.5 3834.73 2386.46 
24636.4 15476.3 3235.56 338.332 0.5 3804.36 2319.19 
24847.5 15777.4 3127.3 340.316 0.5 3702.69 2445.79 
24891.5 15916.9 2977.85 343.943 0.5 3710.76 2313.67 
24823.9 15878.8 2950.32 331.327 0.75 3759.41 2220.9 
24860.7 15968.4 3069.04 348.579 0.5 3843.19 2140.85 
25221.8 15648.5 3123.32 341.307 0.5 3813.65 2107.98 
25193 15594.1 3163.79 342.869 0.5 3831.97 2113.48 
25116.9 15285.8 3271.95 369.416 0.25 3780.11 2213.27 
24898.1 15398.5 3261.97 381.118 0 3709.02 2252.18 
24817.3 14125.1 3255.8 385.401 0 3636.96 2234.63 
24821.7 14092.5 3194.23 380.277 0 3636.01 2164.39 
24509.5 14041.6 3090.97 371.48 0.25 3642.54 2176.2 
24418.7 13912.6 2934.8 371.835 0.25 3567.56 2271.87 
24449.9 13939.9 2914.61 377.829 0.25 3556.24 2314.84 
24352.2 14056.5 2881.92 393.162 0 3503.48 2283.12 
24216.3 13979.8 2953.59 396.749 0 3579.64 2267.32 
24211.8 14168.4 2965.58 397.654 0 3614.76 2198.07 
24080.8 13961.8 2978.78 389.149 0 3672.41 2216.37 
24099.9 13955.9 3014.99 386.946 0 3635.67 2215.78 
24061 16033 2973.24 385.787 0 3577.63 2191.6 
24052.4 15812.9 2877.44 389.654 0 3635.04 2132.28 
23966.7 15927.6 1437.15 378.322 0.25 3805.82 1303.7 
23962.9 15868.9 1352.62 373.008 0.25 3869.41 1212.79 
23862.9 15811.8 1363.69 366.263 0.25 3785.83 1195.23 
23888.8 14913.2 1414.84 364.804 0.25 3741.51 1219.47 
23805.8 14868.7 1482.3 367.277 0.25 3742.05 1293.9 
23908.8 12787.3 1508.87 366.26 0.25 3755.27 1322.09 
23849.2 12372.4 1585.07 372.982 0.25 3686.14 1442.97 
23761 12385.8 1608.51 373.979 0.25 3726.49 1407.57 
23802.8 11125 1604.11 374.19 0.25 3746.17 1443.18 
24048.4 10132.6 1578.2 372.279 0.25 3952.18 1494.29 
24027 9937.32 1585.13 366.679 0.25 3956.2 1517.27 
24026.7 9839.47 1420.33 359.895 0.25 4190.78 1488.83 
24189.7 9799.74 1385.43 356.055 0.25 4220.93 1483.18 
24222.5 9453.57 1365.68 376.55 0 4251.1 1469.36 
24117.9 9310.72 1364.7 376.61 0 4397.66 1469.69 
24208.3 9051 1331.15 373.364 0 4350.26 1468.7 
24238.8 9161.62 1263.13 376.736 0 4556.11 1406.11 
24251 9174.14 1240.06 377.202 0 4575.05 1444.37 
24260.9 9029.41 1229.98 377.8 0 4593.35 1440.97 
24285.2 8972.54 1238.58 377.24 0 4575.31 1449.54 
24402 8948.46 1161.5 376.919 0 4604.52 1446.91 
24511.2 8896.46 1198.37 377.577 0 4546.09 1516.72 
24599.2 8927.11 1213.68 378.583 0 4543.71 1523.29 
24572 8902.86 1234.47 375.096 0 4562.49 1545.04 
24553.8 8923.95 1234.53 373.346 0 4595.67 1535.09 
24593.9 9008.43 1238.11 373.635 0 4600.89 1547.49 
24539.8 9007.81 2692.93 382.947 0 3664.89 1845.94 
24506 8997.72 2736.28 383.71 0 3686 1851.77 
23324.7 8926.33 3799.66 389.559 0 3867.22 2951.55 
23297.5 8845.52 3807.55 388.459 0 3880.1 2983.43 
23275.7 8884.54 3788.64 386.995 0 3938.77 2992.99 
23265.7 8890.69 3738.07 391.004 0 3872.63 2994.22 
23284.4 8747.31 3747.6 391.993 0 3855.18 3014.84 
23306 8791.38 3723.69 391.091 0 4039.68 3024.3 
23318.6 8824.54 3744.36 390.529 0 4056.11 3054.28 
22862.5 6114.7 5267.32 391.036 0 4909.82 4864.73 
22789.3 6155.63 5274.2 390.457 0 4854.74 4857.85 
22851.1 6215.86 5092.45 386.807 0 4725.37 4846.74 
22875.9 6209.49 5122.43 387.121 0 4654.84 4917.51 
22945.7 6188.22 5048.97 391.697 0 4573.18 5004.8 
22956.9 6207.07 5082.63 391.771 0 4587.67 5056.17 
22949.2 6191.42 5098.14 397.476 0 4516.96 5138.49 
23041.7 6150.65 5183.75 397.511 0 4498.2 5440.52 
23194.9 6074.91 5240.25 397.293 0 4502.22 5405.64 
23218.2 6067.89 5273.14 399.354 0 4509.5 5463.83 
23081.5 6017.46 5312.98 402.349 0 4483.84 5527.57 
23075.1 6025.72 5342.95 398.362 0 4549.55 5572.65 
23053 6045.63 5208.79 394.4 0 4569.65 5773.12 
23091.6 6007.4 5154.93 391.715 0 4548.83 5798.44 
23136.1 6008 5153.57 389.252 0 4593.98 5883.09 
23113 6005.91 5082.95 392.713 0 4613.92 5935.4 
15200.7 5258.36 5464.63 383.65 0 5248.62 6899.01 
15175.3 5259.58 5454.38 387.705 0 5194.26 7028.73 
15332.9 5240.01 5371.42 386.84 0 5223.78 7032.3 
15382.4 5259.49 5381.33 390.692 0 5178.43 6990.01 
15350.5 5261.64 5346.97 385.351 0 5175.64 7069.44 
9128.5 3730 5729.43 396.884 0 5927.35 7564.15 
9049.38 3689.1 5628.35 406.484 0 5938.42 7585.7 
9154.01 3699.03 5654.16 405.407 0 5966.31 7471.86 
9209.76 3668.49 5710.92 404.409 0 6114.11 7369.93 
9388.86 3512.26 5697.26 402.355 0 6328.35 7629.03 
9422.5 3511.58 5677.2 399.713 0 6398.44 7640.87 
4093.79 2078.89 7342.98 413.998 0 7131.54 8477.52 
4127.05 2041.24 7311.62 408.524 0 7185.38 8493.75 
4072.09 2020.42 7409.33 407.574 0 7131.9 8619.63 
4191.93 1989.14 7323.91 403.831 0 7136.39 8594.26 
4191.27 1974.82 7470.97 402.908 0 7185.94 8510.1 
4230.04 1945.77 7420.32 403.015 0 7123.4 8602.09 
4227.35 1933.51 7480.88 404.684 0 7222.22 8697.9 
225.502 187.462 8974.16 409.082 0 7751.07 10200.3 
226.424 175.678 9244.46 406.942 0 7763.13 10296.1 
232.911 166.687 9195.83 412.266 0 7793.06 10082.5 
230.586 168.734 9212.68 409.699 0 7748.79 9996.34 
237.082 173.131 9283.1 416.997 0 7669.17 9754.63 
223.134 173.765 9363.61 417.033 0 7746.04 9821.99 
197.412 180.471 9538.21 422.326 0 7818.64 9924.08 
187.548 185.372 9620.34 412.99 0 7809.4 9917.58 
198.521 178.564 9644.99 411.163 0 7874.15 10039.1 
193.34 185.385 9722.32 410.229 0 7862.28 9992.98 
193.458 191.024 9740.01 410.914 0 7839.02 9969.75 
209.292 213.461 9669 410.478 0 7747.7 10250.7 
227.246 210.094 9683.23 406.948 0 7785.16 10362.7 
223.815 216.791 9790.56 407.963 0 7739.37 10426.5 
226.9 223.19 9817.52 406.478 0 7701.09 10407.6 
225.005 223.888 9907.47 402.781 0 7664.59 10214.8 
229.754 222.639 9825.91 403.378 0 7641.35 10257.6 
229.343 219.295 9803.06 405.185 0 7653.45 10229.3 
223.406 208.256 9964.1 411.982 0 7663.2 9866.09 
224.121 217.228 9975.97 415.15 0 7686.11 9797.17 
220.819 219.594 10096.6 419.346 0 7729.88 9799.91 
235.471 229.731 10025.5 419.283 0 7689.32 9746.46 
232.398 240.951 9975.81 419.902 0 7860.3 9754.23 
243.091 236.376 9988.89 420.453 0 7945.95 9797.28 
249.007 231.073 9978.96 421.019 0 7986.31 9866.12 
242.297 232.371 10086 423.469 0 8108.96 9997.27 
238.106 231.66 9881.71 420.109 0 8093.43 9949.01 
250.585 238.36 9888.58 421.371 0 8164 9954.03 
238.025 248.426 9811.28 415.741 0 8163.14 10111.3 
255.447 256.183 9688.04 417.644 0 8149.78 10112.7 
254.749 253.812 9475.38 382.168 0.25 7677.96 10241.8 
232.221 234.67 9498.36 400.888 0.25 7687.52 10280.3 
3752.34 446.839 8893.38 400.977 0.25 6839.85 9599.35 
3741.02 420.819 8863.29 398.65 0.25 6733.01 9514.02 
3674.76 404.864 8778.74 403.201 0.25 6908.05 9688.22 
3600.95 400.556 8786.29 389.07 0.25 6462.63 9646.29 
3598.14 407.79 9301.47 385.898 0.25 6988.62 10685.8 
3605.53 421.045 8694.2 469.086 0 6114.63 9396.76 
4004.36 351.319 7751.34 467.53 0 6417.37 9358.79 
4119.15 351.419 7797.27 465.993 0 6365.45 9365.16 
4298.72 338.514 8018.41 388.645 0.25 6858.07 9290.96 
4491.99 353.928 8241.97 397.867 0.25 7168.54 9428.02 
4507.91 379.457 8100.2 383.615 0.25 6930.81 9836.15 
4520.99 358.334 7941.32 377.173 0.25 6751.97 9305.28 
4522.79 404.338 7973.98 380.13 0.25 6638.54 9180.92 
4656.16 408.577 8088 407.183 0.25 6848.79 9073.63 
4903.46 374.723 9127.28 389.674 0.25 7157.65 9943.47 
4962.71 418.477 8942.21 384.568 0.25 6381.6 9577.29 
5080.67 399.205 9155.55 371.151 0.25 6418.55 9904.3 
5131.31 398.237 9080.81 370.36 0.25 6471.59 9901.5 
5165.43 405.21 9030.2 370.152 0.25 6556.76 9924.47 
5833.69 366.76 8413.76 432.276 0 5283.04 8862.35 
6021.38 363.88 8504.5 405.671 0 5354.93 8657.11 
8636 452.569 6496.35 376.153 0.25 4586.54 6913.72 
9063.72 532.823 7568.78 422.583 0 7199.98 9627.32 
9114.75 548.749 7563.49 422.88 0 7241.33 9459.54 
8947.63 561.507 7642.34 423.39 0 7230.59 9655.44 
8854.15 590.552 8675.16 426.119 0 6085.2 9011.15 
8816.9 584.667 8709.23 427.695 0 6117.15 9014.4 
8815.04 585.719 8583.63 417.243 0 6159.68 8769.57 
8829.08 586.73 8596.31 414.603 0 6180.09 8660.33 
8763.25 596.594 8400.13 410.864 0 6172.05 8356.19 
8751.94 599.707 8376.48 408.2 0 6053.78 8115.77 
8627.59 614.421 8419.35 407.713 0 6068.54 8080.63 
8616.89 613.739 8346.79 401.64 0 6041.72 8022.7 
8387.95 619.021 8334.22 405.065 0 6061.76 8045.86 
8441.55 616.666 8561.29 409.203 0 5947.66 8341.01 
8325.82 632.727 8581.57 409.7 0 6014.42 8521.28 
8341.25 644.516 8650.53 416.348 0 5981.47 8674.36 
8375.34 644.985 8693.16 412.091 0 6031.85 8588.46 
8344.72 645.97 8698.79 416.565 0 6083.72 8639.95 
8418.51 641.883 8644.95 417.434 0 6012.87 8614.71 
8373 629.116 8589.95 422.334 0 5951.12 8249.04 
8393.62 642.244 8668.2 423.19 0 6032.87 8111.98 
8407.42 636.148 8669.39 424.252 0 5956.85 8022.64 
8158.69 633.116 8754.38 440.855 0 5952.64 8034.11 
8047.02 632.597 8773.84 444.094 0 5970.61 7999.7 
7881.65 638.274 8815.83 454.206 0 6005.42 8259.85 
7741.98 640.471 8858.66 454.023 0 6017.26 8366.22 
7685.04 621.895 9354.25 434.607 0 6325.95 8699.03 
7685.4 620.94 9390.28 434.187 0 6346.47 8858.69 
7485.27 621.928 9624.04 414.999 0 6573.21 9186.01 
7469.46 619.457 9649.68 413.947 0 6584.1 9410.37 
7346.95 626.229 9729.84 421.573 0 6753 9537.52 
7273.46 619.086 9711.37 403.719 0 6776 9456.47 
7273.16 676.755 9465.16 362.77 0.25 6766.23 8885.47 
7228.86 727.737 9161.95 366.473 0.25 6717.69 8569.47 
7217.14 738.946 8770.49 377.448 0.25 6573.19 8117.77 
7060.09 750.112 8844.49 378.965 0.25 6443.66 7987.3 
6997.08 755.517 8961.95 375.667 0.25 6541.61 7958.19 
6777.92 762.517 8909.76 378.689 0.25 7518.81 7892.33 
6737.62 765.211 8902.81 383.878 0.25 7578.82 8016.62 
6756.39 777.439 8747.42 382.897 0.25 7444.76 8140.58 
6736.26 763.796 8732 397.136 0.25 7436.91 8223.9 
6634.23 765.322 8742.51 387.784 0.25 7313.57 8387.88 
6571.8 788.81 8876.7 392.082 0.25 7488.7 8521.09 
6507.66 790.301 8928.45 392.773 0.25 7349.07 8717.86 
6486.05 818.51 9056.78 406.008 0.25 7419.26 8406.39 
6486.39 812.112 9022.67 393.32 0.25 7275.04 8495.02 
6476.09 837.708 8713.08 390.185 0.25 7116.64 8291.7 
6539.44 911.235 8630.27 381.349 0.25 6999 8229.47 
6532.04 1221.49 8419.46 370.069 0.25 6973.02 7774.05 
6484.66 1371.42 8391.28 369.22 0.25 6919.29 7729.85 
6353.11 1409.87 8347.52 364.941 0.25 6732.42 7659.19 
6242.36 1732.45 8351.76 363.245 0.25 6656.61 7696.85 
6218.76 1732.42 8384.1 359.752 0.25 6611.45 7688.66 
6251.33 1951.31 8565.11 359.206 0.25 6668.35 7725.75 
6339.04 2380.39 8510.3 359.95 0.25 6404.72 7831.8 
6288.08 2483.41 8528.77 359.711 0.25 6367.6 7806.46 
6303.17 2386.25 8535.89 358.723 0.25 6424.64 7534.38 
6321.19 2384.4 8293.52 361.298 0.25 6355.02 7228.54 
6377.19 2415.94 8258.86 361.64 0.25 6349.46 7195.8 
6383.44 2278 8275.21 367.122 0.25 6278.88 7125.13 
6913.76 2096.09 8339.34 366.28 0.25 6403.14 7060.2 
6918.96 2149.64 8463.12 366.676 0.25 6403.48 7165.51 
6985.99 2220 8623.1 366.549 0.25 6504.41 7268.2 
7097.65 2190.06 8785.25 367.669 0.25 6633.38 7278.6 
7001.95 2251.33 8734.43 369.935 0.25 6507.57 7390.62 
6982.67 2275.99 8687.78 362.49 0.25 6563.09 7536.63 
7251.62 2233.5 8733.58 359.68 0.25 6671.38 7746.88 
7145.92 2259.11 8612.73 361.159 0.25 6758.66 7783.57 
7223.45 2333.23 8581.44 361.583 0.25 6850.03 7796.86 
8788.12 2088.12 8694.56 365.729 0.25 6883.32 7792.94 
8899.04 2070.57 8717.42 368.315 0.25 6977.15 7913.38 
8857.98 1992.49 8661.91 367.211 0.25 7143 7871.7 
9653.29 1973.71 8479.04 373.45 0.25 7478.32 7957.87 
9717.2 1868.93 8342.95 375.747 0.25 7576.16 7873.79 
9719.65 1913.15 8358.32 373.117 0.25 7645.9 7872.13 
9859.01 1970.97 8624.87 369.965 0.25 7702.41 8155.2 
9715.4 1763.63 8458.09 377.416 0.25 7727.43 8615.17 
9762.09 1769.38 8448.11 380.091 0.25 7927.87 8724.48 
9824.44 1711.43 8464.58 385.209 0.25 8029.96 9308.09 
9795.87 1649.15 8478.05 383.184 0.25 8550.2 9645.97 
9831.45 1637.48 8672.77 385.506 0.25 8597.07 9650.25 
9934.04 1627.8 8690.36 386.943 0.25 8607.37 9355.4 
10037.2 1714.22 8697.9 414.66 0 8291.61 9048.7 
10095.5 1799.16 8753.5 408.239 0 8335.92 8980.75 
10139.2 1882.8 8660.84 387.402 0.25 8139.37 8369.05 
10675.9 1821.85 8794.99 372.537 0.25 8164.97 8380.32 
10608.5 1809.07 8665.68 374.8 0.25 8033.83 8551.64 
10415.2 1914.26 8555.36 370.265 0.25 7677.08 8154.57 
10419.5 1948.11 8510.16 371.955 0.25 7535.89 8188.95 
10245.4 1831.49 8410.73 363.356 0.25 7352.35 8276.17 
10413.1 1933.02 8472.35 365.425 0.25 7484.64 8063.06 
10165.3 1900.38 8587.41 295.135 0.5 7431.65 7776.08 
10070.8 1869.93 8781.78 295.779 0.5 7412.68 7839.31 
11135.5 1436.42 8885.26 340.15 0.25 7216.77 7376.34 
11306 1407.29 8748.35 309.918 0.5 7405.35 7500.44 
10161.5 1383.1 8076.66 293.042 0.5 7298.09 7295.56 
9433.1 1445.62 8246.63 307.973 0.5 8200.93 6997.9 
9155.11 1387.38 8243.97 307.886 0.5 8199.17 7088.69 
8907.76 1541.1 6898.4 342.597 0.25 7077.11 6291.16 
8816.46 1512.09 6907.32 305.102 0.5 7191.37 6713.78 
8618.53 1567.72 6925.84 323.274 0.25 7188.99 7170.06 
8524.22 1557.6 6833.06 320.291 0.25 7343.62 6417.64 
8482.91 1545.26 6754.21 320.74 0.25 7280.69 6463.79 
8238.46 1549.34 6629.76 300.869 0.5 6901.99 7193.97 
8169.81 1570.63 6696.95 320.667 0.5 6790.15 7471.64 
8188.99 1563.42 6745.38 305.115 0.5 7381.32 7611.32 
8099.5 1624.63 6520.96 293.552 0.5 7061.6 6784.74 
8020.77 1657.79 6627.93 287.712 0.5 7101.48 6840.04 
7952.14 1640.66 6154.95 320.765 0.25 6659.59 6388.48 
7961.45 1649.35 6166.78 338.346 0.25 6383.69 5686.56 
7746.59 1777.03 6179.41 310.286 0.25 6376.89 5762.57 
7677.6 1785.49 6220.49 278.1 0.5 6458.84 5795.85 
7573.66 1797.36 6348.59 276.625 0.5 6582.2 5927.62 
8035.61 1902.82 8293.32 290.582 0.5 8114.6 7716.77 
7990.79 1924.92 8285.26 295.051 0.5 8044.79 7778.04 
7932.76 1914.54 8198.93 296.134 0.5 8063.73 7694.58 
7806.02 1973.39 8162.53 298.226 0.5 8003.41 7714 
7804.87 1978.35 8129.2 296.545 0.5 8186.3 7823.93 
7654.8 2050.77 8235.18 298.181 0.5 8186.43 7847.14 
7783.15 2017.56 8113.76 300.307 0.5 8198.75 7672.28 
7665.11 2006.78 8143.55 294.359 0.5 8163.01 7696.14 
7438.76 2008.06 8349.08 298.948 0.5 8249.55 7606.14 
7457.52 2023.69 8373.07 298.953 0.5 8265.43 7640.44 
7533.51 2057.51 8093.17 299.645 0.5 7686.24 7581.77 
7384.73 2016.31 8162.57 254.197 0.75 7356.45 7653.67 
7343.03 2056.42 8188.36 254.943 0.75 7348.11 7613.91 
6894.67 2089.27 8267.87 287.766 0.5 7430.41 7738.12 
6896.18 2083.7 8745.97 278.559 0.75 7764.29 7988.22 
5000.56 1595.65 8848.5 227.031 1 7770.9 7781.57 
5169.04 1613.95 9092.32 229.268 1 8131.01 8651.77 
5080.81 1544.6 9098.91 241.59 1 8173.61 8625.09 
4948.05 1435.49 8894.1 281.222 0.75 7479.8 7599.62 
4834.64 1111.77 9037.29 257.057 1 7682.48 7599.95 
4985.61 1142.92 8765.88 273.184 0.75 7889 7739.05 
4873.92 1164.32 8463.73 247.872 1 7582.3 7997.23 
4642.05 1059.19 9275.71 233.707 1 8232.36 9142.74 
4547.76 1349.96 8719.52 324.431 0.75 7757.03 7668.33 
5361.1 1206.28 8602.33 271.591 0.75 7823.38 7597.72 
6776.28 1198.04 8974.88 250.669 1 8476.2 8150.52 
6791.61 1216.38 8578.77 235.081 1 7896.97 7828.55 
6828.57 1188.63 8474.48 240.785 1 7891.17 8122.81 
5119.79 972.331 8211.31 273.51 0.75 7883.17 8242.86 
4925.73 738.202 8072.66 289.908 0.75 6980.82 7683.6 
6039.1 1162.07 7952.19 266.46 0.75 6959.75 7568.36 
6957.33 1263.51 7909.83 245.562 1 6937.56 7408.31 
6892.88 1256 8199.22 244.725 1 6986.71 7341.93 
6896.98 1719.42 8232.91 248.38 1 6995.71 7458.87 
5810.99 1191.48 8292.71 234.84 1 7115.34 7596.04 
5593.68 1151.37 8336.48 247.373 1 7060.53 7589.13 
4275.86 1040.48 8501.21 287.642 0.75 7008.74 7813.46 
4254.03 1050.27 8175.78 315.914 0.75 6659.27 7634.78 
4234.81 1046.57 8216.4 318.484 0.5 6722.38 7583.14 
4236.11 1044.14 8329.6 316.378 0.5 6790.18 7561.33 
4238.28 1112.47 8417.54 314.908 0.5 6775.04 7684.09 
4227.02 1168.89 8534.99 268.237 0.75 6834.38 7575.43 
5430.33 1155.55 9433.26 265.117 1 7705.76 9094.03 
9770.42 1393.95 9524.77 239.348 1 7108.56 7759.26 
9671.73 1416.72 9418.6 240.783 1 7136.05 7722.33 
9640.6 1418.41 9408.64 243.745 1 7165.83 7626.66 
9645.42 1385.45 9558.77 238.734 1 7268.79 7715.01 
9634.8 1317.16 9348.13 227.375 1 7297.36 7745.35 
9593.93 1322.13 9345.82 228.2 1 7321.95 7783.41 
9634.32 1259.76 9350.5 235.858 1 7326.06 7816.82 
9688.77 1254.75 9642.7 234.089 1 7727.31 8051.19 
9656.01 1333.45 9372.1 234.219 1 7689.33 7976.96 
9685.58 1307.83 9472.07 241.351 1 7767.23 8086.03 
9736.32 1287.65 9392.4 254.117 1 7851.65 8180.15 
9764.88 1242.14 9368.43 264.648 0.75 7879.98 8146.15 
9736.17 1164.83 9052.03 272.265 0.5 7966.21 8190.92 
9713.64 1153.19 9216.32 267.267 0.75 7996.66 8247.98 
9719.37 1152.36 9078.72 269.983 0.75 7947.25 8052.32 
9707.76 1120.16 9136.55 264.59 0.75 7838.91 8086.66 
9772.28 1114.37 9309.62 258.315 0.75 7793.35 8043.29 
9825.48 1023.48 9395.05 250.931 1 7792.62 8237.95 
9801.76 1038.25 9209.05 256.665 0.75 7763.19 8125.78 
9877.17 1071.33 9428.9 261.098 0.75 7893.34 8201.97 
9856.72 1169.06 9542.64 264.034 0.5 8019.55 8409.24 
9873.95 1173.26 9608.91 262.438 0.5 8002.32 8525.9 
10617.4 1201.47 9683.32 269.251 0.5 8124.73 8897.85 
10928.8 1211.29 9812.56 269.305 0.5 8349.87 8991.07 
10888.8 1223.58 9795.53 277.574 0.5 8262.37 8961.72 
11996.5 1122.76 9859.71 284.197 0.5 8717.56 8846.02 
12851.1 1084.04 9931.4 296.564 0.5 9047.21 8565.01 
13196.3 1111.36 10115.2 294.316 0.75 9216.81 8629.55 
12976.9 1024.84 9760.76 296.978 0.5 9231.96 8435.18 
12941.1 1020.62 9706.68 301.739 0.5 9232.54 8292.77 
12480.5 902.429 9715.12 296.96 0.5 9582.09 8235.35 
11916.3 886.919 9881.01 297.504 0.75 9436.43 8396.38 
11961.8 902.624 9863.6 296.522 0.75 9238.12 8236.97 
11926.7 912.756 9923.86 296.525 0.75 9193.98 8258.65 
11919.8 919.36 10295.5 300.357 0.75 9380.88 8512.19 
11202.5 990.803 10347.9 299.31 0.75 9176.5 8470.37 
11192.9 986.223 10010.7 307.023 0.5 9110.8 8455.82 
10999.5 1020.04 10243.8 312.763 0.5 9256.04 8600.96 
11063.9 1021.71 10192 308.384 0.5 9272.26 8692.35 
11059.9 1012.46 10104.7 317.108 0.5 9331.74 8548.55 
11157.6 1068.55 10194 313.613 0.5 9327.42 8680.75 
10959.4 1137.24 10509.5 302.851 0.75 9378.03 8642.61 
11012.9 1148.54 10270.2 306.894 0.5 9177.93 8686.09 
11007.3 1153.3 10232.3 305.555 0.5 9135.61 8614.57 
10847.8 1186.95 10431.7 309.58 0.5 9120.9 8777.15 
10599.4 1120.15 10501.4 304.43 0.5 9088.82 8744.26 
10678.9 1104.25 10125.9 310.627 0.5 9081.47 8665.23 
10737.6 1096.98 10050.4 312.301 0.5 8870.77 8740.18 
10067.1 1189.71 10086.3 307.418 0.5 8947.77 8809.83 
10054.5 1221.86 9913.05 310.599 0.5 8911.94 8617.17 
9377.18 1259.1 9852.59 310.086 0.5 8829.1 8680.71 
8913.81 1325.84 10083.4 307.157 0.5 8748 8565.37 
8598.77 1363.94 9918.98 307.885 0.5 8633.72 8479.8 
8559.02 1366.72 9772.18 311.904 0.5 8642.03 8326.32 
8273.08 1448.84 9730.38 307.859 0.5 8615.74 8267.71 
8050.66 1528.28 9807.23 304.198 0.5 8699.61 8302.44 
8239.66 1438.05 9739.31 302.789 0.5 8689.57 8235.92 
8365.54 1456.14 9669.09 302.556 0.5 8634.97 8187.29 
8376.71 1390.19 9668.75 289.165 0.75 8616.57 7034.03 
8277.03 1379.52 9659.98 274.284 0.75 8500.68 6594.9 
8776 1202.86 9604.96 271.575 0.75 8554.07 6550.4 
9015.34 1209.99 7997.41 262.102 0.75 7349.4 5580.32 
8943.31 1244.56 7349.69 246.852 0.75 6633.36 5378.09 
8929.99 1255.42 6897.73 240.589 0.75 6394.63 5284.72 
9073.89 1238.03 6624.82 241.486 0.75 6255.1 5350.18 
9134.64 1265.09 6343.56 237.626 0.75 6163.62 5095.73 
9212.7 1348.86 6293.89 294.845 0.75 5888.42 5183.74 
9277.39 1358.73 6343.94 239.869 0.75 6023.52 5341.44 
9432.61 1369.32 6296.45 236.152 0.75 6068.71 5327.71 
9687.69 1387.69 6306.52 243.596 0.75 6051.28 5305.57 
9627.58 1381.63 6323.59 243.95 0.75 6037.65 5302.85 
9795.44 1365.11 6431.48 244.086 0.75 6003.34 5440.85 
9783.7 1380.84 6190.7 246.391 0.75 6186.55 5312.3 
9887.47 1353.42 6194.32 253.76 0.75 6123.25 5313.37 
9868.36 1432.28 6211.88 258.698 0.75 5733.76 5086.16 
9961.86 1477.11 6188.24 260.101 0.75 5723.29 5058.17 
10098.8 1510.36 6289.19 257.771 0.75 5589.09 5107.9 
10192.1 1476.51 6232.36 261.767 0.75 5230.26 4898.87 
10181.7 1479.79 6187.74 258.736 0.75 5216.74 4871.91 
10362.9 1460.55 6174.74 253.413 0.75 5202.09 4862.25 
10451.7 1470.05 6192.01 262.977 0.75 5270.14 4839.69 
10450.7 1550.33 5766.44 267.761 0.75 5248.73 4727.1 
9973.75 1541.43 5734.89 254.281 1 5327.57 4716.8 
9961.99 1553.28 5757.92 251.201 0.75 5289.14 4773.28 
9981.53 1572.8 5735.24 247.138 1 5344.43 4746.2 
9916.19 1559.43 5730.92 243.096 1 5329.25 4746.8 
9939.24 1563.01 5717.46 243.291 1 5334.18 4688.85 
10021.4 1547.44 5715.43 241.098 1 5339.29 4623.41 
9951.6 1572.94 5664.83 242.245 0.75 5293.52 4607.57 
10618.4 1452.04 5531.63 240.478 1 5287.75 4469.7 
10671.7 1461.83 5505.15 235.658 1 5289.1 4452.75 
10567.4 1489.4 5510.5 235.717 1 5254.19 4463.63 
10488 1529.27 5466.21 239.87 1 5313.73 4358.92 
10526.7 1586 5462.48 233.494 1 5248.08 4334.09 
10543.2 1598.29 5445.87 234.431 1 5333.94 4341.11 
10345.2 1676.59 5430.69 225.891 1 5244.68 4335.76 
10254.3 1680.26 5518.46 216.085 1 5334.87 4410.85 
10327.4 1700.71 5531.92 218.939 1 5401.63 4396.79 
10481.8 1645.83 5515.04 221.339 1 5423.12 4471.58 
10353.9 1703.24 5410.96 216.401 1 5389.95 4432.93 
10303.7 1691.57 5414.28 215.344 1 5352.15 4501.96 
11858.9 1681.42 5755.58 224.858 1 5044.91 4788.54 
11485 1659.17 5949.26 229.422 1 4671.23 5017.15 
11474.4 1667.89 6049.89 233.228 1 4678.1 5137.34 
12125.8 2113.2 5999.31 219.316 1 4353.25 4904.06 
12356.6 2039.63 6053.97 207.793 1 4366.22 4899.46 
14878.3 1894.65 6142.76 203.797 1 4402.35 4911.29 
14556.2 2057.79 6260.17 196.019 1 4394.02 4858.72 
14551.6 2063.34 6300.75 200.804 1 4385.39 4788.03 
14550.9 2074.27 6408.98 200.549 1 4559.23 4754.53 
14395.2 2094.68 6414.11 202.031 1 4647.77 4744.18 
14402.2 2072.99 6405.73 201.484 1 4697.5 4746.08 
14374.2 2076.71 6418.27 199.741 1 4754.76 4686.5 
14358.6 2098.85 6523.94 200.807 1 4804.73 4688.16 
14431.8 2039.36 6563.54 198.742 1 4804.99 4720.6 
14297.3 2044.46 6567.96 199.129 1 4836.04 4882.04 
14739.2 2069.41 6658.25 199.719 1 4923.52 4891.69 
14757.3 2078.67 6766.28 197.804 1 4957.13 4937.25 
15312.3 1966.06 6726.66 197.26 1 4948.62 4921.06 
15145.6 1966.21 6735.78 199.237 1 4918.6 4958.46 
15444.8 1930.99 6698.56 197.31 1 5033.21 4928.11 
15480.4 1842.42 6833.27 199.941 1 5138.09 5598.41 
15473.5 1839.74 6851.85 201.702 1 5152.91 5724.97 
15973.7 1759.59 7014.18 206.654 1 5181.21 6126.11 
16065.3 1615.05 6937.16 208.911 1 5273.49 6116.48 
16227.5 1584.22 7108.33 216.895 1 5286.13 6190.08 
16617.9 1514.16 6896.08 216.995 1 5257.58 5739.74 
16622.4 1530.45 6736.45 219.718 1 5257.18 5587.23 
16622.4 1542.3 6698.38 211.164 1 5265.36 5442.57 
17333.6 1447.33 6497.83 214.037 1 5196.54 5283.34 
17297.3 1439.26 6449.92 217.012 1 5164.71 5241.67 
17276.2 1420.24 6439.09 219.947 1 5143.38 5234.23 
17467.2 1428.25 6517.45 233.506 1 5231.23 5413.94 
17794.8 1415.29 6444.15 226.738 1 5244.32 5383.08 
17667.6 1411.54 6460.4 226.44 1 5227.16 5456.15 
17861.4 1361.69 6534.16 231.096 1 5228.76 5531.38 
17855.6 1368.86 6568.56 233.628 1 5252.05 5551.23 
18204 1341.09 6549.58 231.151 1 5316.48 5334.88 
18469.1 1269.76 6569.87 225.205 1 5301.33 5341.08 
18393.9 1254.23 6499.99 222.521 1 5347.11 5271.97 
18393 1246.3 6401.91 219.315 1 5322.4 5201.71 
18841.4 1189.88 6463.99 220.13 1 5306.02 5206.06 
19043 1171.75 6461.93 221.34 1 5330.54 5191.77 
19055.4 1169.05 6209.36 223.575 1 5222.77 5133.89 
19048.6 1214.3 6214.31 223.425 1 5229.58 5132.61 
19319.6 1162.55 6317.93 222.518 1 5273.98 5111.25 
19400.8 1157.84 6274.25 223.821 1 5264.73 5071.42 
19265 1161.33 6245.01 226.7 1 5230.32 5082.24 
19552.2 1213.71 6231.32 226.075 1 5192.38 5109.26 
19600.9 1237.59 6276.59 223.515 1 5182.97 5003.33 
19376.2 1235.77 6193.16 223.194 1 5184.08 4966.34 
19285.5 1204.3 6099.79 223.033 1 5187.69 4843.49 
19370 1202.25 6051.93 219.131 1 5197.02 4697.21 
19244.4 1165.28 6166.06 219.339 1 5323.8 4763.17 
19110.9 1214.15 6087.52 218.441 1 5272.17 4538.89 
18925.6 1233.31 6117.08 213.689 1 5269.25 4576.01 
18847.5 1282.92 6055.28 212.098 1 5276.49 4487.56 
18521.4 1303.22 6094.91 211.563 1 5341.13 4382.55 
18585.2 1381.83 6075.79 209.246 1 5323.81 4494.14 
18526.4 1372.32 6033.61 209.461 1 5329.73 4545.86 
18508.4 1412.37 6055.64 220.991 1 5309.21 4517.78 
18586.4 1453.96 5987.63 223.925 1 5343.13 4471.1 
18626.9 1616.31 6045.26 231.848 1 5320.02 4536.45 
18462.6 1627.92 6075.51 230.943 1 5275.72 4570.5 
18416.8 1600.72 6155.81 231.601 1 5274.11 4614.87 
18448.8 1591.85 6161.05 231.135 1 5255.12 4677.88 
18519.2 1501.05 6198.73 234.566 1 5299.24 4770.98 
18563.1 1514.85 6242.14 232.21 1 5303.05 4781.67 
18643.2 1523.75 6546.09 237.888 1 5386.97 4863.86 
18668.2 1470.1 6640.11 235.111 1 5402.22 4865.24 
18639.9 1487.77 6653.15 234.986 1 5438.58 4855.24 
18408.4 1499.61 6751.31 233.849 1 5485.23 5004.14 
18401.4 1525.09 6810.58 230.004 1 5506.46 5047.91 
18645.3 1440.71 6832.45 227.249 1 5501.41 5019.81 
18766.1 1437.96 6942.27 229.811 1 5580.01 5162.65 
18920.8 1365.97 6940.56 223.997 1 5614.53 5173.74 
19224.9 1335.42 6989.78 229.648 1 5704.08 5174.17 
19256.7 1342.87 6942.18 226.608 1 5675.17 5141.53 
19307.8 1342.64 6925.31 228.134 1 5672.97 5097.9 
19726.8 1282.66 6952.55 229.167 1 5690.31 5164.04 
19739.7 1272.18 7052.43 232.218 1 5709.94 5293.63 
19768.7 1223.21 7030.87 231.532 1 5673.82 5279 
19916 1134 6993.17 236.427 1 5699.41 5283.37 
19684 1128.41 7015.25 232.418 1 5673.95 5273.66 
19612.6 1103.88 6988.7 233.751 1 5593.01 5239.56 
19847.3 1050.41 7088.77 226.248 1 5549.45 5299.24 
20163.4 1054.47 7092.31 224.137 1 5573.58 5279.43 
20276.5 1021.52 7180.59 225.293 1 5631.58 5263.08 
20387.1 969.126 7293.13 227.512 1 5666.39 5187.12 
20428 978.43 7425.51 230.355 0.75 5694.56 5288.59 
20527.8 978.5 7599.78 231.287 0.75 5739.89 5352 
20945.5 942.025 7603.2 229.33 1 5734.87 5372.85 
20942.2 947.023 7531.24 228.774 1 5728.69 5457.04 
20968.5 929.889 7553.35 214.705 1 5742.44 5425.06 
21396.3 898.846 7552.35 213.934 1 5708.05 5430.42 
21684.4 912.162 7598.86 209.481 1 5750.36 5530.16 
21704.9 904.873 7651.42 206.136 1 5805.05 5642.29 
21694.6 911.623 7655.66 203.723 1 5831.17 5633.71 
22050.1 916.886 7672.02 202.638 1 5873 5701.1 
22040.2 954.064 7673.17 207.573 1 5893.64 5705.06 
22107.5 922.494 7707.88 212.079 1 5903.01 5678.63 
22110.1 791.142 7491.56 222.108 1 5874.86 5649.22 
23134.1 705.426 7441.78 226.033 1 5890.72 5620.08 
22941.6 711.979 7297.67 229.81 1 5892.65 5654.78 
10023.9 490.048 7299.02 233.042 1 5910.33 5964.3 
9783.59 486.735 7379.33 229.747 1 5887.43 5991.18 
8922.58 484.685 7362.19 215.929 1 5981.23 6025.61 
8571.39 455.952 8610.11 228.112 1 6417.37 6595.93 
8568.77 460.543 8830.39 236.379 0.75 6441.75 6898.2 
8624.1 467.319 8717.49 236.92 0.75 6434.71 6997.91 
8541.51 470.437 8795.91 228.965 1 7340.25 8017.64 
8543.73 479.738 8895.6 228.907 1 7360.41 8068.03 
8541.1 484.024 8874.36 230.745 1 7541.17 7987.01 
8644.27 492.144 8671.21 227.911 1 7399.98 7713.45 
8746.5 498.69 8611.07 229.251 1 7350.48 7561.93 
8701.95 506.705 8595.28 243.995 1 7501.05 7563.99 
8728.87 503.755 8594.16 246.383 1 7497.98 7443.58 
8730.51 561.277 8525.49 245.754 1 7486.89 7547.75 
8756.13 575.456 8530.15 248.224 1 7531.76 7508.29 
8813.34 618.731 8468.04 247.269 1 7556.25 7465.29 
8873.88 624.115 8419.47 249.618 1 7510.17 7451.84 
8875.08 609.719 8421.33 251.377 1 7508.85 7488.43 
8875.25 604.273 8502.21 256.144 1 7534.57 7527.19 
8918.01 614.247 8593.29 252.349 1 7519.91 7575.5 
8918.06 619.795 8639.44 251.455 1 7571.39 7558.91 
8865.11 580.401 8586.73 257.78 1 7586.66 7531.6 
8874.94 548.592 8605.88 262.711 1 7576.81 7525.89 
8828.94 553.137 8626.73 266.38 1 7520.43 7502.25 
8853.59 581.558 8368.33 259.951 1 7425 7461.46 
8833.67 598.153 8396.33 254.114 1 7446.84 7592.78 
8802.06 593.349 8399.11 250.786 1 7421.97 7567.39 
8774.67 595.19 8353.77 249.86 1 7441.28 7538.32 
8779.99 594.656 8380.32 247.372 1 7413.14 7494.31 
8807.6 637.494 8638.69 241.194 1 7450.26 7487.54 
8833.67 629.607 8653.36 237.036 1 7485.66 7343.04 
8930.66 632.283 8712.51 236.854 1 7518.99 7418.35 
8953.88 626.056 8686.95 237.693 1 7404.07 7433.32 
8977.02 610.728 8692.96 237.916 1 7379.85 7517.64 
8982.1 582.426 8727.69 238.375 1 7454.71 7667.79 
8982.42 577.595 8739.32 235.779 1 7194.84 8138.47 
9024.85 582.869 8735.17 225.074 1 6720.1 8020.12 
9088.77 431.735 9032.86 224.71 1 6771.3 8063.01 
9102.36 413.701 9162.96 223.936 1 6801.14 8023.8 
9166.21 411.953 9203.67 226.27 1 6977.63 8024.14 
9165.05 382.807 9362.86 222.587 1 6695.6 8027.04 
9248.59 389.426 10271 226.609 1 6489.71 9207.27 
9231.3 396.296 9274.84 299.17 0.75 6216.57 7998.53 
9311.04 396.521 9412.96 299.268 0.75 6318.98 8042.14 
9287.23 402.624 9397.46 297.694 0.75 6323.05 8053.13 
9361.98 396.963 9623.14 229.994 1 7117.82 7549.93 
9389.54 394.756 9650.89 234.552 1 7547.38 7453.34 
9460.42 390.819 9952.63 229.266 1 8131.19 8445.21 
9496.63 387.592 9937.74 222.119 1 8017.46 7937.2 
9525.91 391.061 9885.45 219.657 1 8037.46 7896.83 
9486.12 385.414 9076.12 232.784 1 7121.03 7050.97 
9406.01 386.897 9529.83 234.08 1 7636.74 7745.16 
9319.81 391.608 9191.82 224.2 1 6959.17 7490.01 
9288.27 385.452 9150.8 215.719 1 7342.21 7652.38 
9275.86 394.227 8925.74 215.492 1 7247.98 7656.18 
9252.52 380.56 8861.88 217.145 1 7382.45 7517.45 
9217.88 385.855 8643.68 280.822 0.75 5778.08 6981.24 
9177.6 382.571 8861.91 259.322 0.75 6094.72 7234.7 
9040.92 377.063 8912.39 222.372 1 6101.61 7265.36 
9003.94 376.617 9405.95 257.903 0.75 9915.95 9038.07 
8977.22 381.418 9309.34 291.76 0.5 11794 9028.77 
8917.51 369.026 8933.16 288.116 0.5 9380.96 8757.9 
8919.08 381.138 9290.44 258.113 0.75 7506.2 7750.84 
8845.55 388.44 9186.28 255.654 0.75 7509.08 7660.18 
8822.49 388.748 9175.22 258.739 0.75 7479.8 7486.06 
12344.5 512.186 9488.2 328.842 0.5 7616.51 7844.85 
11489.8 529.519 9375.49 328.106 0.5 7514.03 7933.88 
11490.6 527.339 9351.38 329.231 0.5 7506.88 7967.13 
10798 505.969 9023.01 328.713 0.5 7336.71 7667.53 
11077.7 494.946 8954.63 332.517 0.5 7151.1 7482.35 
11023.1 488.397 8988.12 334.812 0.5 7200.17 7511.1 
11223.6 499.554 8995.34 337.232 0.5 7168.99 7430.26 
11247.9 494.337 8961.14 337.3 0.5 7150.97 7398.55 
9135.13 481.861 8863.01 401.941 0.25 7109.68 7167.45 
9853.9 488.152 8936.83 338.35 0.5 7126.77 7168.3 
11006.5 525.286 9347.13 336.449 0.5 7311.28 7259.96 
10949.6 525.093 9339.1 337.906 0.5 7350.71 7201.07 
10953.6 525.866 9331.16 339.899 0.5 7474.4 7191.15 
7947.35 468.328 9093.71 339.804 0.5 7372.41 7159.55 
9044.51 492.136 9112.81 342.517 0.5 7442.9 7216.68 
7544.22 476.777 9585.06 356.616 0.5 7994.98 7726.56 
7554.8 480.362 9628.97 359.519 0.25 7972.51 7808.78 
7567.03 485.103 9612.2 356.673 0.25 8001.34 7861.63 
7594.31 455.598 9280.55 347.384 0.25 7629.93 7549.09 
7242.16 450.958 9034.36 383.677 0 7514.29 7485.59 
7279.95 454.722 8989.46 387.127 0 7186.12 7166.3 
7264.32 455.084 8956.23 387.118 0 7200.58 7194.36 
7261.09 456.794 8966.29 385.743 0 7170.08 7179.87 
7314.48 714.553 9530.84 386.199 0 9378.8 8924.04 
7991.8 883.742 9542.96 394.129 0 7981.94 7597.34 
7995.06 892.339 9525.97 394.786 0 7933.11 7521.12 
7973.79 907.8 9505.35 395.176 0 7928.2 7489.91 
7990.02 914.123 9478.78 394.944 0 7921.56 7471.89 
7980.42 919.481 9463.54 396.012 0 7925.47 7479.75 
7917.34 925.746 9491.29 398.508 0 8001.74 7394.87 
7951.04 937.363 9490.96 401.41 0 7975.97 7373.35 
7948.49 944.282 9511.81 399.19 0 7984.95 7338.26 
7937.22 945.535 9586.12 400.45 0 8012.99 7365.1 
7922.19 927.27 9612.9 400.012 0 8024.9 7342.06 
7902.01 937.08 9609.3 400.311 0 7956.66 7379.03 
7915.36 943.619 9554.45 399.065 0 7931.63 7317.42 
7920.89 940.724 9640.2 399.394 0 7972.14 7322.18 
7941.25 937.602 9591.16 396.64 0 7930.41 7382.53 
7869.16 960.051 9518.29 397.63 0 7905.24 7373.14 
7850.12 975.027 9510.83 395.246 0 7863.52 7360.36 
7848.02 995.705 9484.76 395.549 0 7847.2 7320.91 
7851.15 1014.35 9475.56 396.088 0 7809.21 7270.09 
7851.39 1007.2 9402.95 393.375 0 7755.45 7236.95 
7865 981.683 9440.17 393.432 0 7768.81 7252.55 
7820.19 1019.41 9495.24 395.124 0 7752.64 7293.91 
7814.94 997.396 9502.32 391.985 0 7868.01 7200.05 
7758.81 956.272 9455.09 392.419 0 7845.29 7151.26 
7835.89 958.284 9455.48 390.031 0 7848.84 7113.78 
7747.66 889.927 9535.94 389.425 0 7921.24 7157.91 
7798.18 852.248 9519.35 387.864 0 7946.47 7209.37 
7839.23 797.182 9484.34 388.143 0 7952.6 7160.09 
7826.51 761.106 9513.14 387.91 0 7980.27 7167.34 
7810.79 756.263 9572.24 389.374 0 8025.67 7156.65 
7644.5 600.696 9552.87 387.556 0 8079.6 7249.2 
7723.49 572.411 9585.98 388.761 0 8109.06 7248.43 
7546.75 561.822 9608.14 387.863 0 8125.81 7274.79 
7603.12 560.449 9604.58 388.077 0 8098.18 7266.84 
7564.59 546.188 9750.69 388.221 0 8169.02 7331.26 
7546.23 542.573 9793.73 389.595 0 8145.09 7355.45 
7522.97 528.391 9814.57 390.211 0 8113.33 7326.55 
7499.23 512.615 9572.72 387.959 0.25 8033.46 7217.18 
7574 525.8 9641.39 387.132 0.25 8103.73 7239.42 
7462.9 531.64 9588.28 389.72 0.25 8100.03 7178.69 
7448.51 525.934 9472.02 390.775 0.25 8031.22 7115.26 
7389.9 544.715 9442.75 392.447 0.25 8017.4 7079.85 
7349.18 557.188 9443.47 392.713 0.25 7996.9 7145.01 
7378.3 530.788 9435.66 388.315 0.25 8018.83 7180.01 
7379.82 554.109 9428.71 383.776 0.25 7954.5 7215.34 
7403.42 553.353 9422.24 381.875 0.25 7943.09 7217.46 
7328.98 551.365 9490.5 382.626 0.25 7946.81 7233.16 
7333.18 551.956 9449.72 387.014 0.25 7941.95 7260.84 
7329.07 538.733 9439.78 386.132 0.25 7915.14 7256.82 
7359.52 555.887 9353.83 392.077 0.25 7895.84 7235.53 
7367.17 557.199 9428.29 390.429 0.25 7875.63 7214.35 
7329.73 551.247 9433.72 381.848 0.25 7861.81 7232.86 
7356.24 548.059 9313.29 378.27 0.25 7910.26 7172.49 
7355.42 561.046 9329.22 378 0.25 7938.82 7119.63 
7370.73 539.641 9356.26 379.545 0.25 8006.1 7031.29 
7376.93 536.002 9254.94 381.25 0.25 7974.66 6977.94 
7301.54 521.657 9168.71 377.903 0.25 7965.54 7011.21 
7333.92 522.722 9107.29 376.759 0.25 7898.89 7073.69 
7289.84 522.721 9251.73 374.15 0.25 7887.76 7117.2 
7306.87 519.345 9270.98 374.916 0.25 7883.35 7035.83 
7306.99 507.967 9239.98 376.035 0.25 7860.73 6951.21 
7349.55 518.277 9184.43 373.106 0.25 7920.18 6944.18 
7353.79 509.776 9188.57 381.218 0.25 7897.72 6927.03 
7316.88 516.339 9250.29 380.567 0.25 7879.77 6907.18 
7361.53 531.563 9235.62 378.314 0.25 7915.43 6980.98 
7463.21 526.381 9194.62 378.057 0.25 7853.61 7013.91 
7632.39 528.147 9248.62 375.519 0.25 7864.18 7083.37 
7550.98 521.775 9293.79 374.948 0.25 8031.4 7034.46 
7592.55 526.24 9279.93 375.597 0.25 8028.56 7081.71 
7575.56 530.12 9294.25 374.61 0.25 8076.52 7014.14 
7587.9 530.16 9310.38 369.547 0.25 8035.5 7109.88 
16634.8 1389.73 7167.72 368.476 0.25 6484.68 5810.65 
16610.2 1376.24 6912.11 348.148 0.25 6372.55 5450.85 
16594.3 1407.36 6938.68 348.243 0.25 6369.98 5483.08 
16583.5 1457.72 6971.96 350.921 0.25 6390.88 5541.33 
16589.8 1470.31 7210.23 364.345 0.25 6504.18 5566.94 
16612.8 1466.53 7076.07 359.182 0.25 6743.26 5865.47 
16616.9 1463.93 7060.35 354.18 0.25 6601.19 5722.27 
16696.7 1484.58 7298.63 353.295 0.25 6479.45 6286.5 
16655.6 1489.02 7387.33 353.47 0.25 6477.2 6296.17 
16588.9 1492 7280.03 353.512 0.25 6446.39 6293.82 
16543.5 1523.65 6914.54 364.759 0.25 6229.94 5451.07 
16408.4 1574.42 7124.77 363.361 0.25 6358.38 5799.35 
16451.2 1564.54 7313.14 373.945 0.25 6462.47 6139.54 
16393.1 1567.12 6605.73 356.427 0.25 6226.23 5519 
16395.6 1566.07 6624.67 355.642 0.25 6208.14 5514.52 
16427.7 1586.76 6612.3 353.294 0.25 6249.12 5429.49 
16428 1593.77 6810.77 354.515 0.25 6425.02 5546.58 
16524.8 1602.92 7226.28 363.395 0.25 6530.48 5887.08 
16480.4 1641.21 7247.38 363.309 0.25 6935.08 6107 
16359.9 1651.06 6797.25 355.101 0.25 6467.46 5332.54 
16359.9 1664.63 6784.21 354.405 0.25 6449.26 5243.63 
16421.1 1673.41 6846.04 353.891 0.25 6469.33 5213.37 
19127.3 2393.95 5322.37 388.983 0 5909.87 4403.34 
19234.8 2432.06 5289.52 389.359 0 6002.35 4450.81 
19237.5 2430.61 5208.75 412.56 0 5473.73 3942.54 
19184.2 2485.46 5129.99 384.667 0 5426.48 3902.59 
19188.1 2552.45 5087.76 348.579 0.25 5443.17 3887.84 
19113 2558.6 5075.5 346.789 0.25 5441.45 3879.29 
19202 2586.71 5036.24 345.949 0.25 5459.09 3920.97 
27185.1 3722.1 5000.53 384.778 0 5515.8 3871.82 
27154.9 3874.28 4958.53 385.703 0 5513.55 3879.68 
27034 3933.09 4943.86 385.038 0 5539.81 3846.46 
32664.2 4433.88 4035.08 378.965 0 3780.1 2998.73 
32720.8 4427.8 4010.42 380.872 0 3791.32 2989.12 
32751.7 4443.82 3990.41 380.696 0 3729.22 3002.03 
32646 4526.85 3986.92 380.342 0 3751.45 3064.1 
32726 4605.96 3972.35 380.343 0 3739.65 3082.34 
32684.5 4651.16 3975.63 380.92 0 3762.78 3126.58 
32630.4 4686.29 3938.59 381.519 0 3781.35 3140.29 
32678.8 4810.38 3964.15 382.153 0 3840.18 3134.67 
32631.1 4849.46 3960.72 382.635 0 3843.58 3106.48 
32776.9 4912.05 3969.46 383.011 0 3903.4 3156.43 
32788.6 4937.24 3980.19 382.098 0 3901.54 3152.73 
37590.1 6443.97 2525.29 379.331 0 2995.91 2214.88 
37578.8 6525.4 2505.2 379.534 0 2990.52 2206.05 
37644 6612.1 2488.71 379.073 0 2978.2 2192.81 
37596.2 6675.64 2493.33 378.916 0 2995.49 2187.2 
