1064
42729.1 9106.14 970.396 401.149 0 752.87 1836.95 
42438.3 9231.43 982.451 400.703 0 757.013 1835.85 
42421.4 9336.25 980.158 401.917 0 746.826 1749.67 
43471.7 9735.93 787.342 402.091 0 678.302 1580.84 
43401.5 9841.15 806.095 401.807 0 704.116 1575.19 
43312.3 9982.46 815.447 402.669 0 706.788 1582.93 
43195.2 10111.4 827.498 402.493 0 720.169 1593.63 
42957.8 10224.4 832.966 404.749 0 724.636 1595.21 
42668.2 10326.3 836.208 404.81 0 733.266 1588.65 
42652.9 10438.5 817.027 403.687 0 719.636 1605.08 
42460.6 10604.1 799.989 404.44 0 718.786 1624.52 
42208 10786.1 782.197 404.54 0 696.887 1640.4 
42082.3 10831.4 793.341 404.296 0 713.135 1658.7 
41779.6 11012.1 790.608 403.867 0 715.009 1662.3 
41502.4 11168.8 787.6 403.414 0 727.717 1659.9 
41477.7 11246.6 790.79 403.938 0 734.119 1654.34 
41355.9 11351 801.019 403.022 0 777.544 1674.79 
41342 11498.2 814.883 401.316 0 787.002 1689.98 
41134.8 11650 818.392 401.988 0 783.929 1677.9 
41123.1 11798.3 819.316 401.851 0 785.862 1606.41 
42078.6 12300.6 711.257 402.31 0 757.111 1486.22 
41899 12520.5 712.597 402.807 0 770.858 1470.86 
41787 12690.6 722.048 403.228 0 774.942 1491.54 
43947.9 13249 632.146 401.364 0 592.292 711.279 
43830.2 13467.1 635.762 401.7 0 604.598 720.544 
45927.6 13838.2 527.419 401.775 0 576.262 522.573 
45717.2 14034.6 525.383 402.855 0 586.323 528.782 
46646.4 14464.4 334.776 401.7 0 531.244 449.896 
46946.9 14639.4 342.271 401.541 0 560.461 460.105 
47131.1 14848 338.349 402.513 0 568.795 466.824 
47404 14740.1 333.621 403.395 0 563.633 462.6 
47551.6 14930.3 334.288 403.726 0 572.126 465.959 
47323.4 14664.8 327.439 404.239 0 538.066 472.392 
47190.9 14895.4 333.045 404 0 548.485 470.115 
47064.1 14935.6 342.641 404.149 0 567.388 485.267 
47325.9 14596.3 337.314 403.338 0 514.484 480.354 
47469 14715.9 337.076 403.298 0 512.345 497.051 
47536.6 14945 337.453 405.017 0 519.765 507.893 
47319.8 14173 345.231 404.416 0 540.797 516.106 
47066.2 13918.4 353.585 405.553 0 528.769 510.074 
47223.4 14020.3 405.662 406.027 0 553.731 543.023 
47611.6 14140.8 413.888 406.205 0 568.531 562.602 
47656.1 14159.8 426.097 405.782 0 603.252 574.62 
47882.9 14348.9 487.232 406.33 0 623.297 628.266 
46939.6 14385.5 526.064 405.464 0 628.739 639.136 
46999.7 14373.2 592.545 406.62 0 666.278 687.299 
46821.2 14387.4 609.35 405.551 0 683.033 716.492 
46879 14665.9 663.915 404.936 0 696.402 739.012 
46947.1 14061.3 677.752 405.603 0 674.196 727.168 
47303.9 14252.7 709.955 405.767 0 697.007 746.074 
46078.5 13931.7 769.595 405.75 0 734.64 794.26 
45343.6 13113.5 753.442 405.548 0 709.992 789.906 
44760.9 13103 766.592 406.101 0 705.62 800.233 
44875.1 12970.8 786.145 405.945 0 742.483 835.971 
44693.6 13090.7 815.717 406.707 0 792.744 836.334 
44588.5 13361 832.471 408.237 0 834.391 854.733 
45294.8 13080.6 841.435 406.649 0 852.284 835.803 
45411.4 13079.5 876.62 405.886 0 888.271 861.811 
43903.6 12794 960.589 404.687 0 1061.85 847.561 
43087.2 12281.7 1015.01 402.746 0 1131.48 850.238 
42747.6 12281.7 1120.81 404.454 0 1298.93 913.489 
42767.7 11821.1 1198.29 403.141 0 1338.31 927.745 
42059.7 11765.6 1272.12 404.512 0 1404 982.974 
41694.2 11167.5 1321.52 403.309 0 1442.54 1028.55 
41213.1 10975.1 1466.38 402.808 0 1544.31 1080.51 
40654.8 10843.4 1508.02 404.054 0 1594.79 1113.4 
40556.5 10915.8 1592.63 403.618 0 1614.8 1140.08 
40150.9 10341.4 1754.19 402.945 0 1601.38 1189.51 
39822.4 9705.53 1819.32 403.55 0 1613.08 1199.2 
39233.9 9684.3 1844.25 402.172 0 1563.39 1235.58 
39121.9 9323.51 1930.89 403.743 0 1558.44 1250.16 
38922.3 9235.55 1971.42 406.215 0 1610 1262.51 
38504.9 9119.72 1997.31 405.912 0 1636.37 1212.37 
38445.8 8946.73 2004.07 406.505 0 1659.33 1236.22 
38314.4 8949.51 2004.07 406.511 0 1698.9 1211.79 
37044.4 8678.81 2066.67 404.434 0 1705.59 1207.09 
36791.7 8545.42 2079.91 405.753 0 1709.35 1244.44 
36675.8 8515.88 2087.83 405.685 0 1725.48 1241.3 
36851.6 8282.25 2135.87 405.236 0 1791.79 1265.17 
37254.7 7946.11 2162.59 405.988 0 1816.4 1346.33 
37101.2 7578.16 2164.11 405.695 0 1768.79 1354.46 
36922.1 7320.8 2212.23 405.738 0 1791.64 1388.47 
36805.1 7132.91 2253.86 406.527 0 1824 1417.06 
36646.4 6632.69 2280.08 406.072 0 1833.94 1418.04 
36519.5 6637.09 2285.46 405.034 0 1859.58 1450.21 
36495.4 6513.12 2350.65 398.83 0.0769231 1914.85 1483.01 
36714.3 6370.04 2349.46 396.918 0.0769231 1922.19 1493.48 
36479.3 6167.98 2335.39 396.691 0.0769231 1958.19 1502.52 
37783.7 5828.62 2342.9 396.575 0.0769231 2033.05 1513.92 
37746.5 5509.94 2377.27 396.546 0.0769231 2082.94 1523.1 
37581.6 5198.24 2385.79 396.232 0 2105.14 1550.53 
36842.8 5139.68 2379.67 394.847 0 2145.43 1545.69 
36617.6 5060.65 2397.66 388.348 0.0769231 2176.4 1554.56 
36385.6 4765.87 2445.62 384.587 0.153846 2226.27 1603.82 
35901.3 4524.54 2452.2 387.887 0.153846 2234.25 1639.48 
35664 4483.45 2479.08 389.549 0.153846 2238.44 1651.33 
35196.2 4387.77 2532.92 387.395 0 2288.58 1692.99 
34798.8 4292.69 2537.57 399.968 0 2284.58 1726.3 
33764.7 4170.57 2561.68 389.25 0.0769231 2265.23 1737.22 
33424.3 4010.01 2580.11 391.054 0.0769231 2282.26 1755.15 
32794 3859.53 2622.44 392.346 0.0769231 2312.44 1837.4 
32409.9 3616.39 2664.91 396.762 0 2307.47 1840.85 
32089.2 3422.84 2687.46 394.455 0 2345.36 1851.7 
31238.6 3330.52 2740.65 396.353 0 2394.65 1905.14 
30517.2 3345.61 2768.48 398.301 0 2437.66 1943 
30466.6 3280.74 2345.28 398.921 0 2307.26 1743.1 
29362.1 3151.42 2411.06 401.06 0 2348.64 1772.29 
28817.2 3085.71 2466.79 401.689 0 2357.23 1790.38 
27641.7 3073.41 2471.89 395.628 0 2350.76 1842.26 
27215.1 3070.99 2485.5 386.424 0.0769231 2306.71 1875.39 
26933.4 3064.27 2467.9 385.805 0.0769231 2320.34 1879.18 
26531.2 3054.69 2528.23 383.42 0.0769231 2334.72 1923.04 
26093.8 2912.64 2529.51 386.158 0.0769231 2354.8 1969.72 
25802.9 2877.57 2582.52 389.385 0.0769231 2359.3 1979.39 
25146.4 2866.7 2568.07 392.49 0 2351.22 1993.35 
24950.6 2793.28 2545.61 403.426 0 2341.89 2021.76 
24792.6 2691.74 2564.62 399.998 0.0769231 2359.66 2069.71 
24512.4 2622.96 2530.08 383.945 0.0769231 2340.41 2059.36 
23753.9 2575.06 2624.82 386.281 0.0769231 2349.7 2264.89 
23287.5 2541.09 2650.19 389.642 0.0769231 2340.86 2327.19 
23142.6 2511.41 2697.53 388.07 0.0769231 2326.47 2386.77 
22522.8 2415.31 2684.04 388.668 0.0769231 2365.12 2391.59 
22561.8 2363.64 2882.16 389.052 0.0769231 2711.85 2714.22 
22224.9 2343.75 2810.97 388.638 0.0769231 2721.71 2616.19 
21822.6 2273.03 2756.02 386.693 0.153846 2690.95 2627.49 
21430.3 2182.67 2785.48 387.084 0.153846 2662.28 2646.96 
21194.3 2105.51 2744.49 387.144 0.153846 2692.98 2649.8 
21031.1 2086.89 2753.09 387.186 0.153846 2706.85 2666.3 
20531.8 2009.83 2811.2 400.977 0.0769231 2751.75 2749.98 
19840.2 1921.61 2803.67 382.335 0.153846 2859.77 2782.12 
19879.1 1770.13 2829.45 379.96 0.0769231 2967.61 2877.64 
19295.7 1737.44 2825.53 375.924 0.153846 3032.52 2945.1 
18718.9 1685.83 2828.46 374.288 0.153846 3036.04 3059.57 
18440.7 1182.55 2895.33 373.966 0.153846 3249.9 3348.86 
18215.2 1143.57 3074.87 371.907 0.307692 3377.21 3466.42 
18034.2 1133.87 3232.79 371.145 0.230769 3364.05 3485.93 
17536.2 1161.5 3241.26 376.251 0.230769 3344.01 3433.93 
17619.2 1144.93 3244.75 377.963 0.153846 3395.63 3437.69 
16051.8 1097.06 3543.35 370.286 0.153846 3239 3170.45 
17715.4 1092.25 4018.6 370.255 0.153846 3214.75 3138.22 
17778.9 1087.46 4109.78 378.016 0.0769231 3189.6 3067.86 
17600.4 904.412 4124.69 391.937 0 3222.62 3073.77 
17238.6 900.117 4107.24 389.626 0.0769231 3198.96 3096.93 
17127.6 749.042 4211.43 394.587 0.0769231 3213.32 3076.7 
16915.1 690.404 4285.67 382.408 0.153846 3267.18 3047.17 
16695.1 717.517 4324.89 386.708 0.230769 3266.88 3049.07 
16580.5 714.095 4348.65 398.096 0.230769 3290.02 3101.06 
16565.5 729.606 4382.15 384.886 0.230769 3301.68 3137.3 
16381.9 738.269 4395.49 386.922 0.0769231 3295.88 3172.92 
16041.3 747.527 4403.11 384.025 0.0769231 3312.91 3223.56 
15518.5 759.637 4443.16 386.179 0.0769231 3255.95 3247.19 
15175 722.071 4503.88 389.5 0.0769231 3280.45 3300.85 
15596.5 658.217 4778.72 407.819 0 3505.05 3391.62 
15332.5 634.162 4786.9 403.62 0.0769231 3515.25 3430.27 
18781.3 643.54 4708.14 398.42 0.0769231 3457.46 3394.98 
17927.6 647.512 4666.36 400.67 0.0769231 3498.09 3874.79 
17587.5 649.841 4690.45 403.087 0.0769231 3468.74 3858.02 
17285.4 648.723 4713.99 415.346 0.0769231 3468.84 3896.83 
16922.7 592.85 4796.16 412.491 0.0769231 3563.22 3919.25 
16558.2 537.124 4800.27 415.471 0 3570.08 3902.97 
16119.3 517.784 4842.14 398.089 0 3574.66 3955 
15961.6 530.502 4872.44 395.248 0 3621.85 4029.79 
15807.7 495.376 4753.08 397.672 0 4104.34 4148.13 
15487 483.965 4797.79 394.633 0.0769231 4107.87 4200.69 
15157.7 475.493 4936.37 400.271 0 4094.84 4205.54 
15099.1 465.279 4900.7 398.94 0 4059.86 4234.86 
15087.2 424.915 4890.73 397.414 0.0769231 4021.27 4272.03 
14733.1 378.68 4940.57 415.242 0 4090.23 4297.94 
14611.9 365.129 4957.62 412.445 0.0769231 4093.97 4321.02 
14565.1 372.588 4965.12 403.344 0 4079.38 4353.53 
14244.1 362.43 4918.02 407.628 0 4273.32 4548.03 
14015.3 363.201 4939.07 408.229 0.0769231 4306.82 4561.82 
13325.1 375.675 5015.47 410.084 0 4351 4654.35 
13155.8 376.644 5066.36 413.571 0 4397.83 4736.66 
12974.5 369.688 5114.43 419.532 0 4377.25 4821.2 
12917.7 361.471 5032.98 417.356 0 4464.26 5106.52 
12833.9 348.637 5032.2 407.097 0.0769231 4469.47 5088.82 
12582.1 317.28 4985.82 405.959 0.0769231 4522.73 5055.35 
12474.9 315.693 4980.42 406.479 0.0769231 4515.44 5020.87 
11658.9 303.681 5026.3 411.384 0.153846 4624.96 5414.46 
11778.8 311.998 5016.21 405.272 0.153846 4613.15 5422.33 
11619 313.451 4999.27 401.588 0.153846 4596.76 5408.12 
11331.7 338.082 4995.77 401.796 0.0769231 4643.16 5405.4 
11217.2 337.59 5026.72 411.754 0.0769231 4605.97 5422.48 
11149.8 348.434 4997.86 400.38 0.153846 4605.66 5503.01 
11010.6 364.715 4987.59 404.31 0.230769 4597.1 5562.66 
10981.8 360.839 5107.72 406.747 0.153846 4865.71 5597.11 
10991.7 352.78 5071.68 435.896 0.0769231 4884.25 5624.04 
10914.9 391.289 5029.42 434.88 0.0769231 4685.1 5439.16 
10627.4 386.955 5042.5 411.099 0.0769231 4653.12 5423.19 
10498.7 365.015 5097.15 407.413 0.153846 4689.94 5435.62 
10464.9 370.196 5063.38 406.546 0.153846 4575.82 5248.77 
10390.1 375.254 4989.82 408.79 0.0769231 4510.63 5305.33 
10312.1 347.952 5047.41 417.256 0.0769231 4597.86 5339.34 
10215.6 335.262 5043.84 417.74 0 4617.8 5349.06 
11709.1 357.658 5034.45 419.326 0 4486.7 5497.9 
11574.1 347.41 5044.37 420.822 0 4503.53 5492.76 
10467.2 335.524 5238.21 418.092 0 4960.82 5719.19 
10335.2 333.974 5180.14 417.987 0 4991.87 5711.73 
10254.6 331.697 5472.26 419.557 0 5416.35 5293.54 
10209 310.172 5705.45 420.735 0 5747.57 5365.12 
9963.1 296.645 6268.79 423.348 0 6130.39 5766.26 
9967.18 287.404 5982.84 420.022 0.0769231 6348.87 5591.84 
9718.02 277.03 6085.15 418.368 0.0769231 6482.57 5644.95 
9618.87 283.639 6008.54 422.623 0.0769231 6385.28 5575.76 
9652.63 286.333 6026.45 427.67 0 6269.6 5620.02 
9647.34 285.966 6112.26 425.894 0 6195.28 5619.01 
5968.09 275.744 6094.14 426.725 0 6132.57 6291.75 
5995.17 290.145 6084.25 418.25 0.0769231 6099.93 6195.05 
5950.36 283.814 6146.42 418.956 0.0769231 6102.05 6250.98 
5901.87 287.067 6105.62 424.529 0.0769231 6081.41 6265.83 
5837.3 289.822 6061.22 419.133 0.0769231 6083.66 6302.02 
5691.92 273.025 6096.95 417.122 0.0769231 6087.98 6354.14 
5670.68 279.629 6091.7 429.974 0 6194.98 6455.62 
5652 281.428 6161.93 424.738 0 6272.62 6517.62 
5524.04 286.005 6154.45 419.8 0 6253.49 6535.61 
5417.12 285.46 6158.95 405.418 0.0769231 6283.98 6600.58 
5380.74 291.259 6169.34 406.005 0.0769231 6332.66 6536.13 
5169.01 291.15 6030.06 410.828 0.0769231 6141.56 6452.97 
5066.84 302.698 6052.25 409.024 0.0769231 6151.12 6356.32 
5028.92 316.43 6089.3 398.091 0.153846 6130.99 6369.69 
5053.65 344.296 6012.01 393.409 0.153846 6052.13 6347.26 
5043.12 335.255 5991.47 397.499 0.0769231 6016.62 6164.56 
4862.59 327.662 6155.77 393.461 0.153846 6021.21 6171.42 
4790.73 302.381 6413.27 414.388 0.0769231 6197.22 6108.53 
4754.94 304.432 6414.77 410.348 0.0769231 6179.54 6068.81 
4694.44 284.177 6282.12 410.397 0.0769231 6023.89 5887.36 
4600.32 292.557 6420.82 416.917 0.0769231 6701.02 6022.84 
4505.52 294.272 6462.88 419.515 0.0769231 6770.91 5962.02 
4391.09 293.58 6460.18 401.606 0.153846 6826.17 5936.39 
4281.23 287.564 6586.1 401.811 0.153846 7022.08 5910.36 
4165.62 283.068 7204.09 405.023 0.153846 7375.41 5984.54 
4017.86 304.727 7200.94 409.882 0.0769231 7404.93 5873.97 
3951.73 300.344 7260.52 407.884 0.0769231 7407.21 5949.51 
3859.31 302.693 7452.18 411.574 0 7234.62 6098.98 
3784.94 290.48 7431.41 415.619 0 7157.46 6067.81 
3663.75 297.554 7350.52 416.18 0 7207.74 5976.86 
3609.71 300.607 7247.37 417.752 0 7192.15 5936.2 
3654.28 297.352 7146.78 415.768 0 7132.18 5908.83 
3621.77 293.513 7178.85 415.65 0 7229.34 5826.23 
3593.65 302.518 7181.54 410.544 0 7299.4 5818.95 
3597.45 303.016 7050.11 407.18 0 7321.47 5887.77 
3623 305.384 6786.68 402.161 0 7402.73 5908.54 
5905.24 309.401 6340.66 403.015 0 7231.26 5503.78 
5618.06 290.954 6876.27 427.907 0 7766.44 5712.06 
5691.9 300.964 6848.4 422.508 0 7849.3 5672.96 
5656.33 315.492 6849.09 413.036 0.0769231 7854.69 5686.1 
5665.94 320.585 6906.27 416.253 0.0769231 7822.95 5721.95 
5706.38 318.805 6879.34 417.099 0.0769231 7742.93 5734.08 
2629.05 374.364 7146.71 425.353 0 8010.82 6157.11 
2598.59 367.674 7085.98 419.184 0.0769231 7972.02 6130.89 
2610.13 361.134 7071.63 414.488 0.0769231 7999.38 6068.16 
2589.6 334.93 7222.56 413 0.0769231 8056.69 6068.25 
2572.33 327.604 7228.28 411.059 0.153846 8018.62 5978.92 
2579.01 327.322 7251.09 406.772 0.153846 8120.84 5992.04 
2565.68 330.207 7329.34 405.903 0.153846 8156.31 6067.73 
2553.93 329.481 7370.2 407.409 0.153846 8166.26 6090.02 
2552.1 333.976 7283.08 408.998 0.153846 8290.41 6057.75 
2536.2 339.399 7260.82 405.466 0.230769 8325.73 6015.83 
2537.9 327.173 7243.66 412.989 0.153846 8463.26 6013.14 
2491.02 323.965 7331.68 414.539 0.0769231 8463.09 6056.79 
2473.14 305.675 7742.53 434.856 0 8397.84 6187.88 
2472.24 302.631 7803.81 430.469 0 8469.18 6216.04 
2436.36 309.338 7865.62 419.511 0.0769231 8525.23 6299.56 
2454.1 335.381 7382.26 411.902 0.153846 8388.83 6365.02 
2391.5 343.719 7418.59 408.935 0.153846 8339.98 6411.61 
2395.37 372.558 7188.36 407.638 0.153846 8392.83 6390.51 
2387.83 366.235 7292.7 407.722 0.153846 8597.66 6385.23 
2398.4 374.356 7276.95 411.543 0.153846 8579.03 6318.51 
2372.67 378.458 7211.34 429.326 0.0769231 8486.02 6226.07 
2392.93 367.599 7135.11 431.703 0.0769231 8470.69 6154.34 
2373.69 377.493 6986.03 433.669 0.0769231 7983.06 6008.23 
2386.89 692.972 6373.99 435.834 0 7465.39 6313.77 
2359.03 699.812 6740.1 431.989 0 7536.78 6580.88 
2339.61 690.835 7504.85 431.518 0 7960.6 6777.78 
2340.45 675.724 7588.58 435.196 0 7930.75 6912.92 
2340.94 654.105 7642.46 437.287 0 7984.47 7054.31 
2338.8 514.821 7640.84 437.81 0 8012.11 7182.79 
6297.81 451.536 7593.01 436.286 0 7782.03 7485 
6265.27 430.263 7709.52 437.068 0.0769231 7861.64 7583.06 
6261.44 420.987 7731.28 436.427 0.0769231 8012.22 7609.31 
6215.73 446.929 7756.17 436.452 0.0769231 8157.18 7645.56 
6174.7 480.134 7820.89 448.347 0 8263.72 7676.62 
6134.77 469.342 7791.07 437.914 0 8257.98 7705.49 
6115.2 442.516 7805.67 435.37 0 8189.96 7538.85 
6108.21 431.55 7827.13 433.253 0.0769231 8191.02 7601.46 
6086.2 423.713 7852.4 427.643 0.0769231 8007.79 7631.54 
6094.47 469.427 8159.64 422.398 0.0769231 8337.27 7844.92 
6087.1 486.552 8215.22 420.908 0.0769231 8361.01 7924.43 
6068.07 506.189 8172.88 420.239 0.0769231 8357.9 8006.38 
4194.42 537.407 8394.8 424.949 0.153846 8462.31 8047.71 
4226.33 551.312 8418.17 430.396 0.0769231 8419.93 8091.05 
4221.55 526.491 8352.12 439.31 0.0769231 8403.63 8247.95 
4236.35 519.925 8048.5 425.698 0.0769231 8950.93 8272.41 
4257.65 562.297 8156.37 422.136 0.0769231 8837.15 8147.04 
4289.25 598.865 8329.78 424.785 0.0769231 8632.37 8283.89 
4274.79 607.569 8335.42 427.759 0.0769231 8590.57 8161.9 
4299.95 610.836 8173.94 432.275 0.0769231 8507.64 7672.64 
4274.2 740.348 8252.67 431.19 0.0769231 8662.1 7637.69 
4320.68 761.181 8439.8 431.752 0.0769231 8588.04 7701.6 
4317.62 783.055 8217.28 431.529 0.0769231 8654.17 7752.63 
4351.08 809.087 8217.85 429.939 0.0769231 8689.21 7795.26 
4364.72 811.83 9026.4 430.26 0.0769231 8934.66 8065.23 
4377.04 804.575 9256.03 432.974 0.0769231 8995.54 8244.9 
4290.88 825.922 9916.92 429.299 0.0769231 9335.64 8781.16 
4280.44 826.875 9619.54 424.669 0.0769231 9157.68 8666.04 
4275.72 823.09 9574.21 424.169 0.0769231 9095.56 8595.74 
4286.24 771.803 9371.67 435.517 0 8898.77 8631.43 
4291.51 774.093 9161.9 430.388 0.0769231 8650.11 8479.75 
4298.18 784.939 9342.41 427.82 0.0769231 8798.31 8481.96 
4300.69 652.75 9410.12 418.312 0.153846 8911.24 8456.31 
4313.91 624.325 9254.64 420.353 0.153846 9234.97 7725.3 
5585.47 942.703 9193.99 423.173 0.153846 9505.62 7651.53 
5599.35 957.964 9132.93 443.88 0.0769231 9362.39 7527.34 
5624.97 958.077 9244.83 421.762 0.153846 9276.94 7501.09 
5569.13 948.378 9304.32 418.567 0.153846 9335.25 7514.6 
5579.78 950.387 9323.93 419.773 0.153846 9360.08 7582.82 
5541.78 902.556 9217.65 412.521 0.153846 9416.02 7696.91 
5493.38 866.419 9205.45 409.431 0.153846 9568.61 7706.11 
5498.07 872.292 9306.76 414.585 0.153846 9543.32 7716.1 
5456.09 881.533 9373.32 418.912 0.0769231 9676.92 7878.49 
5308.61 863.775 9363.87 415.446 0.153846 9742.54 7954.81 
5075.67 937.329 9284.48 409.387 0.153846 9703.85 8031.95 
5041.65 818.833 9247.81 407.595 0.153846 9802.58 8200.25 
4992.37 791.132 8899.25 419.368 0.0769231 9433.92 8159.98 
4931.62 753.106 8861.46 425.736 0.0769231 9177.36 7895.07 
4910.61 762.644 8844.67 425.735 0.0769231 9142.2 7898.71 
4764.18 752.382 8811.94 403.897 0.153846 9252.13 7795.03 
4708.83 759.096 8870.35 406.729 0.153846 9295.41 8353.58 
4707.59 845.292 8092.99 403.9 0.153846 8267 7973.72 
4692.41 835.109 8139.48 404.092 0.153846 8248.28 7981.56 
4637.15 830.841 8155.53 403.002 0.153846 8179.3 8099.06 
4696.8 880.869 8105.5 406.352 0.153846 8188.17 8092.79 
4748.12 889.752 8130.48 404.816 0.153846 8087.34 8161.43 
4806.13 891.261 8092.66 402.512 0.153846 8023.84 8216.43 
4894.38 886.138 8183.23 400.394 0.153846 7999.08 8341.54 
4872.78 880.708 8166.55 401.985 0.153846 7972.59 8426.43 
4891.23 875.12 8160.64 402.104 0.153846 8045.65 8454.79 
4881.75 839.375 8094.97 403.767 0.153846 8137.85 8293.66 
4937.89 836.007 8161.41 402.553 0.153846 8161.63 8297.67 
934.892 821.883 8776.73 404.569 0.153846 9296.72 8198.7 
1139.94 818.623 8743.26 395.645 0.230769 9312.43 8072.5 
1560.93 790.047 8686.12 396.791 0.230769 9071.04 7959.81 
1573.43 761.313 9331.63 406.966 0.153846 9623.28 8145.06 
1641.08 745.053 9281.9 406.634 0.230769 10007.6 8081.84 
1688.97 751.977 9358.28 401.814 0.230769 9744.62 8191.65 
1770.52 756.742 9604.1 398.49 0.230769 9891.51 8464.31 
1804.82 753.088 9587.5 395.916 0.230769 9869.35 8424.67 
1803.2 745.645 9436.71 401.874 0.230769 9733.38 8071.72 
1784.23 775.239 9626.16 396.143 0.230769 10082.7 8233.88 
1775.4 798.501 9707.62 397.983 0.230769 10027.9 8298.4 
1751.41 785.375 9796.54 406.855 0.230769 9670.32 8354.49 
1697.26 814.914 10322.8 405.643 0.230769 9605.09 8410.79 
1624.38 789.9 10187.5 401.007 0.230769 9775.55 8337.99 
1596.12 802.288 10212.7 402.322 0.230769 9875.22 8224.97 
1555.94 781.947 10195.7 393.451 0.230769 9763.77 8238.51 
1562.07 791.032 10205.3 391.604 0.230769 9844.24 8308.45 
1574.33 757.343 10215.6 391.166 0.230769 9842.04 8366.6 
1711.83 741.898 10033.5 398.84 0.153846 9935.31 8309.31 
1712.36 670.893 10520.9 401.055 0.153846 9728.1 8302.76 
1964.85 637.116 10477.2 392.06 0.230769 9719.81 8299.95 
1951.79 632.462 10496 392.626 0.230769 9733.49 8282.6 
2299.42 550.877 10499.9 390.772 0.230769 9478.62 8311.63 
2595.12 880.991 10880.6 400.247 0.230769 9539.45 8490.79 
2777.77 847.486 10925.2 400.386 0.230769 9507.77 8523.52 
2758.3 846.18 10988.2 401.283 0.230769 9597.4 8624.75 
2749.63 847.534 10950.9 401.208 0.230769 9700.29 8640.09 
2872.3 819.838 11069.9 398.481 0.230769 9652.18 8749.19 
2902.09 830.413 10667.3 398.622 0.230769 9620.04 9062.7 
3002.63 821.466 10725.4 398.089 0.230769 9377.81 9125.44 
3013.01 820.77 10716.8 396.204 0.230769 9129.63 9106.19 
3076.4 818.271 10781.9 395.415 0.230769 9159.11 9176.01 
3128.9 796.405 10864.7 397.468 0.230769 9153.16 9119.39 
3126.95 805.141 10860.1 397.188 0.230769 9236.67 9064.93 
3175.11 798.069 10924.7 397.034 0.230769 9262.25 9073.39 
3195.67 784.389 10869.6 395.939 0.230769 9266.37 9044.02 
3207.12 783.933 10901.5 393.316 0.307692 9349.39 9045.46 
3215.74 753.069 10940 392.104 0.307692 9279.68 9048.47 
3216.36 748.825 10888.5 391.457 0.307692 9259.17 8995.55 
3173.71 744.985 10958.5 389.807 0.307692 9220.45 9015.01 
3100.04 741.292 10873.6 391.503 0.307692 9191.33 9043.21 
3098.23 748.378 10834.7 392.072 0.307692 9293.69 9066.6 
3056.34 779.283 11128.8 399.908 0.230769 9376.73 8899.7 
2986.64 791.732 11201.6 395.641 0.230769 9428.5 8940.18 
2965.45 774.091 11201.6 389.871 0.307692 9364.89 9025.54 
2947.6 785.262 11273.3 387.117 0.307692 9413.72 9026.82 
2945.32 761.374 11213.8 388.149 0.307692 9358.13 9043.41 
2940.27 758.01 11199.2 387.12 0.307692 9345.48 8898.87 
2915.12 760.518 11211.8 386.733 0.307692 9185.68 8879.67 
2897.6 763.301 11303.2 393.927 0.307692 9221.94 8840.07 
2874.87 749.198 11302.9 393.138 0.307692 9338.15 8839.42 
2845.17 753.707 11318.6 392.789 0.384615 9433.72 8904.08 
2838.48 783 11246.3 392.449 0.384615 9546.59 8834.93 
2848.68 790.431 11269.8 392.267 0.384615 9730.16 8945.44 
2887.9 737.815 11471 395.699 0.384615 9764.75 9074.52 
2872.61 754.807 11159 400.939 0.307692 9781.87 8791.93 
2845.29 823.757 10935.8 401.632 0.230769 9246.34 8975.03 
2859.37 792.288 10897.2 393.065 0.307692 9137.49 8874.19 
2894.71 777.578 10863.7 398.247 0.307692 9169.87 8788.77 
2949.4 776.832 10928.1 396.208 0.307692 9060.38 8897.56 
2923.65 751.174 11229.4 393.918 0.384615 8653.48 8535.69 
2971.39 712.236 11223.6 390.479 0.384615 8632.04 8443.31 
3056.69 713.457 11270.6 396.451 0.384615 8798.55 8723.89 
2884.21 696.485 11165.3 425.731 0.307692 8397.67 8394.74 
2898.53 689.503 11157.4 410.731 0.384615 8263.07 8370.15 
2925.93 683.51 11272.5 382.688 0.384615 8648.69 8405.56 
2970.36 685.286 11239.8 385.362 0.384615 8626.11 8483.48 
2998.82 674.346 11078.9 386.816 0.384615 8583.26 8682.68 
2976.33 683.659 10929 377.576 0.384615 8342.87 8261.97 
3011.53 688.618 11052.1 379.906 0.384615 8427.06 8550.91 
3001.82 749.936 10517.9 390.927 0.384615 8269.95 8367.1 
3043.66 783.953 10458.6 387.702 0.384615 8413.66 8451.51 
3013.18 774.088 10148.3 390.746 0.384615 8339.68 7839.91 
3012.88 801.244 9823.85 384.946 0.384615 8499.1 7682.86 
3008.64 782.507 9845.71 386.44 0.384615 8528.63 7582.62 
3010.55 771.25 9656.21 403.523 0.307692 8033.77 7320.96 
3024.2 750.416 9592.67 393.449 0.307692 8022.96 7322.36 
2970.11 749.623 9596.93 383.126 0.384615 7984.01 7369.23 
2966.5 735.669 9819.43 382.646 0.384615 8390.84 7630.53 
2967.37 730.533 9853.37 387.914 0.384615 8465.36 7569.01 
2955.07 756.305 10020.5 384.814 0.384615 8782.62 7779.72 
3257.72 833.303 9909.33 379.228 0.384615 8413.79 7268.07 
3255.81 848.328 9980.32 380.469 0.384615 8391.49 7277.41 
3223.32 844.581 9929.02 382.199 0.384615 8284.83 7305.42 
3175.77 831.921 9940.55 393.855 0.307692 8151.38 7244.54 
3092.43 836.837 9551.06 398.142 0.307692 7991.44 6954.27 
3101.17 829.025 9850.17 376.332 0.384615 7906.75 7098.84 
3018.61 814.869 9935.5 375.244 0.384615 8086.24 7153.87 
2994.9 803.754 9913.8 376.562 0.384615 8105.49 7084.14 
3556.52 940.83 9529.12 376.167 0.384615 7934.27 7436.38 
3535.18 967.942 9518.64 377.022 0.384615 7918.68 7443.92 
6150.49 955.956 9640.78 376.844 0.384615 7769.79 7532.27 
6161.49 1003.79 9642.95 379.853 0.384615 7788.91 7546.29 
6262.41 1063.25 9405.62 376.339 0.384615 7769.42 7310.03 
5759.66 1179.17 9439.76 376.74 0.384615 7877.46 7393.02 
4475.18 2315.5 9421.94 375.779 0.384615 7930.34 7401.2 
4419.93 2507.57 9445.88 379.676 0.384615 7947.3 7323.37 
4266.16 2537.49 9084.77 379.714 0.384615 7893.28 7377.58 
4287.7 2583.36 8699.51 378.916 0.384615 8016.75 7437.58 
4220.54 2614.84 8962.28 377.235 0.384615 8052.72 7420.63 
4232.5 2681.42 8995.83 376.402 0.384615 8002.77 7381.19 
4289.63 2704.56 8976.84 375.578 0.384615 8005.36 7431.71 
4279.01 2723.89 8978.85 374.972 0.384615 8079.79 7364.43 
4197.82 2729.13 8334.47 371.813 0.384615 8114.94 7303.01 
4200 2708.71 8318.91 372.38 0.384615 8155.54 7272.67 
4147.75 2743.73 8346.77 373.021 0.384615 8128.38 7363.15 
4174.59 2786.94 8356.45 370.946 0.384615 8193.23 7385 
4078.23 2761.63 8155.09 368.525 0.384615 8379.11 7332.8 
4217.1 2745.81 8107.6 372.776 0.384615 8410.1 7300.42 
4130.83 2740.5 8065.22 373.769 0.384615 8406.27 7259.96 
4129.41 2800.93 7989.39 371.855 0.384615 8430.71 7209.27 
4254.18 2802.59 7998.38 372.648 0.384615 8446.18 7125.35 
4135.46 2841.97 7980.95 374.165 0.384615 8442.32 7036.75 
4354.11 2862.6 8029.44 374.21 0.384615 8576.58 7100.54 
4304.52 2871.09 7979.06 372.695 0.384615 8590.1 7056.66 
4212.22 2798.33 7953.8 372.164 0.384615 8578.92 7070.65 
4292.69 2779.51 7920.07 372.363 0.384615 8549.27 7034.53 
4236.93 2774.38 7894.04 373.106 0.384615 8555.28 6998.08 
4272.39 2781.46 7913.1 370.917 0.384615 8448.65 6960.34 
4134.31 2753.72 7970.06 368.437 0.384615 8462.25 6980.14 
4097.7 2771.92 8053.05 367.15 0.384615 8595.99 7057.81 
4092.43 2781.86 8064.85 367.401 0.384615 8585.59 7076.2 
3982.92 2790.4 8124.95 369.996 0.384615 8586.53 7063.76 
3974.04 2758.9 7929.51 356.583 0.461538 8485.51 7117.42 
3971.88 2746.08 7934.71 360.861 0.461538 8567.96 7086.62 
3959.48 2726.88 7885.02 364.715 0.461538 8446.59 7104.36 
3990.98 2713.53 7812 360.763 0.461538 8357.35 7080.9 
4006.6 2718.2 7661.61 360.485 0.461538 8285.69 7088.85 
4050.99 2688.08 7594.93 361.148 0.461538 8407.57 7062.96 
3926.87 2582.4 7849.06 342.709 0.538462 8690.39 7302.94 
3928.15 2767.95 7793.87 365.257 0.461538 8579.5 7242.8 
3780.39 3006.75 7922.08 343.771 0.538462 8907.22 7486.06 
3788.03 3130.14 8042.92 339.506 0.538462 8969.19 7492.39 
3664.17 3200.03 8175.78 346.966 0.538462 9374.28 7436.98 
3524.63 3185.3 8136.91 364.752 0.461538 8978.69 7430.46 
3445.54 3377.33 8137.66 361.522 0.461538 8941.52 7285.3 
2800.06 3382.86 8285.13 341.117 0.538462 8893.29 7639.52 
2719.83 3408.8 8397.49 348.055 0.538462 8880.98 7676.62 
2677.65 3351.59 8397.63 340.18 0.538462 9102.95 7603.61 
2411.96 3348.75 8399.1 351.915 0.461538 8993.08 7621.47 
2379.38 3477.26 8336.09 361.385 0.384615 8931.5 7725.36 
2244.57 3332.79 8403.5 349.092 0.461538 8986.96 7820.7 
1588.6 3238.82 8377.84 361.204 0.461538 8621.07 7564.35 
1540.16 3251.46 8013.84 358.756 0.461538 8275.27 8027.46 
1538.35 3254.57 8150.89 353.523 0.461538 8289.47 7944 
1545.88 3284.6 8291.3 343.943 0.461538 7897.44 7454.8 
1561.82 3269.51 8270.2 338.561 0.538462 7962.18 7605.22 
2001.86 3444.19 8187.64 326.806 0.538462 8188.77 7651.71 
2060.5 3400.44 8061.22 322.112 0.615385 8221.33 7605.99 
3922.23 3831.06 7934.26 317.077 0.692308 7521.59 7508.85 
3931.66 3843.57 7756.17 358.972 0.538462 7466.09 7457.09 
3927.61 3818.19 7483.39 346.658 0.615385 7430.04 7752.27 
3923.17 3639.64 7073.97 335.723 0.538462 6982.35 7182.74 
5481.27 3697.15 6990.97 309.115 0.615385 6958.6 7056.59 
5496.75 3384.92 6795.98 303.72 0.692308 6770.12 6923.1 
5478.62 3309.82 6726.73 276.733 0.769231 6761.85 6895.69 
5465.07 3237.96 6701.1 271.456 0.846154 6787.94 6750.49 
5474.96 3176.39 6520.45 275.968 0.846154 7009.66 6929.25 
5440.25 3188.53 6638.56 286.366 0.769231 7183.37 7005.72 
5438.38 3108.67 6655.45 280.45 0.846154 7443.29 6787.54 
5371.23 3110.05 6794.65 282.936 0.769231 7364.79 6931.77 
5351.69 3120.34 6823.13 286.749 0.769231 7364.47 7132.19 
5402.54 3087.76 6523.82 287.578 0.769231 7153.57 7223.34 
5273.22 3132.23 6343.13 289.895 0.769231 7092.85 7125.95 
5183.76 3146.09 6247.01 302.071 0.769231 6668.93 6631.18 
5081.46 3118.68 6048.51 307.184 0.769231 6616.61 6555.91 
4975.37 3123.16 6202.37 318.638 0.692308 6439.13 6356.42 
5017.33 3162.62 5951.77 282.368 0.846154 6394.27 6435.86 
4853.48 3155.18 6468.32 282.664 0.846154 7577.15 7952.46 
4814.75 3205.69 6867.23 283.164 0.846154 7127.63 7260.08 
4796.23 3290.65 6793.85 283.939 0.846154 7277.6 7397.73 
4603.28 3424.07 6734.91 285.103 0.846154 7417.95 7217.54 
4513.54 3454.73 6654.39 281.95 0.846154 7240.6 7234.64 
4465.95 3495.49 6471.15 293.535 0.769231 7276.95 7107.97 
4501.66 3542.58 6464.69 305.805 0.692308 7102.76 6861.06 
4581.62 3512.93 6041.7 301.568 0.615385 7445.87 6636.96 
4516.44 3593.99 6044.3 298.467 0.692308 7267.28 6407.1 
4480.57 3662.56 6052.94 294.198 0.692308 7097.78 6543.5 
4554.14 3770.76 5800.35 277.573 0.769231 6986.15 6467.2 
5181.79 4443.43 5654.01 260.625 0.846154 7009.03 6446.46 
4894.26 4499.79 5572.44 260.266 0.923077 7027.64 6465.48 
5082.12 4713.33 5685.62 266.515 0.923077 6970.61 6653 
5133.14 4822.01 5618.78 267.79 0.923077 7055.36 6605.2 
5103.7 4915.3 5690.04 266.273 0.923077 6942.87 6580.84 
5236.54 4946.97 5647.61 232.909 1.07692 7122.68 6706.53 
5142.12 5011.03 5654.48 236.202 1.07692 7135.92 6638.32 
5072.71 5132.24 5772.36 234.158 1.07692 7077.46 6583.07 
4842.01 5165.48 5757.77 248.148 1 7063.32 6926.57 
4430.01 5170.93 5546.71 256.192 1.07692 6941.34 6520.84 
4712.88 5154.37 5532.81 253.509 1.07692 6884.66 6469.28 
4808.49 5150.01 5721.92 248.86 1.07692 7209.46 6471.26 
4585.27 5109.22 5677.19 279.012 1 6925.24 6186.98 
4696.5 5106.02 5857.96 261.476 1.07692 7198.84 6122.2 
4690.97 5094.18 6188.64 260.494 1.07692 7459.27 6151.24 
4781.71 4848.12 5592.4 236.812 1.07692 7135.87 5993.96 
4761.36 4894.61 5786.73 232.41 1.15385 7111.52 6352.78 
4321.56 4872.34 5711.43 230.442 1.15385 7136.47 6272.76 
4084.29 4835.56 5697.1 227.438 1.07692 7119.84 6289.58 
4051.19 4819.23 5558 223.475 1.15385 7121.85 6141.25 
4087.44 4354.61 5642.34 237.576 1.07692 7154.91 5951.73 
4126.86 4284.09 5699.29 241.972 1.07692 7308.98 6064.92 
3966.64 4221.53 5764.13 233.618 1.15385 7893.3 6592.47 
3893.04 4230.23 5542.3 226.743 1.07692 7505.7 6492.29 
4030.63 4161.18 5625.86 230.41 1.07692 7857.9 6724.58 
4102.73 3915.88 5547.97 212.79 1.23077 7932.2 6897.44 
4393.19 3748.93 5197.09 195.252 1.23077 7837.85 6662.99 
4615.62 3678.48 5053.53 232.718 1.07692 7705.44 6471.79 
4881.92 3500.15 4696.72 249.195 1.07692 7229.03 6132.89 
5050.03 3401.29 4585.01 233.758 1.07692 7381.67 5953.39 
5377.72 3285.09 4625.12 238.363 1 7649.11 6111.9 
5338.7 3189.7 4738.53 233.411 1.07692 7421.5 6173.19 
5552.3 3211.05 4622.15 258.232 0.923077 7207.36 6257.29 
6043.16 3190.09 4938.39 249.938 1.07692 6374.23 6409.4 
6080.03 3080.69 4904.7 256.347 1 6155.95 6397.32 
6221.31 2984.98 5101.65 260.375 1 6241.14 6437.78 
8269.13 3176.8 5188.37 203.58 1.15385 5997.62 6575.49 
8691.73 3225.95 5360.87 201.514 1.23077 6525.55 6687.94 
8671.41 3159.66 5364.89 197.278 1.23077 7025.76 6703.28 
8952.52 3191.3 5346.56 193.859 1.23077 7008.01 6596.74 
9008.65 3252.49 5969.77 201.184 1.23077 7011.28 6051.28 
10661.3 3177.61 6303.31 203.522 1.23077 7527.59 6209.02 
10837.9 3135.95 6412.42 210.478 1.15385 7615.91 6211.85 
10982.7 3031.68 6266.13 201.677 1.23077 7705.75 6201.58 
11565.6 2951.15 6213.14 212.721 1.15385 7587.24 6093.62 
11752.1 2940.62 6249.97 213.49 1.15385 7644.13 6062.3 
12523.7 2712.29 6191.43 213.428 1.15385 7310.21 6003.7 
12707.2 2656.44 5965.82 237.716 1.07692 7044.23 5710.4 
12936.4 2550.25 5948.02 218.922 1.23077 7017.52 5551.04 
14121.8 2868.71 5978.07 216.8 1.23077 7186.99 5638.89 
14629.3 4512.99 6170.49 213.975 1.23077 8126.1 5946.84 
15356.7 4436.5 6212.75 210.276 1.23077 8227.59 5930.55 
15704.8 4355.51 6264.87 209.973 1.23077 8279.71 6031.53 
16577.8 4579.06 6310.73 204.659 1.23077 7623.85 5713.42 
15851.5 4602.87 6425.77 190.433 1.30769 7621.57 5551.12 
15918.3 4527.27 6462.04 190.808 1.30769 7683.18 5521.81 
15390.9 4457.09 6519.26 198.057 1.23077 7572.68 5583.11 
14868.1 4412.53 6534.85 193.991 1.30769 7742.92 5855.09 
14599.2 4408.88 6540.07 194.534 1.23077 7876.67 5959.59 
13646.6 4425.6 6567.76 197.48 1.23077 7975.94 6143.05 
13465.4 4395.07 6691.58 194.049 1.30769 8211.55 6047.86 
12674 4369.97 6458.73 218.16 1.23077 7943.41 5835.49 
12414.8 4395.17 6411.03 202.828 1.23077 7872.08 5948.07 
12108.8 4406.78 6344.15 191.865 1.30769 7925.77 5953.82 
11533.3 4433.6 6376.81 212.887 1.23077 7888.68 5941.18 
11238.6 4527.86 6342.81 216.243 1.23077 7872.06 5969.92 
10719.2 4509.62 6306.59 195.929 1.30769 7982.84 5516.25 
10801.5 4462.14 7233.97 184.642 1.30769 7891.68 5229.12 
9967.88 4475.93 7026.03 184.967 1.30769 7972.33 5464.46 
9482 4429.26 6863 173.916 1.38462 7906.21 5526.82 
9427.83 4401.86 6716.3 167.928 1.38462 7914.84 5471.06 
9592.27 4443.36 6773.22 163.023 1.38462 7865.5 5472.71 
9787.62 4416.96 6776.83 162.339 1.38462 7675.71 5308.83 
10835.5 4360.81 6585.17 167.909 1.30769 7541.64 5368.26 
11403.1 4627.22 6426.39 177.838 1.30769 7478.5 4890.57 
11232.9 4571.86 6621.57 189.705 1.30769 7426.71 4635.03 
10797.1 4718.91 6630.35 185.441 1.30769 7454.81 4693.77 
9986.4 4980.46 6740.02 184.943 1.30769 7407.17 5097.05 
10220 5000.35 6730.4 188.551 1.30769 7275.28 4959.73 
10340 5012.65 6688.09 171.051 1.38462 7011.72 5035.93 
10462 5032.09 6764.12 162.666 1.46154 7343.05 6006.15 
10601.7 4979.17 6652.61 165.945 1.38462 7001.83 5028.37 
10670.1 5009.78 6696.32 163.342 1.46154 6995.43 5089.54 
10557 5018.43 6726.41 163.761 1.46154 7045.19 5058.45 
10984.5 5011.17 6711.13 174.51 1.38462 7020.87 5145.96 
10839.4 5034.96 6634.01 164.161 1.46154 6784.1 5063 
11267.9 4852.9 6725.35 158.273 1.46154 6832.09 5232.21 
10976.6 4876.26 6782.11 163.22 1.46154 6885.68 5495.01 
11147.3 4853.19 6798.27 162.939 1.46154 6905.25 5474.89 
10737.3 4809.09 6833.65 168.115 1.46154 7028.94 5615.91 
10599 4845.05 6848.89 172.151 1.46154 6985.34 5682.77 
10229.3 4815.81 6675.65 184.618 1.38462 6845.52 5546.52 
10253.7 4777.32 6756.09 172.024 1.46154 7158.79 5775.32 
9749.34 4834.7 6784.43 168.314 1.46154 6898.03 5915.92 
9931.03 4863.23 6601.93 167.62 1.46154 6661.84 6109.99 
11265.5 4801.45 6587.77 162.378 1.46154 6662.16 6184.55 
11980.7 4772.72 6585.89 161.505 1.46154 6589.48 6170.99 
12154.5 4777.45 6435.08 178.312 1.30769 6449.53 6121.8 
10885.3 5126.38 6471.81 177.113 1.38462 6524.58 6011.01 
10727.8 5105.98 6700.26 196.324 1.38462 6575.37 5889.58 
10828.9 5208.39 6993.39 179.563 1.38462 6999.67 5951.32 
11051.9 5303.58 7081.41 173.146 1.38462 6908.28 6154.21 
11214.9 5366.66 7041.56 167.937 1.46154 6850.46 6068.55 
11102.3 5486.8 7094.24 166.149 1.46154 6835.82 6136.45 
11317.7 5430.52 7138.46 164.876 1.46154 6918.32 6156.8 
11334.2 5516.64 6901.25 179.849 1.30769 6910.14 6232.8 
11861.6 5387.22 6973 176.731 1.38462 6865.93 6177.07 
11863.4 5127.13 6985.93 165.14 1.46154 6964.2 6095.65 
11799.9 5079.04 7024.49 161.396 1.53846 7084.97 6112.79 
11745.9 4974.54 7011.51 154.115 1.53846 7114.77 6044 
11712.3 4972.45 6857.63 150.869 1.53846 7061.63 5950.28 
11684.4 4967.66 6666.69 119.13 1.69231 6887.37 5679.99 
11606.4 4995.98 6727.4 128.726 1.69231 6908.03 5702.47 
11782 5035.69 7127.78 133.036 1.69231 6803.57 5996.68 
11437.9 5042.5 6800.66 164.896 1.53846 6490.63 5678.39 
11231.9 5124.65 6959.21 168.671 1.53846 6620.72 5854.06 
11394 5161.32 7200.53 167.3 1.46154 6667.47 5743.09 
11519.2 5158.93 7331.76 136.314 1.61538 6810.5 5577.89 
11161.4 5278.4 7304.2 158.168 1.61538 7050.59 5240.29 
10864.9 5547.16 7037.92 174.411 1.53846 6560.83 5253.61 
10420.4 5747.68 6926.03 169.816 1.46154 6490.72 5182.34 
10251.9 5710.54 6831.43 162.534 1.46154 6346.42 5126 
10074.5 5649.58 7059.54 139.246 1.53846 6599.76 5322.86 
9793.22 5856.94 7219.48 138.79 1.53846 6677.02 5412.32 
9431.69 5946.9 7121.84 137.697 1.46154 6592.85 5337.58 
9457.52 5921.11 7122.31 129.365 1.53846 6838.22 5414.35 
9500.74 5848.81 7030 121.462 1.53846 6564.13 5150.83 
9493.94 5861.98 6938.2 110.217 1.61538 6569.93 5215.01 
9649.04 5581.68 7236.18 120.563 1.61538 6758.06 5527.64 
9570.36 5351.9 7237.05 117.922 1.61538 7049.77 5695.6 
10267.3 5285.71 7037.04 107.893 1.61538 6814.06 5454.11 
10427.2 5218.35 7120.93 130.098 1.53846 6471.15 5598.58 
10726.6 5192.5 7012.78 115.982 1.61538 6338.24 5300.83 
11218.1 5252.09 6950.11 104.683 1.69231 6358.02 5271.58 
11750.7 5336.26 6940.31 109.437 1.69231 6404.47 5438.96 
11968.3 5309.18 6653.09 141.589 1.46154 6018.85 4906.56 
12404.2 5312.75 6513.85 137.129 1.46154 5913.2 4817.38 
14647 6039.06 6591.13 117.327 1.61538 5922.84 4807.35 
14952.4 6162.65 6900.64 115.277 1.61538 6192.91 5174.16 
14865.4 6149.09 6911 116.236 1.61538 6139.9 5169.63 
14851.2 6118.28 6699.66 92.3604 1.69231 6042.04 5075.79 
14691 6176.32 6704.87 102.176 1.69231 6128.26 6511.51 
14415.6 6135.93 6464.22 97.2845 1.76923 5577.65 5317.42 
14432.1 6160.26 6446.76 92.2397 1.69231 5615.68 5320.57 
13748.4 6197.86 6484.78 90.4674 1.69231 5570.24 5314.15 
14334.6 6099.34 6367.7 91.5607 1.69231 5445.21 5288.78 
14216 6122.07 6356.17 90.8388 1.69231 5383.38 5321.21 
14428 5978.69 6196.3 115.956 1.61538 5224.61 5250.96 
13749.7 5961.56 6258.85 105.143 1.61538 5227.99 5251.88 
13568.8 6011.62 6366.44 94.1727 1.69231 5242.06 5313.25 
13505.5 5751.25 6632.33 96.8016 1.76923 5277.9 5293.77 
12663.6 5803.07 6631.38 101.52 1.69231 5313.55 5293.61 
12487.3 5830.4 6622.13 101.371 1.61538 5410.3 5401.43 
12387.6 5740.61 6573.61 88.019 1.76923 5501.1 5381.92 
12692.3 5702.68 6719.8 90.9633 1.76923 5705.54 5499.44 
13018.5 5615.86 6840.24 97.5373 1.76923 5876.04 5617.9 
12877 5622.77 5903.06 102.325 1.69231 5966.86 5743.82 
12997.3 5504.1 5925.86 100.7 1.76923 6052.3 5910.74 
13132 5478.72 5943.46 100.364 1.76923 6122.42 5996.21 
13161 5546.24 6001.28 101.14 1.76923 6183.48 6089.88 
13544.4 5455.4 5818.79 95.1395 1.76923 5992.5 6006.54 
13332.4 5445.38 5540.68 110.325 1.69231 5901.02 5936.01 
13461.3 5466.62 5534.54 113.206 1.61538 5745.88 5977.45 
13395.1 5409.59 5456.2 122.337 1.61538 5532.63 5781.38 
13226.1 5682.2 5503.07 113.723 1.61538 5573.85 5834.34 
13278.6 5629.89 5552.28 112.181 1.61538 5673 5825.39 
13064.8 5635.43 5555.26 114.415 1.61538 5658.15 5837.97 
13518.8 5619.63 5573.84 107.62 1.69231 5752.05 5921.74 
14727 6099.43 5633.89 101.482 1.69231 5772.11 6000.18 
14878.4 6182.86 5678.71 102.394 1.69231 5800.32 6036.75 
14845.7 5630.19 5660.8 101.869 1.69231 5814.59 6026.9 
14859.1 5439.46 5686.28 101.962 1.69231 5903.2 6099.1 
15199.5 5334.68 5689.44 102.677 1.69231 5843.9 6043.37 
15244.5 5125.33 5736.79 104.029 1.69231 5834.46 6107.7 
15216.9 5168.58 5796.4 105.498 1.69231 5890.97 6195.73 
15072.4 5171.49 5867.86 106.687 1.69231 5944.96 6234.46 
15505.1 4761.59 5876.43 104.867 1.69231 5959.38 6265.61 
15572.4 4741.51 5881.26 106.61 1.69231 6026.27 6305.97 
15614.5 4504.5 5845.92 106.828 1.69231 5957.14 6237.77 
15289.6 4404.25 5787.31 108.894 1.69231 5949.93 6348.53 
15277.3 4284.35 5922.34 104.231 1.69231 6146.29 6580.7 
14871.1 4245.94 5958.65 103.318 1.69231 6192.19 6610.94 
14319.6 3880.42 6194.09 102.043 1.76923 6339.52 6755.11 
13752.1 3920.26 6470.49 99.969 1.76923 6619.84 6979.53 
13853.2 4008.46 6283.14 102.993 1.69231 6641.08 6870.02 
13925.7 4007.73 6305.2 105.024 1.69231 6699.99 6839.23 
13864.5 4005.35 6334.21 114.66 1.61538 6783.53 6820.84 
13931.9 4051.35 6353.53 122.182 1.61538 6767.85 6750.2 
12996 3926.78 6644.14 128.011 1.53846 6944.37 6754.5 
13102.6 4085.94 6624.96 117.62 1.69231 6876.78 6702.49 
12883.1 3886.6 6958.2 122.067 1.69231 6885.41 6483.07 
12909 3859.06 7131.52 120.729 1.76923 6868.29 6392.17 
12718.7 3933.83 7400.8 134.775 1.61538 6901.04 6523.05 
12318.8 4054.99 7460.21 146.205 1.61538 6996.76 6605.15 
10421.3 3908.21 7176.32 159.534 1.53846 6739.8 6813.32 
10420.1 3985.68 7139.24 170.899 1.46154 6737.11 6439.15 
10202.2 4022.15 7106.47 167.138 1.46154 6548.64 6210.28 
10028.8 4144.52 7105.81 165.057 1.38462 6504.35 6083.98 
9982.13 4247.04 7081.39 139.493 1.61538 6548.11 6162.13 
10229.1 4259.18 7383.59 147.481 1.61538 6759.4 6514.14 
10311.5 4274.41 7453.47 146.743 1.61538 6885.7 6478.5 
10208.5 4173.37 7540.71 149.03 1.61538 6868.06 6532.83 
10477.7 4232.17 7376.98 122.148 1.69231 6839.26 6503.48 
10507.8 4273.04 7504.56 124.858 1.69231 7141.46 6663 
10671.2 4285.53 7416.33 132.777 1.61538 7086.74 6826.3 
10801.3 4261.36 7442.75 132.342 1.61538 7231.46 6986.24 
10610.9 4322.05 7434.8 126.612 1.61538 7244.68 7060.36 
10726.7 4259.4 7550.93 127.134 1.61538 7319.62 7316.43 
10514.8 4165.05 7570.5 125.431 1.61538 7279.25 7591.66 
10449.8 4240.21 7509 154.126 1.53846 7142.87 7874.83 
10354.6 4190.68 7648.48 140.946 1.53846 7213.45 8102.63 
10131.3 4069.96 7892.45 135.797 1.61538 7388.71 8254.65 
9980.63 4068.66 7898.7 134.644 1.61538 7460.01 8131.22 
10198.4 4027.72 8441.75 147.235 1.53846 7478.12 8507.64 
10003 4003.39 8344.68 144.436 1.53846 7395.34 8443.32 
9948.56 3970.57 8254.97 138.163 1.53846 7126.22 8385.29 
9857.36 3885.06 7810.38 138.858 1.61538 6930.51 8260.32 
9752.75 3903.93 7967.97 144.622 1.61538 7032.92 8219.07 
9596.7 3626.46 8116.34 146.816 1.61538 7075.41 8442.55 
9936.08 3541.32 8229.47 132.869 1.61538 7438.22 8852.44 
10294.1 3476.85 8041.72 158.878 1.53846 7093.51 8567.42 
10213.9 3351.89 8353.44 146.536 1.53846 7247.68 8643.55 
10274.4 3315.45 8631.49 151.575 1.46154 7328.05 8667.94 
9934.93 3287.09 8660.06 148.965 1.53846 7255.39 8652.05 
9897.17 3383.64 7142.18 149.792 1.46154 6556.58 7935.62 
10000.2 3301.31 7195.83 155.54 1.46154 6471.1 7726.46 
10058.3 3272.13 7247.67 156.676 1.46154 6591.47 7784.93 
12045.8 3468.53 7137.57 160.074 1.46154 6375.68 7709.04 
11764.7 3523.59 7282.19 162.189 1.46154 7069.74 7779.7 
11669.8 3482.64 7140.88 199.277 1.38462 7103.42 7998.66 
10134.7 3692.24 6865.06 153.761 1.46154 6896.26 7877.48 
10110.5 3695.16 6855.18 154.951 1.46154 6764.93 7874.84 
9896.82 3657.96 6801.2 155.937 1.46154 6501.85 7753.69 
9933.68 3575.44 7313.95 155.635 1.46154 7487.99 8817.66 
10136.1 3655.51 7503.48 160.119 1.46154 7035.31 8460.66 
9970.76 3646.34 8145.38 172.371 1.46154 6354.17 8705.6 
10118.2 3601.28 7628.07 172.267 1.46154 6158.57 8549.99 
9221.92 3579 7701.44 183.878 1.46154 6381.77 8654.82 
8752.12 3553.37 7703.26 171.062 1.53846 6313.62 9211.6 
8469.19 3612.86 7542.95 163.851 1.53846 5978.11 8996.76 
8296.98 3610.1 7524.96 142.29 1.61538 6038.87 8950.56 
8097.89 3449.89 7498.6 150.514 1.53846 5995.55 9020.57 
9868.23 3773.05 7486.7 139.139 1.53846 5942.2 9065.19 
9420.3 3703.36 7674.19 143.06 1.53846 6014.72 9443.9 
9116.58 3622.87 7436.59 166.554 1.46154 5809.42 8936.3 
9569.79 3722.73 7422.57 137.826 1.61538 5798.28 9010.07 
10333.7 3748.55 7950.94 156.801 1.46154 6305.42 9490.89 
10130.9 3765.64 7944.66 161.485 1.46154 6347.26 9615.97 
9540.7 3769.36 7777.85 159.385 1.46154 6217.1 9383.19 
8916.39 3739.64 7773.55 173.255 1.38462 6244.95 9085.32 
10232.1 3783.66 7833.56 167.831 1.38462 6265.23 8974.35 
10662.1 3794.95 7818.22 167.909 1.38462 6192.7 8794.02 
10377.9 3751.32 7831.87 162.207 1.38462 6375.01 8831.86 
10807.2 3910.91 7805.27 160.076 1.46154 7436.56 9511.72 
10045.7 3918.87 7876.11 153.695 1.38462 7023.02 8607.31 
9981.32 4007.21 7972.75 151.782 1.38462 6911.21 8570.21 
9797.9 4014.19 8001.73 167.143 1.30769 7028.8 8648.35 
9792.82 3999.81 7783.14 174.462 1.30769 6979.2 8564.98 
9492.84 4015.7 8060.05 174.791 1.30769 7059.41 8914.82 
9480.44 3976.11 8018.34 174.787 1.38462 7245.84 9001.34 
9621.59 3979.66 7971.67 154.341 1.46154 7430.91 8720.51 
9392.66 3938.13 8346.25 177.102 1.30769 8315.42 9391.91 
9293.16 3894.85 8461.07 185.555 1.23077 8120.46 9011.48 
9006.54 3945.98 8358.66 185.289 1.23077 7938.38 8748.79 
9170.22 3908.2 8494.94 186.047 1.23077 8095.4 8614.17 
8890.07 3947.86 8517.67 184.802 1.30769 8177.61 8710.59 
9026.63 3959.55 9091.59 184.912 1.30769 8281.39 8326.5 
9025.96 3959 8830.16 182.053 1.30769 7967.63 8161.06 
8617.35 3993.47 8964.52 181.044 1.30769 8163.81 8762.25 
8979.19 4018.77 8135.94 172.37 1.30769 7819.49 8336.67 
8666.08 4215.08 7809.01 170.001 1.30769 7335.49 7743.59 
9612.91 4343.39 7744.4 166.009 1.30769 7184.39 7635.21 
9868.49 4757.69 7792.93 165.862 1.30769 7140.25 7716.97 
8424.88 5073.92 7488.05 165.433 1.30769 7016.53 7055.94 
8482.12 5024 7479.35 166.339 1.38462 6913.98 6920.9 
8893.69 5193.43 7351.23 164.54 1.38462 6864.43 6835.5 
9211.79 5235.16 7445.11 169.088 1.30769 6973.85 6906.89 
8400 5519.65 7490.88 173.386 1.30769 7048.1 7042.72 
8428.54 5519.11 7250.66 166.252 1.38462 7156.07 6699.39 
7899.23 5572.86 7204.43 168.669 1.38462 7113.38 6701.06 
7771.23 5598.89 6935.71 179.674 1.30769 6526.36 6643.63 
7714.28 5561.76 7062.66 189.917 1.23077 6499.65 6572.33 
7584.09 5472.1 7119.27 181.531 1.30769 6398.95 6548.63 
7582.34 5439.41 6975.31 173.017 1.38462 6363.38 6639.17 
7656.84 5331.89 6926.47 175.047 1.30769 6294.65 6573.53 
8098.12 5226.61 7230.2 186.997 1.30769 6423.66 6589.24 
8151.01 5194.63 7370.49 185.138 1.30769 6389.75 6648.97 
7789.48 5058.56 7362.54 189.585 1.23077 6635.88 6706.47 
7817.36 4932.75 7417.94 186.155 1.30769 6623.62 6614.48 
7769.59 4813.76 7481.67 186.576 1.30769 6603.02 6483.37 
7817.15 4767.06 7170.45 196.472 1.23077 6615.24 6385.94 
7843.56 4698.84 7110.72 199.457 1.23077 6356.19 6282.16 
8274.61 4569.52 7063.15 177.582 1.30769 6453.66 6277.33 
8321.12 4558.31 7119.16 178.053 1.30769 6612.17 6380.14 
8534.79 4505.99 7077.88 177.754 1.30769 6498.21 6289.69 
8468.57 4507.42 7282.57 195.305 1.23077 6778.42 6648.85 
8464.38 4503.56 7290.16 197.301 1.23077 6763.54 6677.35 
8511.35 4483.8 7245.07 196.931 1.23077 6771.23 6766.65 
8566.39 4426.62 7218.22 194.206 1.23077 6812.09 6702.26 
8538.31 4416.15 7317.25 195.847 1.23077 6815.21 6731.43 
8596.92 4390.4 7377.95 194.262 1.23077 6799.79 6784.26 
8649.92 4354.57 7410.1 198.407 1.23077 6742.91 6790.45 
8572.55 4322.34 7518.74 203.546 1.23077 6926.15 6878.79 
8660.76 4303.61 7550.22 208.684 1.23077 7031.3 6827.61 
8712.54 4255.55 7628.33 219.89 1.23077 7102.14 6940.76 
8913.14 4202.59 7596.18 221.538 1.23077 7185.09 6917.56 
9006 4127.87 7641.83 224.622 1.15385 7036.09 6915.04 
8909.27 4132.01 7689.69 216.936 1.15385 7184.33 6968.66 
8939.16 3994.75 7840.93 210.432 1.23077 7345.01 7070.91 
9218.71 3956.63 8003.27 208.022 1.23077 7087.44 6761.24 
9218.49 3923.64 7633.66 193.687 1.23077 6910.49 6620.64 
9031.06 3917.2 7557.1 193.17 1.38462 6940.33 6637.16 
7790.23 3651.58 7625.01 200.749 1.30769 6926.98 6672.17 
7456.36 3506.31 7644.52 199.745 1.30769 7132.29 6915.68 
7645.21 3434.7 7715.96 194.635 1.30769 7206.5 6910.13 
7866.43 3291.46 7733.98 197.806 1.30769 7154.82 7112.95 
8017.08 3616.2 7623.26 221.086 1.23077 6973.16 6798.84 
7532.19 3566.5 8021.85 217.423 1.23077 7159.71 6991.27 
7842.42 3500.91 8218.15 191.614 1.30769 7198.38 6994.97 
8453.21 3010.48 8297.29 192.971 1.30769 7262.77 7161.07 
8430.66 2975.83 7841.67 186.416 1.30769 7198.6 7209.55 
8602.43 2875.7 7708.76 189.128 1.23077 7024 7154.6 
9097.92 2652.33 7605.93 187.527 1.30769 7024.26 6923.4 
9130.11 2653.99 7897.88 190.324 1.30769 7167.99 7056.62 
9104.65 2572.38 7596.39 188.153 1.30769 7251.26 6983.94 
9575.42 2557.09 7303.37 181.084 1.30769 7010.43 6862.11 
10258 2428.81 7305.73 181.438 1.38462 7177.96 6869.08 
10490.8 2380.05 7388.86 181.454 1.38462 6945.72 6984.3 
10448 2343.3 7212.24 201.589 1.30769 6621.41 6932.43 
10347 2331.94 7141.79 180.021 1.38462 6596.73 7016.32 
10407.6 2294.7 7237.4 194.277 1.30769 7488.25 7727.25 
10467.5 2312.37 7264.48 215.647 1.23077 7455.03 7701.5 
10386.8 2355.22 7346.87 195.309 1.30769 7590.09 7943.59 
10323.1 2359.54 7547.14 199.84 1.30769 7528.39 7678.81 
10228.7 2466.64 7589.81 201.558 1.30769 7877.42 7721.76 
10228 2549.58 7656.82 201.254 1.30769 7660.29 7690.76 
10029.9 2595.49 7412.53 197.557 1.30769 7854.15 7494.29 
10431.8 2649.49 7560.31 200.073 1.30769 7632.58 7636.41 
11253.4 2688.56 7645.24 208.591 1.23077 7539.48 7625.53 
10624 2729.73 7477.57 216.958 1.15385 7381.12 7326.94 
11447.7 2708.08 7308.23 234.623 1.07692 6992.35 7147.86 
11200.8 2651.25 7297.52 229.575 1.15385 6892.69 7087.73 
11104 2471.95 7453.01 227.83 1.23077 6627.94 6949.14 
10854.9 2649.67 7442.14 233.438 1.15385 6494.02 6640.49 
10848.6 2734.48 7315.05 242.34 1.07692 6308.83 6450.2 
10842 2810.12 7234.31 233.296 1.07692 6207.15 6370 
9265.31 3152.68 7345.47 230.281 1.07692 6431.11 6833.14 
9212.92 3289.73 7546.09 226.87 1.15385 7043.84 7416.64 
9389.05 3714.28 7434.98 248.712 1.07692 6790.81 6643.29 
9440.94 3664.11 7431.71 228.834 1.15385 6809.22 6622.87 
9440.23 3780.01 7441.61 227.626 1.15385 7159.48 6680.78 
9385.85 3836.24 7413.02 228.107 1.15385 7136.41 6674.75 
9244.66 3852.04 7440.32 228.61 1.15385 6919.79 6609.27 
8792.8 3678.09 7541.39 235.293 1.07692 7002.03 6715.66 
8493.29 3553.82 7606.98 241.187 1.07692 6852.88 6842.89 
8382.55 3528.35 7566.97 245.911 1.07692 6700.36 6799.82 
8428.16 3640.83 7484.57 246.091 1.07692 6737.42 6772.12 
8223.67 3675.05 7634.25 248.412 1.07692 6805.01 6788.69 
8118.75 3727.24 7676.4 248.493 1.07692 6796.97 6849.79 
7912.67 3736.99 7602.24 249.24 1.07692 6639.39 6677.43 
6871 3722.64 7490.36 251.106 1.07692 6394.69 6608.05 
6791.68 3779.69 7737.94 251.725 1.07692 6543.65 6712.16 
6859.96 3796.35 7008.89 248.407 1.07692 6285 7081.28 
6775.38 4190.66 7046.31 252.542 1 6265.39 6994.85 
6819.98 4101.79 6837.53 255.056 1 6142.87 6723.81 
6931.47 4453.58 6908.49 253.443 1 6198.77 6783.5 
7121.66 4589.01 6837.65 245.722 1 6195.47 6710.5 
7115.19 4776.52 6896.62 226.974 1.07692 6154.03 6668.96 
6941.66 4756.03 7121.38 260.052 0.923077 6867.29 7270.84 
6921.17 5127.61 7198.84 244.239 1 6905.63 7349.13 
7157.09 5226.87 7464.91 246.259 1 6601.61 7085.52 
7222.38 5213.15 7587.75 244.946 1 6571.4 7031.41 
7217.48 5391.16 7623.06 249.262 1 6560.32 7014.68 
6691.4 5496.06 7542.3 246.288 1 6367.83 6864.23 
7030 5682.78 7641.97 247.215 1 6442.38 6988.79 
7059.9 5638.96 7635.11 246.496 1 6465.07 7050.16 
6945.96 5633.07 7521.02 247.746 1 6503.85 6954.7 
6928.78 5416.15 7624.26 257.497 1 6438.98 6943.72 
7296.58 5234.51 7601.63 259.283 1 6550.5 7060.77 
7416.75 5156.56 7369.44 282.598 0.923077 6267.25 6795.2 
8356.93 4984.64 7271.18 281.44 0.923077 6195.69 6625.47 
8617.25 5161.01 7077.03 254.183 1 6031.79 6659.02 
9033.31 5091.29 6996.26 251.17 1 6006.71 6700.77 
9219.87 5060.23 7724.61 251.576 1 6962.19 8401.81 
9261.05 5092.03 8384.09 252.97 1 6395.32 7183.52 
9384.84 4986.15 8266.61 251.428 1 6410.71 7132.37 
9435.56 4969.04 8243.47 251.244 1 6388.61 7145.97 
9626.43 4825.14 8270.86 253.374 1 6366.87 7122.47 
9669.12 4699.8 8252.35 254.925 1 6480.46 7003.19 
9684.14 4499.53 8224.17 253.973 1 6434.76 6986.79 
9828.09 4451.47 8218.48 254.707 1 6424.31 6957.04 
9884.41 4304.55 8219.16 252.833 1 6420.72 6858.98 
10008.6 3880.41 8174.09 251.977 1 6398.7 6887.41 
9799.22 3866.1 8163.84 249.143 1 6357.64 6878.99 
10045.4 3830.24 8154.66 245.736 1 6353.46 6890.87 
10029.7 3771.93 8141.56 252.502 1 6261.97 6981.65 
10437.7 3028.54 8198.83 257.959 0.923077 6210.37 7039.79 
10567.5 2838.44 8223.37 257.994 0.923077 6218.33 7028.3 
10579.5 2641.04 8282.14 248.65 1 6042.86 6945.73 
10315.5 2525.58 8255.46 247.263 1 5984.27 6959.86 
10420.4 2490.28 8300.7 248.311 1 6024.54 6998.72 
9961.03 2562.99 8368.61 248.406 1 6018.8 7036.22 
9695.4 2506.07 8376.53 248.842 1 5941.56 7204.77 
9420.67 2509.63 8447.37 248.714 1 5890.5 7271.29 
9393.85 2474.85 8511.7 249.575 1 5887.64 7300.81 
9186.1 2366.31 9035.43 250.32 1 6063.41 7406.84 
8827.63 2329.62 9116.74 252.721 1 6112.97 7474.28 
8834.75 2296.09 9145.23 258.168 1 6102.41 7568.32 
8190.69 2307.79 9092.56 261.073 1 6033.07 7632.86 
7975.18 2394.02 9111.73 261.833 1 6015.88 7683.39 
7860.4 2392.31 9095.99 259.171 1 6010 7651.5 
7557.24 2381 9143.52 259.038 1 6084.54 7663.03 
7302.65 2407.97 9214.7 260.951 1 6096.51 7692.72 
7194.86 2414.56 9186.53 259.791 1 6015.83 7802.36 
7043.25 2427.47 9316.35 263.609 0.923077 6088.26 7808.79 
6439.98 2394.38 9290.99 259.211 1 6073 7758.67 
5915.57 2405.81 9392.38 256.613 1 6098.03 7849.46 
6019.33 2496.66 9383.92 257.108 1 6075.41 7871.51 
5803.15 2528.2 9480.61 263.471 0.923077 6092.68 7922.47 
5376.78 2514.94 9360.47 267.032 0.923077 6084.78 7838.87 
5144.95 2577.36 9190.12 257.344 1 6165.69 7900.49 
5080.78 2611.12 9185.53 264.336 1 6201.9 7863.77 
4932.65 2582.2 9191.34 255.418 1 6243.16 7864.93 
4853.58 2596.97 9157.92 253.467 1 6232.28 7855.9 
4813.78 2604.8 9133 260.952 1 6260.26 7918.63 
4644.86 2684.3 9132.8 264.486 1 6188.86 7987.38 
4457.33 2669.18 9081.78 266.605 1 6199.14 7514.69 
4478.13 2714.01 9095.38 270.215 1 6266.18 7482.18 
4463.55 2641.33 8942.97 275.151 0.846154 6248.11 7424.99 
4287.42 2587.24 8894.85 279.048 0.846154 6307.71 7452.68 
4282.07 2571.95 8890.29 279.975 0.846154 6322.31 7518.36 
4244.07 2502.97 8916.61 281.387 0.846154 6344.35 7598.04 
4239.72 2488.71 8890.71 278.695 0.923077 6367.37 7554 
4145.98 2502.56 8815.12 271.256 0.923077 6327.75 7540.31 
4556.92 2582.52 8891.28 273.4 0.923077 6463.18 7274.55 
4515.53 2487.57 8938.93 275.956 0.923077 6502.83 7301.29 
4477.29 2495.64 8975.7 279.338 0.923077 6507.08 7318.65 
4562.76 2496.7 8927.38 281.348 0.846154 6503.85 7362.96 
4362 2528 8901.45 282.793 0.923077 6518.97 7396.09 
4381.57 2567.14 8953.52 275.867 0.923077 6642.19 7478.94 
4347.75 2550.05 9098.89 274.734 0.923077 6980.27 7476.62 
4220.38 2723.56 8921.74 292.445 0.769231 6648.62 7282.09 
4356.17 2740.2 9016.33 275.757 0.846154 6639.97 7301.74 
4278.58 2744.41 8925.48 277.46 0.846154 6565.48 7291.57 
4623.27 2692.16 8893.98 278.723 0.846154 6465.12 7240.68 
4898.89 2678.75 8932.09 277.267 0.846154 6456.14 7308.71 
4752.57 2613.2 8986.26 275.492 0.846154 6441.26 7475.52 
4543.04 2525.82 8923.67 273.412 0.846154 6567.87 7349.52 
4348.14 2555.6 8856.26 269.491 0.846154 6498.27 7283.81 
4365.5 2534.81 8939.44 268.3 0.846154 6476.57 7314.51 
4490.53 2437.52 9021.76 272.068 0.846154 6545.66 7284.02 
4379.44 2489.61 8993.34 272.228 0.846154 6476.02 7252.2 
4451.38 2551 9011.39 273.68 0.846154 6385.63 7391.5 
4534.12 2482.78 9104.75 280.036 0.846154 6554.31 7710.97 
4606.12 2456.2 9014.48 293.555 0.769231 6573.53 7336.55 
4616.72 2422.99 9012.48 279.32 0.846154 6630.02 7548.29 
4627.78 2434.66 9024.9 286.299 0.769231 6659.84 7503.78 
4555.96 2326.49 9038.5 309.716 0.615385 6614.08 7511.92 
4579.73 2314.83 9257.06 289.305 0.769231 6486.06 7750.94 
4542.89 2289.54 9131.45 284.324 0.769231 6367.04 7656.78 
4532.14 2277.92 8732.9 269.478 0.846154 6243.37 7254.77 
4663.87 2251.34 8625.75 252.588 0.923077 6480.92 6893.36 
4717.81 2169.64 8735.01 264.982 0.846154 6845.68 7504.03 
4836.42 2191.18 8936.05 281.437 0.769231 6843.33 7296.43 
5002.09 2151.13 8847.98 276.785 0.846154 6771.35 7049.88 
5098.54 2186.4 8861.03 273.007 0.846154 6771.53 7272.09 
5216.64 2105.58 8748.86 300.239 0.769231 6710.6 6906.82 
5086.35 2127.72 9311.26 299.098 0.769231 7080.95 7337.66 
4972.21 1993.82 9098.91 343.783 0.615385 7058.1 6971.12 
5214.53 1953.42 8966.84 330.586 0.692308 6574.93 6971.26 
6469.98 2046.69 8795.07 310.891 0.692308 6343.52 6714.54 
6494.15 2047.81 8443.08 298.588 0.769231 5958.84 6533.92 
7009.25 2007.97 8124.91 292.869 0.769231 5833.07 6355.19 
7085.08 1982.13 8231.55 291 0.769231 6151.43 6328.6 
7251.64 1919.43 8128.06 298.213 0.769231 5866.99 6063.83 
7280.26 1900.92 8209.26 299.142 0.769231 5979.13 6128.46 
7384.99 1917.6 8145.3 295.858 0.769231 6165.88 6438.01 
7527.64 1909.89 8028.77 289.579 0.769231 5899.87 6243.96 
7745.05 1914.41 8455.67 290.679 0.769231 7616.72 6935.69 
7900.72 1901.81 8611.55 290.382 0.769231 7893.83 7010.73 
8025.15 1889.3 8289.21 289.816 0.769231 6856.35 6570.26 
8132.22 1885.98 7930.61 317.2 0.615385 6200.4 6151.41 
8261.7 1892.28 7886.73 342.504 0.538462 6016.99 5932.01 
8399.12 1883.52 7900.2 340.896 0.615385 5870.56 5874.55 
8574.19 1987.73 7862.37 372.331 0.461538 6355.08 5918.15 
8657.97 1977.68 7826.03 342.521 0.538462 6356.88 5902.74 
8708.99 1979.2 7926.86 335.73 0.538462 6739.89 6978.16 
9371.29 2140.15 8162.49 337.464 0.538462 6909.4 6943.91 
9464.28 2143.18 8142.61 348.069 0.461538 7980.09 7490.58 
11195 2618.36 7887.95 349.741 0.461538 7551.13 6780.46 
11905.1 2651.92 7954.73 356.002 0.461538 7207.89 6478.31 
12088.8 2593.15 8003.35 360.019 0.384615 7241.41 6447.1 
12281 2586.42 8011.6 360.988 0.384615 7300.07 6489.4 
12395.9 2602.19 7917.8 363.5 0.384615 7044.25 6438.13 
12529.3 2623.17 7826.81 362.085 0.384615 7064.17 6503.93 
12571.5 2599.01 7758.42 362.21 0.384615 7007.18 6513.39 
12688.2 2610.8 7679.4 361.566 0.384615 6942.96 6568.79 
12863.5 2601.41 7568.79 360.355 0.384615 6806.31 6538.02 
12948.2 2618.17 7553.81 359.598 0.384615 6811.95 6485.43 
13031.1 2617.79 7539.68 363.523 0.384615 6859.76 6438.8 
13112 2628.14 7601.43 362.18 0.384615 6896.8 6467.41 
13264.5 2622.58 7630.66 360.776 0.384615 6928.1 6529.94 
13029.6 2476.15 7733.72 364.122 0.384615 7162.75 6806.94 
12867.9 2254.22 7536.68 384.705 0.307692 6979.5 6569.56 
12554.8 2162.26 7583.76 369.656 0.384615 7292.33 6713.69 
12647.4 2160.65 7532.76 370.822 0.384615 7204.98 6731.68 
12947.4 2163.05 7476.75 371.143 0.384615 7075.97 6714.03 
12707.4 1693.61 7600.47 369.252 0.384615 7020.78 6697.85 
12850.3 1693.52 7584.73 365.983 0.384615 7032.05 6677.65 
12464.9 1672.78 7280.47 361.352 0.384615 6791.9 6609.75 
12224.1 1636.58 7289.41 362.438 0.384615 6775.89 6527.2 
11873.6 1517.67 7636.5 363.586 0.384615 6984.11 6748.25 
11555.8 1521.26 7504.5 361.867 0.384615 7014.31 6629.85 
11326.7 1528.49 7540.27 363.146 0.384615 7002.46 6618.15 
11127.8 1533.82 7503.93 358.963 0.461538 7097.8 6501.53 
11168.9 1727.84 7123.79 353.013 0.461538 6843.03 6175.43 
10830.8 1797.77 7188.56 377.178 0.384615 7219.73 5804.21 
11043.1 1884.9 6658.92 413.568 0.230769 6748.47 5760.27 
11336.5 1982.09 6597.72 374.059 0.384615 6727.91 5742.51 
11233.3 1954.24 6461.88 362.295 0.384615 6614.8 5675.17 
10715.9 1569.29 6433.35 366.719 0.384615 6628.49 5721.78 
10623.2 1545.04 6403.34 363.131 0.384615 6826.82 5645.01 
10802.1 1500.03 6269.19 369.418 0.384615 6325.89 5463.17 
11368.7 1463.81 6354.81 360.938 0.384615 6486.94 5723.62 
15144.9 2134.47 6206.38 344.636 0.384615 5952.22 5484.17 
14878.3 2143.43 6094.31 367.445 0.307692 5808.79 5434.8 
14234.1 1942.23 6263.72 355.398 0.384615 5967.15 5596.4 
14463.6 1944.97 6466.11 351.54 0.384615 6086.21 5811.36 
14326 2047.99 6246.73 342.767 0.384615 6059.74 5699.33 
14393.4 2097.34 6323.26 344.393 0.384615 6201.4 5784.62 
14295.5 2140.52 6428.41 343.341 0.384615 6092.55 5815.21 
14368.4 2188.24 6475.16 342.231 0.384615 6176.82 5825.93 
12569.1 2419.11 6263.32 362.778 0.230769 6280.75 5710.85 
14628 2794.97 5222.02 381.921 0.153846 5928.03 5230.49 
18875.4 3391.19 4108.31 394.527 0.153846 4956.04 4282.23 
18781.1 3397.98 3955.56 383.642 0.153846 4975.45 4152.26 
19899.6 3626.13 3481.54 370.42 0.230769 4376.55 4044.52 
22672.1 4362.36 3072.47 372.839 0.230769 3764.24 3601.65 
24769.1 4778.14 2686.91 363.073 0.230769 4060.29 4123.25 
28052.8 5246.53 1973.6 348.317 0.230769 3426.82 3651.02 
33314.6 6343.36 1645.09 382.15 0.0769231 2602.87 2647.73 
34498.1 7020.77 1544.47 390.767 0.0769231 1923.72 2207.18 
35038.6 7059.99 1540.96 369.814 0.153846 1957.59 2267.96 
35883.7 7318.23 1546.97 379.466 0.153846 2001.87 2312.03 
39794.6 8047.6 1029.35 384.598 0.0769231 1424.85 1980.89 
