1053
37921.6 7053.18 1544.06 493.967 0 3700.43 1072.85 
37942.7 7085.39 1552.5 495.634 0 3706.97 1080.55 
38125.7 7165.4 1545.87 495.391 0 3507.71 1049.42 
41017.1 7945.37 1042.54 495.372 0 3100.89 857.114 
40918.2 8005.73 1086.3 494.986 0 3085.8 922.838 
40902.5 8104.9 1105.11 495.222 0 3103.43 921.311 
40628.4 8211.49 1114.86 494.458 0 3111.74 931.412 
40633.6 8222.39 1122.54 494.8 0 3115.26 934.506 
40490.4 8288.82 1128.72 494.936 0 3105.07 943.205 
40442 8339.54 1108.26 495.08 0 3117.94 918.654 
40231.9 8419.93 1063.02 495.578 0 3158.05 910.988 
40114.2 8494.95 1044.88 494.279 0 3203.91 859.902 
40084.9 8516.31 1056.86 494.422 0 3233.37 896.104 
39733.1 8707.52 1047.79 492.546 0 3227.8 913.053 
39904.5 8789.55 1050.34 492.463 0 3230.99 922.877 
39969.1 8772.03 1055.15 491.358 0 3222.94 926.157 
40025.5 8795.42 1085.58 489.545 0 3268.22 1031.84 
40013.1 8860.99 1095.34 489.375 0 3276.95 1046.79 
39915.7 9002.6 1092.74 491.856 0 3241.9 1029.29 
39885.1 9056.27 1085.15 491.555 0 3047.52 1009.33 
42490.8 9916.67 824.832 490.229 0 2733.89 932.351 
42557.1 10053.6 829.442 489.875 0 2741.88 941.322 
42512.9 10379.2 823.188 488.46 0 2741.49 936.176 
47197.2 11401.4 595.974 485.302 0 890.446 515.718 
47419.6 11474.1 598.155 485.839 0 890.203 526.66 
52166.8 12192.3 335.743 486.81 0 444.586 457.771 
52163.3 12349.1 331.34 489.21 0 454.861 460.455 
52618 12645.6 339.885 488.925 0 453.575 479.315 
52446.2 12905.8 336.998 488.541 0 447.786 487.485 
52703.1 13058.1 335.316 492.037 0 479.619 494.378 
52873.7 13193.9 348.328 494.802 0 487.836 523.901 
52998 13310.8 347.959 494.205 0 480.313 530.335 
51994.8 12352.1 334.912 494.142 0 485.207 464.537 
51530 12570.2 346.183 492.087 0 475.367 482.013 
51166.2 12736.8 341.879 492.465 0 481.428 465.827 
51108.7 12977.2 347.321 493.426 0 480.961 468.177 
50673.3 13209.3 347.831 494.463 0 488.415 458.28 
50951.3 13197.1 349.599 498.144 0 490.672 469.917 
50828 13280.1 361.982 496.437 0 498.01 495.619 
51108.7 13632.2 369.703 496.226 0 516.219 518.39 
51490.9 13776.4 373.875 497.089 0 522.874 521.514 
51196.5 14209.2 378.082 498.994 0 529.227 536.513 
51516.8 14258.9 374.394 497.268 0 518.604 548.962 
51760.7 14632.1 375.019 496.861 0 536.559 548.453 
51837.8 14879.9 380.377 500.692 0 529.004 596.852 
52083 15035.4 382.367 500.497 0 504.164 581.944 
52233.6 15327.4 375.53 499.278 0 487.463 602.419 
52601.9 15481 370.85 499.803 0 469.765 603.991 
52803.4 15741.2 368.911 500.434 0 460.95 579.155 
53380.8 15879.2 371.711 500.419 0 457.454 575.752 
53342.6 16013.6 382.448 500.601 0 453.594 610.638 
53379.1 16173.5 382.323 500.803 0 450.426 611.882 
53410.9 16249.5 378.933 501.465 0 453.761 617.913 
53840.5 16461.8 375.582 502.064 0 448.708 626.35 
54018.1 16514 380.911 502.811 0 453.013 642.266 
54129.3 16554.5 383.727 501.978 0 451.858 677.823 
54456.1 16426.7 394.903 500.411 0 483.983 717.929 
54870.3 16386.6 415.022 500.604 0 516.621 763.663 
53808.8 15312 393.763 495.23 0 487.162 766.076 
53904.3 15115.8 413.46 495.532 0 486.249 841.92 
54710 14113.9 400.065 492.757 0 492.636 778.12 
54297.6 14319.1 419.962 495.531 0 513.16 829.864 
54378.1 14069.2 455 496.949 0 558.128 929.402 
54549.3 12846.6 463.214 493.504 0 551.047 920.248 
54421.5 12602.9 490.585 495.796 0 617.464 1028.23 
53649.2 12640.7 503.741 495.336 0 636.711 1054.37 
52058.5 12490.8 485.367 495.543 0 584.665 897.948 
52292.4 10799.1 717.02 496.07 0 709.271 838.818 
50836 10707.6 771.219 493.706 0 647.578 720.031 
49613.6 10463 850.474 495.322 0 658.962 760.125 
48313.3 10271.8 889.89 497.125 0 672.744 762.227 
47908.1 10072.5 938.98 497.351 0 675.507 767.959 
47014.7 10052 968.607 498.431 0 667.1 810.237 
45913.7 10284.5 1051.17 498.3 0 708.357 842.758 
44807.5 9795.76 1057.72 495.036 0 709.3 842.956 
43969.2 9862.27 1124.85 498.583 0 737.458 833.756 
44009.6 9704.9 1199.88 498.998 0 782.429 882.37 
43738.4 9464.33 1273.89 498.562 0 841.411 957.278 
44467.9 9042.96 1333.33 499.484 0 875.305 1004.13 
44885.5 8120.66 1319.22 499.051 0 866.509 917.963 
45609.8 7934.95 1412.7 499.636 0 927.16 973.975 
45513.5 7446.47 1451.63 501.291 0 958.203 1063.44 
46115.3 7057.53 1506.27 501.702 0 962.303 1098.61 
45948.2 7035.57 1566.98 499.981 0 1007.6 1187 
46114 6900.55 1602.78 499.766 0 1064.48 1222.27 
46370.8 6736.84 1650.65 497.385 0 1073.3 1266.43 
46709.5 6441.65 1653 497.672 0 1077.92 1330.28 
50217.5 5676 1627.45 492.817 0 1093 1436.25 
50676.6 5126.06 1684.77 492.196 0 1091.73 1516.52 
50795.2 5014.59 1672.91 490.347 0 1103.46 1524.37 
50668.8 4826.32 1697.71 487.324 0 1099.21 1535.76 
50291.3 4613.96 1718.88 488.412 0 1088.94 1534.7 
50101.2 4422.15 1718.97 490.979 0 1081.63 1543.24 
49498.1 4162.78 1760.21 494.868 0 1121.14 1524.2 
49212.6 4070.34 1728.29 490.785 0 1106.54 1477.28 
48228.3 3912 1788.02 481.956 0 1174.12 1555.55 
47300.2 3864.28 1801.5 482.943 0 1181.27 1561.9 
44970.3 3923.5 1854.24 483.106 0 1222.37 1480.75 
44015.5 3828.24 1878.82 488.921 0 1230.84 1483.18 
42676.6 3713.71 1927.06 489.062 0 1311.27 1527.32 
42167.1 3417.68 1965.74 497.111 0 1311.74 1520.03 
41619.4 3327.93 1921.47 495.447 0 1293.83 1534.88 
40225.3 3158.04 1985.03 495.041 0 1334.87 1598.12 
38862.2 3148.42 1986.12 500.389 0 1353.25 1654.71 
37593.6 3033.38 1971.42 500.243 0 1330.1 1676.16 
36039.6 2963.76 2047.52 499.047 0 1385.98 1764.73 
35733.5 2902.57 2097.56 500.716 0 1418.18 1793.32 
33577.5 2783.99 2106.39 485.993 0 1456.38 1818.39 
33118.3 2768.93 2052.1 476.747 0 1475.37 1717.37 
32639.9 2607.48 2042.15 471.08 0 1478.9 1782.1 
32118.2 2620.43 2005.98 470.68 0 1473.03 1778.99 
31300.9 2504.1 2028.21 474.265 0 1552.17 1829.6 
30723.2 2347.79 2028.28 481.23 0 1537.4 1843.04 
30062.9 2342.69 2034.17 481.387 0 1568.47 1872.97 
29875.8 2121.56 1966.82 504.55 0 1576.16 1875.38 
29772.8 2111.56 1907.13 465.851 0 1612.3 1840.46 
29437.4 1945.41 1918.14 468.413 0 1606.87 1856.45 
28971.2 1932.41 1885.48 471.403 0 1690.22 1878.78 
28526.3 1894.81 1886.37 477.808 0 1673.83 1903.46 
28374.2 1868.25 1930.09 473.76 0 1731.09 1932.02 
28013.6 1704.39 1830.82 473.425 0 1747.39 1949.7 
28748.6 1549.32 1850.36 474.46 0 1778.17 2030.85 
28314.2 1518.13 1789.06 475.128 0 1753.93 2003.09 
28288.9 1412 1730.26 472.665 0 1759.03 1899.55 
28044.2 1400.36 1696.64 475.374 0 1777.42 1861.57 
27821 1333.48 1684.48 479.134 0 1770.62 1879.39 
27911.5 1285.16 1655.94 479.204 0 1760.45 1915.46 
27363.6 1308.22 1610.35 477.682 0 1722.36 1852.7 
28047.6 1010.04 1618.92 464.133 0 1741.21 1831.37 
26393.6 1004.58 1628.64 453.643 0 1778.28 1848.32 
26312 1015.38 1647.41 455.753 0 1821.4 1870.13 
25849 930.784 1735.46 454.576 0 1897.82 1883.43 
25530 847.755 1769.05 458.205 0 1958.37 1880.11 
25165 839.598 1857.57 461.656 0 1994.37 1994.71 
23752.2 845.187 1866.74 459.478 0 2032.38 2027.12 
23793 750.754 1930.79 473.615 0 2130.36 2066.65 
23825.1 747.461 2011.72 459.467 0 2183.69 2118.61 
23187.7 833.628 2037.59 443.044 0 2279.85 2100.11 
28175.9 793.904 2991.25 441.998 0 2578.57 2338.29 
27924.1 794.936 3066.69 450.951 0 2615.43 2383.91 
28184 703.553 3063.91 452.557 0 2659.26 2421.83 
27209.1 511.461 3055.87 470.442 0 2700.47 2396.53 
27004.6 479.048 3224.85 480.918 0 2753.72 2534.83 
26638 478.13 3244.52 484.519 0 2778.41 2549.5 
26425.5 486.184 3271.86 509.343 0 2828.63 2530.75 
26811.4 495.433 3365.87 481.163 0 2933.96 2600.69 
26586.1 497.594 3419.51 474.694 0 2972.5 2625.39 
26019.1 498.509 3458.02 456.419 0 3039.48 2597.47 
25828.1 504.532 3501.29 462.196 0 3094.03 2621.6 
25217.6 513.027 3581.25 467.371 0 3146.31 2639.72 
24661.7 534.083 3638.17 471.723 0 3196.04 2686.7 
24461.9 524.164 3699.31 478.67 0 3248.58 2718.09 
32581.9 526.449 3471.62 481.764 0 3110.6 2557.37 
32616.6 530.854 3507.54 483.65 0 3185.6 2608.74 
30493.9 524.611 3337.98 495.405 0 4375.66 2816.74 
30226 503.314 3383.14 496.459 0 4444.3 2804.85 
29487.7 510.473 3434.05 550.653 0 4495.6 2841.75 
29307.2 455.143 3468.41 519.728 0 4550.36 2857.5 
29071.6 432.405 3504.06 518.382 0 4555.3 2865.24 
28407.1 454.73 3592.65 480.166 0 4622.4 2900.73 
28097.1 461.101 3591.62 482.928 0 4660.02 2897.89 
27488.5 459.463 3685.91 480.239 0 4701.59 2999.13 
26996.2 438.786 3719.55 487.22 0 4774.34 3045.91 
26909.2 434.446 3740.63 486.396 0 4809 3027.32 
26540.7 416.27 3783.8 488.38 0 4885.21 3104.47 
26412.1 299.254 3787.34 498.581 0 4957.15 3095.49 
25462.3 260.866 3866.05 497.852 0 5012.99 3186.86 
25265.5 274.245 3884.88 498.898 0 5001.01 3157.23 
24398.9 257.412 3787.79 501.198 0 5417.04 3597.78 
23991.7 256.699 3830.44 504.822 0 5415.19 3641.45 
23848.8 255.264 3998.53 508.282 0 5474.69 3676.82 
22709 248.23 4083.41 511.463 0 5506.23 3782.85 
22414.7 272.414 4123.74 508.665 0 5598.01 3801.73 
22115.2 260.172 3805.64 511.52 0 6168.09 3933.85 
21878.6 260.881 3820.73 510.235 0 6222.6 3969.18 
21642.6 256.683 3962.56 499.967 0 6315.46 4025.24 
21443.8 254.454 3995.45 499.587 0 6253.41 4053.54 
19895.2 221.375 4044.9 496.107 0 7124.9 4239.04 
19888.9 222.16 4025.44 508.422 0 7119.39 4184.34 
19404.3 223.991 3960.02 501.31 0 7043.58 4134.14 
18920.5 221.265 3971.71 493.658 0 7041.03 4116.05 
18576.2 217.474 4014.11 495.376 0 7038.38 4057.65 
18265 200.824 3996.93 498.793 0 7103.95 3995.45 
18088.7 208.134 3968.35 519.243 0 7085.7 4000.64 
17837.4 209.356 4074.45 518.054 0 7097.12 4039.62 
17768 215.964 3984.93 518.525 0 7009.91 4016.37 
17644.1 213.001 3973.57 543.765 0 7018.7 4044.24 
16926.9 200.549 4023.1 514.8 0 6997.53 3972.08 
16825.2 206.696 4078 510.989 0 6957.98 3932.65 
16638 208.792 4046.98 511.806 0 6957.82 3929.31 
16514.6 208.994 4019.47 513.226 0 6926.46 3886.77 
16228.7 211.302 3980.06 518.743 0 6991.23 3849.81 
16253.8 205.405 3936.18 516.367 0 6958.96 3845.84 
16151.9 258.075 4269.1 520.117 0 7298.92 4681.38 
15613.7 248.058 4295.62 523.341 0 7325.54 4700.01 
12768.5 223.222 4982.65 522.29 0 7715.68 5774.98 
12632.5 223.812 4997.96 522.001 0 7731.1 5907.61 
12441.4 224.261 5807.3 522.661 0 6743.2 6931.08 
12140 237.999 5703 527.797 0 6813.78 7078.79 
12088.3 232.068 5746.37 528.622 0 6904.97 7177.37 
12129.3 232.918 5847.44 528.042 0 6814.76 7270.89 
11740.4 221.052 6058.89 525.213 0 6939.56 7613.38 
11583.5 221.45 6016.32 530.495 0 6937.22 7663.08 
11470.3 221.871 6141.69 530.245 0 7092.11 7633.48 
11352.8 224.395 6355.62 529.337 0 7195.68 7480.58 
2599.34 213.376 6391.41 532.866 0 8909.35 7405.87 
2593.71 210.365 6288.24 529.231 0 8794.62 7315.38 
2490.92 213.411 6331.82 531.101 0 8856.66 7350.06 
2212.28 213.985 6223.82 533.583 0 8819.76 7158.61 
2122.29 217.581 6159.07 523.134 0 9040.38 7151.15 
2064.83 217.664 6173.98 519.743 0 9279.25 7210.66 
2000.96 224.126 6224.17 515.913 0 9414.08 7355.6 
2007.42 221.803 6231.86 509.034 0 9521.15 7446.17 
1863.6 251.75 6301.65 501.613 0 9682.53 7722.71 
1692.96 253.1 6275.1 497.935 0 9666.89 7577.85 
1597.34 266.602 6381.01 489.068 0 9597.86 7698.67 
1358.78 282.243 6313.34 507.429 0 9459.6 7503.78 
1249.66 293.375 6439.56 497.657 0 9461.46 7562.97 
1256.16 308.542 6580.77 484.452 0 9352.63 7491.65 
1271.99 302.28 6587.95 484.603 0 9165.74 7487.53 
1290.22 301.582 6537.67 484.98 0 8991.91 7632.5 
1341.03 314.203 6739.45 496.588 0 9036.72 7569.57 
1220.28 323.952 6569.62 516.731 0 8906.05 7427.93 
1250.27 324.739 6588.42 513.634 0 8966.23 7446.98 
1288.43 320.485 6460.66 510.635 0 8901.56 7364.09 
1261.68 333.184 6552.56 529.221 0 8841.5 7426.81 
1257.01 323.16 6537.52 529.241 0 8829.55 7451.72 
1005.71 320.428 6372.35 495.65 0 8729.21 7491.72 
972.154 301.74 6673.25 496.849 0 8662.97 8066.86 
910.719 322.203 6851.96 496.242 0 8651.25 8413.09 
930.032 370.798 6886.38 490.944 0 8456.95 8411.4 
941.281 371.815 6773.31 491.003 0 8546.83 8017.32 
916.375 354.783 6633.38 498.085 0 8436.75 7690.41 
926.567 343.956 6606.19 493.588 0 8254.98 7652.37 
901.89 353.022 6585.59 496.615 0 8113.41 7728.9 
921.208 342.768 6354.21 501.618 0 7984.35 7569.5 
959.916 333.19 6219.5 499.375 0 7957.25 7535.65 
951.431 345.504 6198 488.678 0 7950.95 7606.51 
957.323 346.996 6064.64 489.956 0 8130.14 7534.84 
967.218 357.077 6078.01 480.511 0 8154.88 7437.61 
961.309 362.99 6206.22 472.655 0 8303.15 7395.9 
934.165 374.988 6283.18 497.535 0 8274.16 7374.03 
272.857 333.583 7172.18 528.688 0 8410.56 8478.29 
280.442 371.756 7059.72 515.548 0 8312.57 8525.07 
282.628 371.818 7135.29 512.226 0 8377.3 8596.26 
285.465 379.714 7201.34 520.097 0 8353.69 8521.96 
310.606 379.417 7167.35 514.063 0 8379.11 8508.15 
280.256 373.557 7124.2 505.794 0 8261.71 8333.71 
318.423 388.298 7175.32 504.785 0 8588.79 8492.34 
351.762 383.12 7312.7 509.594 0 8521.3 8451.06 
338.042 395.158 7274.69 502.215 0 8255.08 8310.33 
347.277 385.797 7298.7 510.517 0 8106.56 8327.65 
361.725 384.875 7250.22 511.673 0 8181.24 8335.24 
380.141 375.148 7304.79 510.747 0 8198.93 8322.36 
369.615 391.268 7194.55 508.266 0 8118.44 8456.5 
361.16 372.352 7151.78 504.783 0 8048.56 8647.01 
386.833 379.037 7055.74 501.231 0 7863.84 8747.31 
350.43 357.926 7234.29 500.609 0 7857.93 8867.49 
332.132 309.382 8190.36 526.601 0 8066.37 8595.68 
314.87 296.844 8234.41 514.163 0 8058.02 8547.05 
327.827 297.996 8327.63 512.018 0 8241.8 8778.68 
323.116 292.632 8374.68 507.533 0 8309.75 8753.39 
308.926 293.109 8432.4 502.635 0 8493.2 8631.24 
299.903 313.596 8448.73 501.46 0 8389.71 8857.27 
314.847 308.343 8611.71 499.083 0 8452.39 9035.43 
310.971 304.531 8578.95 501.693 0 8290.84 9330.48 
297.029 300.459 8467.03 527.864 0 8169.69 9178.33 
308.255 298.844 8314.91 527.65 0 8106.52 9028.27 
303.664 304.367 8098.11 531.594 0 8044.47 8673.42 
332.726 300.858 8012.98 530.907 0 8079.94 8584.88 
308.411 292.462 6990.22 525.514 0 8627.5 7767.02 
279.035 281.366 8705.7 528.266 0 9053.37 8755.46 
311.667 290.667 8755.46 530.209 0 9193.94 8680.89 
312.322 295.078 8658.68 530.322 0 9298.4 8691.94 
305.879 292.221 8639.71 530.332 0 9305.51 8686.29 
327.28 299.772 8567.2 535.275 0 10074.8 8711.16 
347.683 305.977 8610.09 535.57 0 10154.1 8806.89 
336.483 299.675 8563.54 535.788 0 10306.4 8920.33 
324.628 296.735 8556.71 534.179 0 10317.8 9228.79 
314.367 315.861 8597.57 530.944 0 10314.8 9625.63 
312.74 308.194 8616.88 524.419 0 10342.7 9633.07 
308.206 300.623 8665.29 525.551 0 10107.8 9627.64 
314.92 308.765 8731.49 524.262 0 10098.5 9712.08 
318.881 310.03 8887.04 514.088 0 10243.2 9348.84 
292.991 349.727 9592.42 514.176 0 10736.1 10015.9 
283.165 340.808 9655.61 513.218 0 10936.1 10121.2 
276.082 341.754 9676.58 516.624 0 10985.9 10252.4 
276.702 355.262 9696.82 546.364 0 11035.1 10166.9 
293.305 353.681 9754.2 548.087 0 11142.6 10114.9 
284.992 343.842 9765.02 548.181 0 11262.1 10104.9 
281.301 337.386 9886.61 520.917 0 11170.7 10230.5 
297.053 341.101 9977.72 521.046 0 11050.9 10288.3 
327.628 324.933 10708.9 526.547 0 10747.5 10054.9 
299.176 332.657 10715.5 533.31 0 10615.9 9780.78 
291.907 324.489 10673.8 533.309 0 9953.18 9824.96 
292.733 318.085 10669.9 536.621 0 9869.63 10181.5 
298.741 317.21 10695.1 535.596 0 9947.15 10151.8 
301.467 296.587 10781.2 548.718 0 10022.9 10409.6 
311.302 281.455 10728.9 548.512 0 10027.7 10277.1 
325.702 291.049 10914.5 546.745 0 10233 10462.3 
322.787 277.05 11132.2 543.903 0 10682.8 10528.2 
329.452 258.853 11023.1 539.258 0 10883.6 10433.6 
308.731 261.565 11064.8 535.786 0 10796.4 10575.4 
299.095 257.285 10923.6 531.657 0 10719.8 10474.7 
273.563 257.144 10982.4 534.585 0 10747.7 10429.9 
282.247 265.743 11038.3 536.78 0 10557.7 10481.8 
274.193 237.116 11844.5 534.598 0 10117.2 10682.9 
276.683 223.966 11865.5 537.69 0 10060.9 10725.4 
265.807 220.271 11767.3 537.05 0 9832.29 10862.5 
242.663 219.207 11855.2 536.797 0 9904.33 10755.9 
216.637 220.914 11886.2 536.38 0 9998.02 10699 
245.799 221.977 11969.1 538.79 0 10043 10426.9 
260.494 223.701 11957.8 539.195 0 10083.7 10534 
239.751 224.914 11875.8 537.755 0 10144.2 10600.4 
248.469 237.96 11727.8 538.563 0 10403.4 10756.9 
250.505 237.712 11733.3 538.618 0 10495.3 10713.7 
259.95 256.717 11738.6 537.912 0 10712.3 10548.6 
283.326 239.79 11615.3 537.611 0 11007.3 10517 
247.291 246.774 11623.4 534.979 0 10988.7 10706.9 
242.108 254.032 11502.6 535.702 0 11045 10638 
275.781 256.063 11324.9 539.272 0 11291.4 10321.4 
266.044 255.348 11272.9 536.085 0 11192.8 10330.9 
232.119 256.298 11253.2 535.417 0 11172.4 10257.6 
237.931 257.201 11235.6 534.804 0 11059.5 10218.5 
219.163 266.398 11289.6 534.425 0 11187.3 10438 
214.055 249.649 9491.33 524.007 0 11486.8 7646.56 
175.727 253.056 9476.39 526.322 0 11542.4 7670.06 
196.824 240.223 9529.5 524.567 0 11543.3 7644.64 
196.932 241.287 9483.05 523.513 0 11705.1 7575.41 
175.925 255.832 9469.14 522.255 0 11702 7463.18 
171.623 249.665 9436.62 520.581 0 11781.6 7283.55 
172.118 256.28 9405.17 518.391 0 12044.3 7263.51 
179.798 283.506 9425.01 520.695 0 12125.9 7517.98 
172.537 270.728 9435.12 521.922 0 12255.6 7589.46 
175.886 294.206 9424.6 523.28 0 11991.9 7731.65 
186.415 270.585 9502.81 522.776 0 11914 7863.22 
214.641 305.934 10092 525.283 0 11023.8 9561.55 
189.464 291.253 10011.8 525.578 0 11019.3 9952.9 
222.718 288.883 10052.5 527.644 0 10924.7 9986.55 
294.425 230.177 11750.9 530.203 0 11304.6 10568.3 
312.995 230.446 11935.5 528.871 0 11309.3 10746 
311.542 228.742 11898.2 529.173 0 11329.3 10546.1 
207.984 210.012 12228.9 521.724 0 11716.9 10376.1 
220.989 217.915 12202.2 521.067 0 11551.3 10381.4 
228.619 227.022 12062.2 517.016 0 11399.9 10237.1 
246.878 225.127 12029.2 517.338 0 11393.5 10050.1 
217.502 226.932 12069.9 518.195 0 11363.5 9994.68 
191.973 220.557 12061.3 517.694 0 11266 9892.53 
186.576 213.828 12029.6 548.922 0 11239.5 9969.88 
195.85 200.647 11906.4 535.329 0 11132 10160.9 
196.786 195.158 11919.7 537.067 0 10843.8 10348.6 
189.047 168.715 11870.4 524.047 0 10788.7 10165.7 
209.753 169.076 11813.1 521.097 0 10758.2 10178.7 
217.747 195.762 11861.3 518.765 0 11035.7 10380.7 
228.213 207.053 11822.9 514.127 0 11013.2 10175.6 
251.887 179.48 12754.3 520.557 0 11226.6 10518.8 
212.547 159.695 13014.9 528.368 0 11242.9 10064.5 
221.598 150.693 13014.3 530.589 0 11284.4 10277.8 
192.427 152.374 12962.9 524.452 0 11154.9 10040.3 
204.162 168.169 13079.1 543.766 0 11059.8 10066 
196.128 167.158 13078.2 544.733 0 11088.3 10025.8 
205.876 158.029 13188 545.041 0 11189.9 10088.1 
213.165 149.391 13226.3 544.462 0 11166.9 10116.1 
207.57 151.218 13212.5 542.313 0 11397 10183.7 
220.447 156.64 12078.9 542.034 0 11981.6 10113.5 
202.445 153.579 12091.6 543.334 0 12072.3 9749.91 
206.517 156.854 12029.2 541.525 0 12053 9571.45 
193.314 153.608 12030 539.821 0 12089.4 9399.85 
189.729 153.945 12131.6 540.862 0 12049.9 9506.48 
193.055 163.076 12192.8 540.378 0 11970.9 9631.01 
184.74 163.703 12263.6 540.185 0 12022.6 9578.28 
184.284 164.674 12314.7 541.509 0 12001.2 9627.5 
190.151 164.969 12320.3 541.355 0 11999.6 9689.01 
173.242 166.671 12496.9 540.607 0 11876.8 9639.74 
166.922 161.282 12343.1 538.751 0 11777.8 9622.67 
163.222 156.727 12494.7 537.693 0 11811.6 9673.65 
142.677 148.175 12362.8 540.116 0 11849.4 9346.77 
134.653 151.376 12300.5 540.582 0 11790.6 9180.07 
136.012 150.841 12257.7 546.06 0 11820.8 9247.36 
160.255 235.827 12946.6 543.533 0 11230.6 9381.66 
153.432 248.585 12870 543.032 0 11403.7 9480.58 
144.686 272.676 12879.2 540.651 0 11280.1 9554.15 
165.173 240.094 12868.2 540.87 0 11235.9 9344.53 
141.127 236.897 12771.3 539.919 0 11064.8 9484.03 
155.405 237.085 12836.5 540.258 0 10894 9324.12 
169.965 244.136 12844.1 544.744 0 10820.9 9399.31 
131.207 229.664 12965.6 543.871 0 10863.6 9328.28 
139.857 234.581 12984.2 544.742 0 10953.4 9227.99 
155.924 246.156 12958.4 546.783 0 10850.1 9249.74 
155.763 236.433 12964.7 546.103 0 10854.3 9239.31 
133.351 245.691 13241.2 551.518 0 11160.9 9097.54 
121.643 259.76 12471.5 553.757 0 10352 8754.66 
138.263 280.543 12440 552.408 0 10332.6 9020.39 
148.216 272.785 12477.4 554.706 0 10318.1 8974.03 
152.617 283.842 12517.2 557.117 0 10234.5 8974.71 
143.533 283.693 12490.4 556.3 0 10230.5 8929.24 
138.741 288.191 12411.3 556.605 0 10134 8900.57 
133.24 288.95 12423.9 556.228 0 10104.1 8821.88 
135.286 298.127 12509.1 556.5 0 9961.74 8819.17 
138.982 292.096 12571.6 559.6 0 9935.67 8826.31 
144.282 292.909 12620.5 556.196 0 9889.89 8688.8 
135.024 293.871 12822.1 547.729 0 9679.32 9373.71 
141.223 295.804 12882.4 548.617 0 9691.63 9485.36 
127.526 300.404 12779 547.922 0 9759.18 9422.15 
129.255 295.036 12639.7 546.347 0 9762.19 9440.65 
129.66 312.413 12566.7 545.652 0 9782.87 9287.18 
130.795 322.773 12617.8 548.657 0 9828.64 9355.04 
127.507 306.615 12459.1 553.604 0 9745.91 9540.14 
128.901 296.862 12381.3 551.672 0 9830.63 10010.6 
129.832 312.825 12377.4 551.988 0 9809.38 10019 
140.748 325.382 12355.8 555.138 0 9588.63 9947.97 
178.013 331.082 12273.6 554.166 0 9517.58 9779.97 
222.232 317.4 12136 552.496 0 9519.75 9742.54 
202.736 321.829 12132.7 551.06 0 9581.12 9705.3 
121.843 307.378 12139.7 553.009 0 9691 9580.92 
130.829 308.038 12172.5 551.145 0 9570.23 9525.63 
124.643 341.278 12282 553.046 0 9652.59 9648.92 
149.479 332.993 12268 550.744 0 9440.38 9399.14 
145.056 324.413 12216.3 551.828 0 9495.83 9056.98 
143.739 296.546 12399.2 552.607 0 9635.19 9050.63 
147.734 294.854 12564.8 554.541 0 9643.06 9154.34 
115.2 270.753 13288.5 549.147 0 9980.88 8794.14 
120.78 270.275 13293.5 549.653 0 9932.78 8735.47 
111.175 264.766 13543 553.335 0 9837.01 9297.63 
98.0494 266.791 12242.6 551.982 0 10215.7 8258.73 
94.1722 263.338 12258.8 553.267 0 10231.9 8270.61 
102.313 267.957 12280.2 553.933 0 10279.9 8230.53 
101.039 274.746 12341.9 554.561 0 10235 8239.57 
919.101 260.826 12148.6 548.026 0 9921.38 8207.37 
978.38 250.622 12115.3 549.969 0 10073.2 8264.23 
1001.54 246.903 12145 550.984 0 10196.5 8339.41 
1038.81 246.478 12186.5 556.802 0 10092.5 8384.86 
1035.23 234.09 11357.5 558.25 0 10080.4 8317.34 
1010.37 234.588 11422.8 559.781 0 10158.2 8246.82 
993.804 229.345 10493.4 553.824 0 10382.3 8592.08 
987.273 227.34 10459.8 553.569 0 10340.8 8541.38 
988.826 228.91 10536.6 551.317 0 10370.7 8465.41 
1020.55 228.31 10551.7 547.018 0 10348.7 8556.72 
997.449 217.775 9063.36 544.511 0 10209 8538.38 
1083.08 233.991 9091.56 543.826 0 10159 8560.62 
1108.67 242.631 9168.38 543.243 0 10278.2 8650.68 
1215.96 242.17 9292.14 541.277 0 10276.6 8706.62 
1258.61 180.381 8686.79 537.147 0 10276.2 9224.11 
1266.71 149.855 8836.63 541.314 0 10297.5 9215.92 
1267.13 150.542 8691.35 542.945 0 10323.9 9209.81 
1328.63 156.297 8437.17 542.8 0 10137.5 9172.72 
1364.78 148.774 8434.04 543.263 0 10072.6 9029.46 
1374.44 148.764 8444.34 546.27 0 9959.1 9064.89 
1459.86 141.562 8530.22 545.12 0 10071.9 9318.34 
1432.47 131.879 8417.62 540.803 0 9986.66 9234.58 
1424.37 128.591 8345.73 539.766 0 10066.1 9271.47 
1601.5 142.281 8292.6 538.351 0 10111 9230.94 
1642.45 148.173 8335.24 537.727 0 10096 9193.7 
1728.26 117.56 8450.81 533.706 0 10116.5 9181.26 
1745.72 120.004 8433.79 534.02 0 9961.11 9134.16 
1722.02 124.148 8624.35 530.832 0 10010.3 9313.96 
1707.75 122.083 8576.42 527.44 0 10030.1 9356.12 
1595.05 126.049 8576.89 530.039 0 10025.9 9452.88 
1606.11 125.323 8581 531.506 0 9978.38 9314.52 
1629.65 145.959 8634.54 532.884 0 9920.63 9387.55 
1615.67 144.224 8679.03 534.201 0 10036.2 9229.76 
1627.29 167.94 8583.95 532.467 0 9931.86 9045.09 
1668.55 156.302 8219.72 529.416 0 9965 8881.24 
1644.72 159.176 8146.96 528.414 0 9787.06 8957.78 
1640.75 149.36 8101.83 498.446 0.181818 9706.17 9181.7 
1665.38 139.37 8192.66 498.873 0.181818 9817.83 9247.25 
1686.53 124.925 8353.3 498.6 0.181818 9910.37 9525.83 
1666.09 133.303 8547.25 485.834 0.181818 10479 9676.24 
1698.8 142.252 8965.42 497.882 0.181818 10379.7 10486.6 
1697.19 146.295 8647.16 551.486 0 9969.91 9672.04 
1717.89 181.749 8550.12 547.669 0 9786.84 9569.34 
1794.16 176.672 8550.74 496.501 0.181818 10079.7 9573.35 
1902.47 196.519 8600.63 502.533 0.181818 9947.43 9551.73 
2002.35 185.885 8640 479.597 0.181818 9891.9 9410.44 
2008.15 179 8470.33 480.922 0.181818 9917.71 9297.53 
2142.12 172.801 8314.68 505.271 0 10393.3 9174.91 
2216.03 141.17 8445.3 497.275 0.181818 10811.6 9459.08 
2284.2 128.795 8321.9 490.035 0.181818 10266.4 9052.03 
2131.82 110.175 7419.78 484.853 0.181818 11414.4 8256.11 
2179.57 125.695 7426.89 483.767 0.181818 11446.5 8166.08 
2201.55 105.496 6891.1 480.868 0.181818 10163 7315.19 
2351.99 107.261 6776.04 447.43 0.363636 10206.2 7084.25 
3465.38 179.957 6607.39 460.194 0.181818 10402.7 7522.5 
3511.09 170.34 6552.25 448.576 0.363636 10533.7 7585.68 
7923.16 1442.83 6491.41 412.466 0.545455 10215.1 7010.51 
7887.44 1484.66 6489.05 430.219 0.363636 10282.6 7024.37 
7774.34 1564.19 6232.06 406.375 0.545455 11219.6 7168.98 
7730.74 1606.98 5744.2 450.254 0.363636 10238.5 6151.54 
7703.31 1617.24 5888.58 395.182 0.545455 10263.4 6179.08 
7632.83 1680.21 5369.08 410.733 0.545455 9738.82 5608.15 
7538.54 1667.87 5450.59 380.061 0.545455 9828.79 5602.36 
7484.99 1740.86 5182.01 395.266 0.545455 9644.38 5739.7 
7512.44 1729.14 4898.92 379.471 0.545455 9903.3 5884.71 
7618.07 1822.88 5300 380.137 0.545455 10010.5 6147.82 
7538.36 1862.12 5313.38 373.508 0.545455 9282.83 6480.14 
7569.93 1879.41 5594.01 381.006 0.545455 9560.6 6510.3 
7561.66 1941.95 5618.85 392.866 0.545455 9644.96 6489.32 
7461.1 2013.8 4654.66 385.887 0.545455 9879.15 5996.64 
7384.85 2034.81 4447.35 396.345 0.545455 9468.91 5950.69 
7110.79 2096.37 4495.25 413.877 0.363636 9019.66 5284.4 
6913 2192.05 3715.37 434.669 0.363636 8725.18 5170.91 
6866.82 2190.58 3672.05 421.659 0.545455 8058.23 4778.87 
6734.57 2245.88 3685.41 372.712 0.727273 8260.72 4824.72 
6455.18 2347.94 5109.55 377.727 0.727273 11844.1 7565.76 
6224.04 2477.84 5726.04 356.815 0.727273 10437.6 6552.31 
6232.11 2676.88 5227.61 351.033 0.727273 9416.81 5842.29 
5839.59 3010.99 5137.31 351.607 0.727273 9318.51 5801.39 
5725.14 3138.85 5086.35 347.851 0.727273 9226.42 5719.47 
5644.42 3375.32 4620.64 372.123 0.545455 8637.14 5748.4 
5769.12 3385.54 4640.06 389.759 0.545455 7909.91 5271.12 
5774.54 3385.83 4567.02 368.883 0.545455 7834.7 5241.32 
5681.64 3627.13 4550.13 342.524 0.727273 7974.8 5281.33 
5717.19 3680.45 4465.55 341.447 0.727273 7813.78 5230.68 
5632.84 3867.07 4485.64 342.299 0.727273 7903.84 5293.48 
7174.96 5388.32 4558.94 341.493 0.727273 8117.76 5400.69 
6553.16 5589.72 4546.09 342.108 0.727273 8259.77 5281.6 
6441.95 5809.63 4609.25 346.467 0.727273 8483.38 5237.7 
6502.71 5840.42 4454.51 345.193 0.727273 8449.34 5272.41 
6323.23 5855.37 4288.27 301.961 0.909091 8615.81 5138.29 
5795.35 5982.74 4337.58 264.279 1.09091 8745.74 5075.59 
5624.66 6016.12 4355.5 275.329 1.09091 8586.15 5032.65 
5374.85 6118.09 4382.24 278.994 1.09091 8563.82 4910.47 
5294.69 6217.28 4361.23 309.205 0.909091 8639.69 4823.34 
4675 6214.66 4442.13 296.024 1.09091 8638.32 4990.78 
4998.87 6203.23 4599.58 270.449 1.09091 8412.56 4861.83 
4591 6225.96 5262.82 278.544 1.09091 8515.93 6090.13 
4020.83 6298.63 4724.93 334.888 0.909091 8046.66 4938.31 
3973.48 6297.79 4781.07 331.214 0.909091 8037.34 4984.02 
4325.96 6302.6 4916.79 279.391 1.09091 7991.68 5213.25 
4502.36 6300.21 4515.64 312.596 0.909091 7864.04 4663.6 
3457.18 6385.87 4711.26 289.026 1.09091 8198 4859.92 
2901.62 6461.75 4662.15 291.405 0.909091 8086.03 4754.85 
2715.11 6510.17 4333.86 282.081 1.09091 7692.67 4669.89 
2584.03 6547.32 4349.02 279.8 1.09091 7846.69 4707.59 
2719.08 6659.6 4358.89 299.583 1.09091 7933.85 4568.17 
2204.74 6626.68 4602.4 292.039 1.09091 8363.74 4996.7 
2200.06 6622.7 4548.15 281.177 1.09091 8293.76 4834.44 
2100.56 6579.97 4809 300.932 0.727273 8864.81 5101.98 
2252.89 6669.85 5049.73 281.295 1.09091 9243.16 5513.01 
2217.18 6617.33 4796.12 276.212 1.09091 8641.07 5312.15 
3561.27 6613.73 4371.48 306.756 0.909091 8435.17 4678.51 
3638.01 6232.16 4367.61 285.089 0.909091 8418.38 4558.83 
3559.37 6476.46 4306.85 254.474 1.09091 8448.39 4640.34 
3857.24 6171.75 4164.92 307.826 0.727273 8149.92 5561.77 
3978.6 6082.15 4102.66 326.223 0.727273 7647.91 5128.45 
3748.17 6454.81 4078.03 305.665 0.727273 7522.55 4923.9 
5472.55 6256.92 3997.33 251.753 1.09091 7674.55 4270.37 
5633.39 6197.42 3988.79 250.378 1.09091 7597.15 4279.35 
5923.89 5926.5 4011.04 249.468 1.09091 7655.73 4178.23 
5864.17 5886.31 4002.02 249.68 1.09091 7665.02 4174.98 
7008.28 5919.22 4336.49 265.488 1.09091 8168.64 5203.91 
7162.74 5774.16 4330.84 264.225 1.09091 8412.55 5302.89 
7439.07 5836.22 4389.79 264.035 1.09091 8432.12 5432.44 
7672.32 5918.57 5935.15 269.128 1.09091 7492.21 5812.96 
8309.22 5669 6031.83 271.134 1.09091 7474.81 5865.02 
8470.85 5601.47 6183.89 272.431 1.09091 7564.02 5997.4 
8958.82 5484.11 6314.01 274.758 1.09091 7694.5 6062.39 
9491.68 5185.25 6326.24 274.843 1.09091 7558.2 5990.3 
9572.36 5154.74 6374.18 278.29 1.09091 7412.06 5975.78 
10443.6 4767.5 6132.12 282.262 1.09091 7258.57 4924.4 
11167.3 4533 6109.98 281.085 1.09091 7268.31 5101.49 
11940.9 4325.84 6015.58 280.688 1.09091 6835.21 4998.95 
12346.4 4213.84 6022.61 276.904 1.09091 6823.39 5355.39 
13222.7 3850.43 6058.12 279.899 1.09091 6696.15 5340.48 
14158.5 3746.06 6163.21 265.941 1.09091 6637.18 5515.9 
15063.7 3607.39 6286.32 265.219 1.09091 6781.55 5687.43 
16012 3575.58 6338.1 262.556 1.09091 6833.44 5689.25 
16746.7 3664.65 6595.01 223.955 1.27273 6465.13 5904.39 
17404 3418.09 6639.19 229.994 1.27273 6310.43 6033.48 
17633.4 3205.71 6770.44 243.687 1.09091 6572.92 6088.21 
18711.4 3107.26 6834.17 231.751 1.27273 7139.69 6298.12 
18789.5 3071.21 6922.54 234.19 1.27273 7214.54 6418.86 
18885.1 2987.8 6926.19 244.529 1.27273 7388.09 6500.56 
18892.2 2949.54 7357.18 236.949 1.27273 7120.96 7010.5 
18738.8 2924.6 6846.43 298.125 1.09091 6590.31 6282.85 
18649.4 2929.23 6822.27 266.496 1.09091 7036.58 6231.82 
17973.9 2941.04 6783.95 238.053 1.27273 7184.66 6245.9 
17687.7 2942.1 6697.17 236.16 1.27273 7195.96 6301.53 
17254.1 2984.29 6799.12 234.937 1.27273 7354.79 6352.03 
16518.2 2983.11 6728.53 232.313 1.27273 6386.22 6621.05 
16701 2968.63 9095.96 214.835 1.27273 5887.25 6654.56 
14293.3 2969.07 8724.3 220.264 1.27273 6501.45 6873.01 
13283.5 2989.55 8688.01 234.263 1.27273 6758.31 6890.64 
12745.5 2912.99 8633.84 229.661 1.27273 6768.27 6905.44 
12601.3 2900.83 8592.08 230.959 1.27273 6758.83 6900.33 
11596.7 2910.16 8608.49 220.889 1.27273 6219.87 7053.27 
11543.1 2711.36 8507.19 215.66 1.27273 6438.51 7156.44 
10843.1 2702.69 9226.97 251.678 1.09091 5448.44 7127.87 
11277.6 2532.18 9312.52 271.633 1.09091 5098.85 6975.84 
11065.4 2530.07 9299.99 272.093 1.09091 5109.73 6970.12 
10516.8 2600.26 9294.53 271.306 1.09091 5028.45 6974.11 
11134 2587.52 9233.28 225.193 1.27273 4990.77 6890.48 
11428.7 2541.02 9464.03 238.018 1.27273 7471.65 7537.08 
12004.1 2504.33 9607.49 227.042 1.27273 6376.12 7082.32 
12342.8 2345.62 9546.89 227.076 1.27273 6404.14 6825.64 
12399 2346.48 9593.6 226.664 1.27273 6401.86 6855.02 
12313.4 2332.42 9535.07 226.425 1.27273 6392.19 6724.26 
13303.9 2326.92 9539.08 228.48 1.27273 6451.28 6699.67 
13020.7 2332.14 9546.17 231.08 1.27273 6416.49 6665.22 
14254.3 1926.75 9813.3 232.602 1.27273 6774.95 6722.02 
13939.6 1848.19 9697.4 236.448 1.27273 6759.24 6875.86 
14223 1789.49 9640.85 241.376 1.27273 6761.56 6883.97 
13971.5 1705.63 9626.35 240.546 1.27273 6748.81 6942.6 
13362.6 1725.39 9670.6 245.294 1.27273 6882.51 7032.28 
12890.8 1672.15 9531.28 244.835 1.27273 7064.9 6754.32 
12796.6 1654.5 9554.93 244.513 1.27273 7099.07 6766.32 
11493.4 1705.54 9521.41 245.597 1.27273 7396.32 6610.56 
11110.3 1713.56 9568.9 244.767 1.27273 7549.8 6585.41 
11371.6 1584.59 9623 248.516 1.27273 7712.62 6545.06 
11175.4 1623.8 9671.65 252.686 1.27273 7785.19 6508.36 
11265.6 1586.57 9683.01 261.864 1.09091 7826.79 6523.86 
11452.8 1503.39 9715.14 258.208 1.27273 7752.74 6503.61 
11701.2 1455.94 10292.3 275.12 1.27273 8008.85 6773.67 
12811.1 1323.15 10798.7 253.633 1.27273 8045.37 7323.75 
13103.9 1286.05 11072.9 249.864 1.27273 8496.37 7227.53 
13399.6 1256.91 11071.3 248.999 1.27273 8507.62 7203.73 
13718.3 1155.55 11150.1 245.766 1.27273 8772.75 7119.42 
13654.7 1158.53 11019.9 250.423 1.27273 8928.32 7083.97 
13635.9 1359.37 11008.9 248.339 1.27273 8948.27 7106.59 
14287 1200.38 11029.5 251.189 1.27273 8990.73 7181.7 
14216.6 1148.47 10984.1 258.585 1.27273 8983.46 7200.22 
14423.6 965.411 11029.9 263.234 1.27273 8927.13 7422.34 
14519.6 860.733 10983.1 263.133 1.27273 8506.04 7531.27 
14612.5 885.541 10874.6 263.839 1.27273 8399.92 7396.95 
15122.2 866.54 10805.8 221.445 1.45455 8198.53 7401.99 
15323.3 867.167 11096.9 243.953 1.45455 8205.32 7190.55 
14880.6 851.139 11054.9 265.092 1.27273 8382.27 7128.69 
14120.9 900.865 11399 257.699 1.27273 8289.84 7247.61 
13867.5 896.984 11337.9 258.037 1.27273 8150.57 7268.42 
13823.5 964.582 11503.4 231.529 1.45455 7692.64 7285.69 
13556.9 971.049 11419.2 232.799 1.45455 7695.12 7277.82 
13281.6 962.009 11699.9 223.474 1.45455 7747.66 8205.68 
12784.7 931.276 11378.5 268.624 1.27273 7336 7466.14 
12749 944.51 11328.4 248.611 1.27273 7529.28 7216.55 
12475.7 885.058 11404.8 245.94 1.27273 7613.12 7535.4 
12356.1 855.167 11587.8 247.657 1.27273 7551.64 7655.76 
12433.6 870.551 11485.9 247.889 1.27273 7462.04 7740.21 
12581.7 851.502 11730.5 228.443 1.27273 8007.23 7833.75 
12861.1 838.675 11574.1 220.7 1.27273 7470.16 8417.4 
13140 914.915 11424.1 192.365 1.45455 7524.56 8255.95 
13446.3 891.214 11694.8 197.116 1.45455 7818.4 8441.51 
13170.5 758.761 11757.2 197.627 1.45455 7948.19 8549.42 
14360.7 748.911 11627.8 191.642 1.45455 7997.8 8516.89 
14253.7 763.556 11636.1 191.218 1.45455 8026.88 8435.89 
14823.8 662.506 11829.6 197.765 1.45455 8568.61 8606.03 
15215 664.276 11522.7 191.894 1.45455 7975.08 8413.37 
15435.5 663.787 11478.6 190.48 1.45455 8341.67 8417.95 
15008.6 596.508 11311.1 218.744 1.27273 7591.73 8282.8 
15785.8 596.731 11294.2 224.893 1.27273 7528 8155.4 
15607.5 577.74 10946.5 224.527 1.27273 7351.75 8070.86 
15789.5 556.653 10951.2 224.58 1.27273 7344.8 8033.24 
15805.7 520.381 10975.1 222.145 1.27273 7022.65 7624.94 
15748 520.133 10506.6 162.765 1.63636 6792.14 7424.77 
15526 502.134 10575.8 188.944 1.45455 10999.9 8411.87 
14877.7 492.075 10087.8 177.916 1.63636 8213.88 7160.21 
14578.9 580.369 10102.7 165.357 1.63636 8199 7205.38 
13663.2 547.504 10203.4 160.336 1.63636 8142.16 7234.14 
13592.4 564.146 10156.9 161.839 1.63636 8212.61 7172.22 
13408.7 622.106 10004 159.46 1.63636 8296.09 7053.24 
13393.1 620.314 9613.08 220.676 1.45455 8031.85 6665.91 
12865 599.847 10002.5 194.499 1.45455 8002.59 6750.1 
11134.9 630.074 10150.9 169.487 1.63636 8263.63 6715.68 
11190 678.905 10699.7 176.314 1.63636 8204.88 6789.71 
9517.15 786.087 10794.4 185.7 1.45455 8205.97 6963.31 
9366.59 771.636 10760.6 186.244 1.45455 8340.72 7116.73 
8839.58 853.793 10699.9 156.617 1.63636 8311.38 7184.61 
8823.01 746.518 11024.4 163.641 1.63636 8577.24 7666.6 
8757.54 745.566 11395.9 174.191 1.63636 8823.38 7953.18 
8601.29 779.598 9175.56 185.99 1.45455 9114.86 8002.05 
8571.36 774.325 9317.19 179.88 1.63636 9534.93 8322.87 
8572.87 777.864 9369.76 173.068 1.63636 9694.81 8413.91 
8470.33 766.474 9556.91 173.529 1.63636 9820.46 8488.66 
8433.34 764.874 9161.78 160.573 1.63636 9663.8 8071.65 
8386 731.9 8530.7 190.78 1.45455 9489.77 7810.09 
8284.94 780.088 8424.49 210.298 1.45455 8888.27 7038.04 
8260.23 813.781 8270.21 209.26 1.45455 8917.37 6972.92 
8004.42 791.972 8336.61 185.382 1.45455 8955.87 7145.67 
8005.68 796.432 8435.43 186.301 1.45455 8899.7 7196.45 
7785.52 740.328 8446.23 187.485 1.45455 8921.92 7260.45 
8602.82 1018.16 8416.53 173.175 1.63636 9045.29 7447.04 
11778.7 2099.9 8548.95 155.855 1.63636 9111.75 7491.42 
11626 2353.75 8612.02 155.068 1.63636 9097.35 7502.24 
11464.6 2499.46 8549.39 156.242 1.63636 8983.35 7466.74 
11111.3 2463.96 8559.5 155.114 1.63636 9176.53 7561.8 
11104 2394.67 8606.82 154.873 1.63636 9188.97 7601.31 
10919.8 2415.34 8650.8 155.23 1.63636 9144.89 7512.9 
10340.9 2619.08 8806.12 151.04 1.63636 9394.04 7643.53 
9909.86 2608.36 8863.01 149.347 1.63636 9422.34 7670.93 
9874.81 2597.06 8685.85 148.395 1.63636 9368.48 7550.46 
9766.58 2780.77 8745.61 150.398 1.63636 9369.11 7692.79 
9195.95 2779.64 8822.31 151.017 1.63636 9402.55 7665.62 
9192.72 3019.06 8535.14 157.863 1.63636 9386.01 7578.84 
8879.91 3003.43 8632.1 156.208 1.63636 9475.19 7612.62 
8492.67 2928.16 8715.08 155.39 1.63636 9596.36 7714.48 
8132 2947.84 8991.38 153.711 1.63636 9711.63 7745 
8014.66 3050.6 9092.36 151.718 1.63636 9629.35 7935.26 
7691.24 3260.89 9097.97 150.202 1.63636 9586.17 7909.07 
7494.15 3259.91 9056.41 151.193 1.63636 9689.12 7760 
7632.32 3282.55 8961.56 151.777 1.63636 9706.94 7743.96 
7050.32 2978.75 9165.78 153.314 1.63636 9627.64 7883 
7036.77 2985.5 9427.67 163.678 1.63636 9643.41 8076.04 
7162.4 3013.12 9369.4 164.649 1.63636 9706.76 8172.69 
6945.19 3133.39 10518.7 162.825 1.63636 9560.67 8648.97 
6762.33 3116.17 10676.7 168.749 1.63636 9803.12 8724.91 
6758.92 3181.96 10323.5 178.126 1.63636 10036.7 8660 
6713.22 3029.42 9792.01 175.27 1.63636 10814.7 8522.82 
6742.89 3000.56 9775.82 172.663 1.63636 10797.2 8423.81 
6835.78 3007.43 9683.05 177.909 1.45455 10005.9 8604.67 
7003.57 3214.41 9556.41 179.541 1.45455 9680.79 8351.92 
7291.45 3336.17 9369.46 171.015 1.63636 9567.56 8285.23 
8138.06 3274.8 9409.11 162.632 1.63636 9804.04 8375.46 
8412 3221.1 9207.95 163.749 1.63636 9625.86 8327.88 
8407.06 3218.79 9102.88 161.678 1.63636 9617.88 8229.67 
8614.59 3142.58 9169.73 173.001 1.63636 9851.89 8367.05 
9219.28 3300.92 8903.73 118.572 1.81818 9734.66 8348.16 
9552.2 3366.62 8935.33 149.85 1.63636 9945.85 8378.34 
9634.58 3496.56 8891.24 137.872 1.81818 10156.5 8560.06 
9581.55 3466.86 9001.64 126.977 1.81818 10314.5 8641.56 
9489.73 3241.1 9091.81 127.11 1.81818 10382.5 8693.91 
9865.39 3118.73 9301.05 125.554 1.81818 10919.7 8834.15 
9512.21 3099.3 9360.34 122.627 1.81818 11031.5 8831.47 
9024.67 3153.25 9021.13 179.487 1.63636 10809.2 8334.46 
8917.87 3105.22 9302.04 154.988 1.63636 10923 8339.25 
8721.45 2997.39 9860.28 133.749 1.81818 11146.2 8632.88 
8941.68 3062.66 10180.1 144.66 1.63636 11152.5 8813.28 
8508.58 3003.36 10310.4 143.779 1.63636 11229.8 8922.19 
8390.42 3042.69 9602.56 129.64 1.63636 10668.6 8176.45 
8141.77 3039.07 8567.76 107.622 1.81818 10339.3 7829.72 
7793.1 3076.04 8842.24 140.36 1.81818 10254.4 8084.14 
7528.76 3065.52 9220.53 150.05 1.81818 10530.5 8362.63 
7632.29 3053.47 9299.36 131.981 1.81818 10575.4 8412.24 
7478.7 3020.58 9454.08 117.272 1.81818 11280.2 9265.47 
7544.84 3017.27 9213.05 142.338 1.63636 10722.9 8372.74 
7395.55 2936.3 9404.89 148.857 1.45455 10792.2 8918.01 
6494.46 2972.17 9489.22 137.601 1.63636 10586.7 8661.08 
6392.19 3133.32 7593.71 162.241 1.45455 9501.11 7570.24 
6312.97 3172.39 7385.42 171.883 1.45455 9062.23 6980.01 
5981 3108.39 7853.22 148.844 1.63636 9240.12 7002.22 
6068.72 3106.8 7721.66 147.512 1.63636 9192.42 6741.55 
6095.25 3118.46 7626.41 150.738 1.63636 9494.5 6810.38 
5363.57 2978.99 7487.45 187.007 1.45455 9361.49 6896.09 
5651.08 2969.87 7320.45 227.551 1.45455 9164.7 7488.33 
6789.75 3004.42 6945.4 139.009 1.63636 8832.72 6588.82 
6387.98 3006.64 6746.64 140.465 1.63636 8404.28 5839.05 
6765.23 2889.77 7056.79 114.072 1.81818 8840.22 6202.07 
5927.03 2890.96 8359.05 163.025 1.63636 10502.5 7022.92 
5076.75 2810.05 8222.12 163.351 1.63636 10581.8 7000.92 
5538.23 2828.09 8176.29 163.408 1.63636 10368.6 6969.7 
5378.23 2697.12 8173.07 160.817 1.63636 10453.7 7161.14 
4838.83 2492.61 8628.26 173.678 1.63636 11333 7856.44 
4780.11 2239.59 8343.53 164.198 1.63636 10835.7 7235.15 
4643.59 2145.78 8272.91 162.262 1.63636 10759.4 7392.3 
4566.26 2153.41 8068.43 193.936 1.45455 10544.3 6989.16 
4642.21 2139.66 8111.06 194.678 1.45455 10782.2 6966.95 
4512.41 2120.35 8077.25 194.986 1.45455 10706.7 6789.51 
4414.68 2070.73 8096.27 189.948 1.45455 10573.8 6456.31 
4612.18 2259.73 7963.23 167.393 1.63636 10523 6306.22 
5199.46 2258.56 8383 188.895 1.63636 13750.9 7774.53 
4840.18 2256.66 9158.19 206.263 1.45455 11684.8 7593.62 
4940.94 2271.16 9059.7 207.587 1.45455 11843.3 7510.07 
4966.48 2247 9221.99 208.354 1.45455 12002.5 7639.97 
4910.06 2342.97 9269.09 209.204 1.45455 11857.6 7587.41 
5046.49 2397.74 9206.81 214.638 1.45455 11662.4 7499.85 
4794.54 2343.37 9193.19 209.222 1.45455 11690.3 7671.04 
5040.46 2675.02 9473.32 207.334 1.45455 11891.6 7941.66 
5154.41 2686.35 9681.11 190.451 1.45455 10431.7 7555.18 
5147.71 2720.43 9662.63 191.248 1.45455 10177 7443.5 
5122.1 2741.01 9543.96 188.911 1.45455 10115 7502.22 
5395.21 2752.89 9232.26 192.477 1.45455 10322.7 7234.23 
4736.3 2794.1 9560.05 190.116 1.45455 10553.9 7464.85 
4606.8 2693.16 9450.52 191.618 1.45455 10673.6 7447.74 
4968.59 2729.3 9056.4 191.248 1.45455 10697.5 7628.76 
4479.49 2667.91 9119.52 193.573 1.45455 10838 7726.34 
4762.44 2587.89 9133.92 194.148 1.45455 10840.8 7701.75 
5147.38 2603.68 8977.09 197.975 1.45455 10573.8 7694.08 
5138.1 2533.2 9278.76 203.475 1.45455 10679 7984.46 
4879.2 2495.71 9381.46 202.478 1.45455 10374.1 8316.2 
5428.44 2488.16 10751.2 207.124 1.45455 9207.91 8697.88 
5043.25 2489.38 10364.2 203.83 1.45455 8899.51 8233.62 
5087.14 2452.95 10390.9 203.672 1.45455 8842.81 8385.55 
5785.37 2480.85 8963.88 186.976 1.45455 8488.47 7682.39 
6057.93 2497.12 8837.45 186.709 1.45455 8494.44 7627.89 
8143.52 2606.5 8525.46 184.43 1.45455 8387.34 7327.35 
8482.4 3261.79 8482.99 183.444 1.45455 8465.73 7344.34 
6306.69 3898.07 8579.99 185.446 1.45455 8527.56 7546.75 
6316.65 3856.85 8463.54 186.428 1.45455 8439.54 7373.07 
6590.24 3858.87 8246.17 188.943 1.45455 8448.61 7365.96 
7113.02 3835.46 8416.88 193.232 1.45455 8620.27 7724.62 
6565.52 3822.11 8530.74 192.252 1.45455 8623.74 8245.15 
6562.9 3763.99 8772.84 194.768 1.45455 8645.29 8522.85 
6590.77 3751.83 8734.9 195.309 1.45455 8601.51 8418.37 
6596.18 3863.54 8234.13 199.624 1.45455 8315.17 7344.25 
6307.71 3836.86 8715.68 202.831 1.45455 8448.41 7533.5 
6491.56 3862.53 8201.27 206.121 1.45455 8282.87 7402.73 
6512.35 3830.01 8171.69 206.863 1.45455 8260.56 7404.98 
6641.11 3879.49 8143.82 209.615 1.45455 8253.59 7341.95 
6447.49 3907.66 8151.25 209.669 1.45455 8190.51 7185.06 
6539.37 3901.45 8479.77 218.419 1.45455 8661.15 7652.71 
6206.8 3840.2 8230.09 212.641 1.45455 8377.28 7572.96 
6080.38 3817.5 8327 211.654 1.45455 8435.95 7581.71 
5986.64 3791.13 8281.17 208.869 1.45455 8528.21 7548.18 
5889.56 3660.17 7758.39 246.03 1.27273 8065.84 7158.54 
5934.08 3580.67 7648.15 230.197 1.27273 7986.3 7094.65 
5893.73 3526.34 7604.86 198.302 1.45455 8142.86 7396.07 
6041.8 3441.24 7693.75 199.432 1.45455 8135.94 7576.92 
6130.25 3490.62 7957.17 241.416 1.27273 8776.38 8080.66 
6172.97 3475.91 7928.8 242.815 1.27273 8755.5 8081.81 
6141.59 3482.9 7858.18 243.049 1.27273 8728.93 7953.17 
6105.52 3413.93 7997.44 242.615 1.27273 8996.07 8131.49 
6077.82 3478.41 7868.63 239.574 1.27273 8730.88 7823.17 
6076.56 3606.41 8008.1 238.704 1.27273 8925.05 7946.96 
6220.65 3558.9 7972.89 241.061 1.27273 8863.65 7848.32 
6088.79 3529.23 8026.37 244.277 1.27273 8846.55 7765.93 
5869.4 3556.21 8034.29 243.244 1.27273 8790.49 7979.78 
6333.42 3455.61 8096.1 244.06 1.27273 8844.44 7926.52 
6454.9 3404.57 8176.19 245.934 1.27273 8980.58 8088.8 
7079.32 3311.33 8078.5 246.724 1.27273 8837.96 7817.95 
7203.92 3268.44 7897.86 252.499 1.09091 8839.71 7636.18 
7634.54 3170.97 8026.29 251.729 1.27273 9041.42 8087.54 
8202.19 3149.36 8768.06 253.029 1.27273 8416.67 7745.44 
8347.5 3102.4 8121.76 256.295 1.09091 8293.82 7610.72 
8129.7 3109.03 8180.06 257.59 1.09091 8177.33 7325.01 
5938.54 2689.56 8114.08 242.427 1.27273 8106.3 7310.08 
6325.14 2659.09 7828.25 235.647 1.27273 8124.83 7180.37 
5774 2520.49 7927.89 235.033 1.27273 8298.09 7436.07 
6046.62 2459.01 7836.16 236.585 1.27273 8172.67 7168.95 
6320.17 3206.78 7855.33 238.134 1.27273 8277.68 7133.61 
6677.15 3166.74 8722.4 235.328 1.27273 8486.97 7552.15 
6852.06 3171.15 8765.01 234.564 1.27273 8525.96 7536.98 
7499.53 3014.72 8554.12 232.392 1.27273 8687.24 7611.08 
7601.89 2853.02 8085.36 231.986 1.27273 8924.98 7671.74 
7691.05 2814.27 7884.17 237.999 1.09091 8843.92 7313.05 
7969.31 2734.22 7808.75 239.516 1.27273 8814.28 7552.34 
8052.79 2748.98 7627.39 234.307 1.27273 8408.33 7509.52 
8016.03 2704.58 7428.84 235.344 1.27273 8482.87 7588.06 
8008.49 2549.11 6904.79 222.415 1.27273 8039.5 7141.68 
7997.36 2508.85 6698.28 231.467 1.27273 7908.97 7101.17 
7896.84 2389.19 6708.39 229.876 1.27273 8038.07 7138.96 
7744.09 2377.92 6878.51 226.071 1.27273 8253.02 7467.69 
7716.94 2344.08 6772.63 227.161 1.27273 8324.52 7365.84 
7715.94 2253.08 6910.29 228.609 1.27273 8570.12 7945.12 
7512.31 2261.66 6907.7 279.1 1.09091 8486.55 7578.68 
7496.83 2244.33 7127.01 234.934 1.27273 8890.9 7778.03 
7412.06 2243.66 7412.75 234.211 1.27273 9252.26 7647.84 
7415.26 2243.96 7753.21 238.901 1.27273 9745.83 8318.2 
7316.19 2231.85 7720.39 240.332 1.27273 9726.99 7924.47 
7169.15 2229.29 7105.12 230.162 1.27273 9373.37 8146.63 
7022.58 2259.91 7390.56 227.242 1.27273 9716.48 7906.37 
6958.76 2291.75 7547.15 232.83 1.27273 10025.7 8007.02 
6904.45 2296.77 7632.31 235.74 1.27273 10078.7 8245.45 
6773.37 2295.9 7567.64 234.555 1.27273 10101.8 8155.85 
6741.59 2264.02 7566.68 234.087 1.27273 10083 8048.1 
6753.56 2277.71 7024.46 224.045 1.27273 9634.21 7557.76 
6459.25 2260.27 6817.43 256.035 1.09091 9158.09 7310.39 
6542.96 2436.94 6624.26 281.489 0.909091 8590.61 6862.45 
6387.49 2373.51 6590.3 257.919 0.909091 8497.22 6791.07 
6291.46 2371.54 6497.74 258.307 0.909091 8512.2 6685.6 
6208.39 2364.92 6481.44 257.416 1.09091 8453.79 6972.07 
6472.69 3172.75 7142.79 267.009 1.09091 9008.8 7702.71 
6236.85 3196.26 7212.18 266.279 1.09091 9099.04 7763.61 
6121.26 3187.85 7241.08 268.094 1.09091 9253.44 8500.13 
5971 3281.04 7170 270.683 1.09091 9270.69 8455.72 
5970.21 3292.88 7089.92 274.199 1.09091 9201.7 7850.68 
5912.56 3277.79 7232.7 272.955 1.09091 9371.47 8153.25 
5915.33 3262.86 7192.8 279.091 1.09091 9430.97 7995.85 
5724 3230.95 7191.37 282.627 1.09091 9412.25 7724.49 
5687.83 3259.24 6983.37 282.484 1.09091 9295.17 7770.21 
5775.12 3241.32 7212.41 285.568 1.09091 9286.71 7847.92 
5576.14 3190.04 7187.48 282.491 1.09091 9282.43 7987.4 
5517.12 3208.53 7176.4 282.137 1.09091 9153.71 7592.41 
5529.83 3212.5 7062.23 283.306 1.09091 9164.1 7354.07 
5403.64 3109.36 7071.4 282.807 1.09091 9079.7 7325.02 
5352.87 3138.25 5767.51 282.044 1.09091 10045.4 6432.16 
5407.72 3110.29 6190.01 277.604 1.09091 10191.6 6628.28 
5410.63 2855.96 5988.53 276.439 0.909091 10040 6459.59 
5642.78 2706.57 6041.61 276.564 0.909091 9962.41 6565.43 
5552.78 2692.82 6116.52 275.243 0.909091 9940.67 6567.34 
5590.64 2656.25 6264.31 278.615 0.909091 10016.3 6737.32 
5608.61 2586.13 6287.28 278.073 0.909091 9983.81 6685.86 
5646.97 2768.5 6467.46 279.218 0.909091 10210.1 6743.04 
5895.69 2986.79 6273.31 284.395 0.909091 10147.7 6352.43 
6094.65 3011.35 6380.09 280.885 0.909091 10103.5 6468.3 
6456.31 2859.83 6650.28 277.799 0.909091 10161.3 6668.73 
6588.88 2921.41 6686.29 278.241 0.909091 10073.1 6628.21 
6679.47 3107.03 6607.2 279.625 0.909091 10036.1 6553.92 
6691.22 3140.12 6608.01 277.153 0.909091 10052.1 6513.99 
6778.19 3049.3 6651.66 277.559 0.909091 10042.9 6499.05 
6759.75 2747.35 6941.77 301.873 0.909091 10173.4 6417.68 
6817.27 2480.74 6970.65 312.685 0.909091 10068.3 6547.13 
7000.84 2407.3 6933.11 338.856 0.909091 10120.3 6525.32 
9146.71 2158.59 6909.35 322.383 0.909091 9935.33 6492.02 
9586.23 2508.22 6528.43 273.114 1.09091 10091.6 5979.99 
10831.9 2456.27 6293.52 267.346 1.09091 10117.7 5832.09 
11163.2 2401.1 6328.91 268.233 1.09091 10188.1 5821.18 
11321.2 2232.73 6268.78 262.615 1.09091 10207.6 5874.3 
11318.3 2215.42 6303.06 263.1 1.09091 10164.4 5953.18 
11279.4 2147.51 6285.47 264.707 1.09091 10137.3 5943.67 
12128.8 1772.63 6245.7 269.724 1.09091 9987.22 5981.67 
12412 1389.32 6256.68 271.922 1.09091 9841.34 6097.88 
12682.1 1268.84 6197.19 271.531 1.09091 9804.55 6054.41 
13078.6 1296.44 6132.57 270.217 1.09091 9667.47 6005.74 
13018.9 1148.7 6279.78 269.109 1.09091 9762.41 5943.16 
12544.3 1104.1 6385.43 269.568 1.09091 9820.74 5981.95 
12205.7 1078.41 6340.15 259.907 1.09091 9902.75 5903.21 
12984.4 988.607 6419.08 261.087 1.09091 10006.3 5887.67 
12906.6 934.417 6393.3 272.048 0.909091 10157.7 5845.74 
12915.3 927.587 6485.96 271.627 0.909091 10200.1 5875.32 
13268.6 775.843 6480.73 272.028 0.909091 9924.83 5701.86 
12723.1 744.341 6488.77 251.699 1.09091 9980.12 5494.18 
13034.1 739.336 6520.54 249.803 1.09091 9904.44 5331.04 
13104.3 851.698 6692.25 252.778 1.09091 9907.03 5375.65 
12008.3 824.532 6636.07 255.049 1.09091 10094.6 5311.66 
11667.1 821.367 6624.19 254.618 1.09091 10168.8 5230.45 
11264.7 758.017 6634.31 254.675 1.09091 10186.8 5226.62 
10754.4 768.833 6463.51 251.28 1.09091 10211.1 4919.38 
10394.2 535.614 7983.81 261.813 1.09091 10387.2 5726.99 
10211.1 496.589 8073.25 267.537 1.09091 10458.2 5721.11 
9810.66 435.185 8032.94 285.19 1.09091 10639.8 5526.33 
8724.37 416.559 7905.63 288.145 1.09091 10806.4 5503.32 
8400.46 404.936 7833.06 290.878 1.09091 10791.9 5634.49 
7806.92 353.356 7859.96 287.21 1.09091 10701.5 5711.81 
7308.43 373.738 7844.07 279.307 1.09091 10821.2 5683.7 
6987.07 371.645 7721.24 276.222 1.09091 10969.1 5487.63 
6929.49 360.826 7852.22 287.966 0.909091 10885.2 5515.87 
6709.03 329.005 7901.65 288.572 0.909091 10871.2 5567.38 
5231.62 322.259 7984.29 276.393 1.09091 10744.3 5612.19 
4467.51 318.713 8081.77 271.278 1.09091 10784.1 5640.97 
3904.5 333.271 8095.96 270.344 1.09091 10796.9 5694.36 
3188.08 325.652 7918.65 279.239 1.09091 10668.6 5691.71 
2970.57 327.234 7867.78 280.507 1.09091 10619.5 5786.64 
2936.76 329 7893.55 280.773 1.09091 10668 5826.99 
2925.57 331.421 7937.99 284.217 1.09091 10804.1 5853.04 
2144.92 330.523 7912.84 279.44 1.09091 10804.2 5859.11 
1906.77 330.663 7948.09 284.491 1.09091 10788.3 5906.34 
1724.67 336.293 7933.09 289.201 1.09091 10727.6 5806.83 
1497.97 332.75 7976.32 290.872 1.09091 10734.8 5872.84 
1498.26 345.023 7989.07 300.754 1.09091 10773.1 5855.36 
1588.41 360.088 7880.79 305.782 0.909091 10654.5 5918.14 
1422.36 367.064 7829.67 313.265 0.727273 10804.9 5900.04 
1366.92 366.886 7787.25 316.33 0.727273 10829 5877.17 
1263.51 364.038 7845.08 320.562 0.727273 10854.6 5936.69 
1242.78 386.48 7718.11 312.474 0.909091 10729.8 5998.69 
1139.59 379.669 7614.1 296.888 0.909091 10606.9 5890.41 
2128.46 558.184 7827.02 298.68 0.909091 9888 6144.08 
2163.17 565.589 7860.93 298.452 0.909091 9838.42 6144.32 
2000.9 561.341 7875.32 304.297 0.909091 9878.69 6256.28 
1991.43 561.062 7891.87 309.271 0.909091 9910.67 6285.77 
2021.52 607.381 7889.2 312.609 0.909091 9932.71 6321.19 
1990.48 608.385 7991.48 306.581 0.909091 9932.24 6386.83 
1929.01 588.458 8299.53 305.003 0.909091 9927.43 7308.79 
1911.07 572.717 7804.04 344.771 0.727273 9473.88 6518.45 
1995.3 577.129 7948.4 309.661 0.909091 9563.98 6475.61 
1997.42 565.874 7997.86 311.71 0.909091 9564.37 6490.77 
1984.44 552.787 7982.52 308.461 0.909091 9485.65 6491.32 
1949.4 556.31 7987.39 307.486 0.909091 9536.08 6549.36 
2048.52 572.835 8113.96 300.36 0.909091 9813.96 6593.99 
1814.6 618.348 7921.44 292.651 0.909091 9644.5 6729.93 
1718.53 588.323 7854.46 286.239 0.909091 9487.64 6604.59 
1750.02 563.833 7943.06 289.824 0.909091 9676.99 6722.35 
1729.92 523.034 8046.55 294.729 0.909091 9619.51 6809.99 
1728.15 518.889 8093.14 295.009 0.909091 9628.15 6789.5 
1676.26 494.735 8238.69 302.679 0.909091 9568.08 6775.93 
1487.89 489.808 8658.95 311.183 0.909091 10241.1 7004.4 
1394.28 472.461 8573.61 305.722 0.909091 9524.92 6956.15 
1231.09 472.501 8569.2 296.894 0.909091 10026.1 6983.28 
1103.35 480.209 8651.41 321.425 0.727273 9905.16 7097.75 
1003.6 464.256 8852.65 323.034 0.727273 10030.1 7019.84 
919.216 431.683 8905.86 322.814 0.727273 10148 6902.99 
883.744 461.621 8878.53 319.539 0.727273 9700.74 6677.14 
735.044 428.152 8755.09 292.199 0.909091 9567.47 6778.11 
750.02 417.782 8478.95 279.329 0.909091 8813.83 6953.35 
754.212 408.356 8768.89 307.635 0.727273 10375.1 7991.28 
773.136 439.276 9532.96 329.483 0.727273 9587.78 7693.98 
788.027 433.784 9583.49 333.696 0.727273 9307.89 7711.13 
767.782 423.513 9510.5 333.865 0.727273 9381.37 7987.56 
770.501 434.488 9581.38 341.746 0.727273 9225.49 7882.05 
757.937 467.605 10542.7 337.277 0.727273 9571.55 9172.28 
788.815 451.486 9530.62 437.127 0.363636 8593.53 7344.41 
773.268 446.448 9453.6 393.948 0.545455 8877.92 7097.65 
763.77 444.351 9468.88 391.626 0.545455 9087.23 7188.65 
691.014 438.856 9523.77 393.314 0.545455 9122.49 7378.11 
1761.67 534.726 8908.32 346.022 0.727273 8692.39 6962.3 
1797.37 520.789 9197.65 344.183 0.727273 8581.29 7726.92 
1786.26 512.295 9045.48 343.904 0.727273 8198.82 7208.56 
1716.13 496.006 8981.92 340.653 0.727273 8378.39 7154.12 
1721.25 485.218 8990.23 346.624 0.727273 8501.14 7046.94 
1736.61 473.562 8878.78 338.33 0.727273 8551.1 6927.53 
1792.86 466.599 9088.46 337.551 0.727273 8667.95 6944.64 
1739.27 481.254 9427.68 334.458 0.727273 8810.66 7642.43 
1815.79 463.479 9094.94 327.142 0.727273 8639.32 7277.1 
1836.3 455.124 9104.75 361.395 0.727273 8219.7 7354.51 
1860.16 455.053 9137.4 384.289 0.727273 7780.66 7231.41 
1871.6 456.758 9176.64 385.2 0.727273 7791.06 7235.39 
1867.63 457.773 8809.23 431.565 0.545455 7188.71 6680.69 
1837.43 463.637 8793.45 360.715 0.727273 7240.97 6666.01 
1865.92 463.038 9014.26 344.86 0.727273 9727 7472.61 
2139.22 477.661 9412.28 391.267 0.545455 10259.9 7870.76 
5927.75 1519.27 8672.26 393.167 0.545455 9196.58 7157.2 
5910.91 1515.57 8693.87 395.353 0.545455 9259.8 7191.65 
7479.65 1607.75 8748.44 406.732 0.545455 8539.49 6463.31 
7457 1591.37 8910.46 417.853 0.363636 8430.62 6615.77 
7522.81 1586.24 8905.29 418.488 0.363636 8466.38 6608.07 
7521.88 1595.67 8924.83 423.122 0.363636 8587.62 6666.31 
7499.12 1603.34 8928.07 423.302 0.363636 8656.87 6743.22 
7494.19 1597.21 8918.68 423.898 0.363636 8708.76 6669.86 
7485.49 1601.72 8916.94 418.547 0.363636 8693.22 6524.24 
7509.33 1590.78 8775.51 420.222 0.363636 8731.83 6483.33 
7488.16 1585.1 8782.36 421.241 0.363636 8687.88 6582.38 
7479.61 1587.46 8876.49 429.22 0.363636 8620.59 6724.93 
7428.18 1605.59 8911.05 421.921 0.363636 8719.9 6808.31 
7386.65 1594.12 8949.25 428.387 0.363636 8796.54 6790.26 
7383.02 1601.54 8922.58 429.216 0.363636 9019.28 6878.78 
7393.3 1604.4 8931.73 429.85 0.363636 9255.35 6936.48 
7427.64 1607.69 9030.43 436.188 0.363636 9414.47 7028.58 
7422.83 1609.39 8981.54 438.983 0.363636 9467.5 6915.74 
7425.75 1599.39 8990.28 440.006 0.363636 9563.21 6882.44 
7459.8 1601.01 8992.59 429.68 0.363636 9604.15 6885.52 
7433.34 1613.79 8911.29 418.887 0.363636 9658.52 6768.95 
7426.44 1612.11 8857.36 414.887 0.363636 9439.26 6653.01 
7419.07 1609.68 8892.52 414.896 0.363636 9385.66 6649.73 
7472.48 1606.7 8907.12 418.735 0.363636 9149.78 6669.39 
7502.44 1607.9 8840.14 415.598 0.363636 8942.84 6729.45 
7393.09 1600.46 8605.87 395.616 0.545455 8446.88 6618.42 
7388.48 1624.29 8454.46 398.319 0.545455 8291.48 6560.06 
7285.73 1592.88 8831.69 404.636 0.545455 8137.19 7489.37 
7304.3 1608.92 8301.67 458.683 0.363636 7827.26 6571.98 
7308.6 1613.5 8222.17 460.142 0.363636 7885.19 6540.29 
7305.53 1568.55 7953.75 400.464 0.545455 7711.39 6432.81 
7233.63 1546.5 7862.53 400.367 0.545455 7695.8 6235.94 
7180.58 1656 7839.69 397.676 0.545455 8140.5 7276.2 
7593.83 1639.6 7488.25 439.225 0.363636 7671.13 6076.59 
7528.1 1613.45 7680.32 394.293 0.545455 7999.99 6428.68 
7494.41 1614.21 7768.46 390.595 0.545455 8120.86 6453.68 
7495.19 1619.66 7650.04 390.92 0.545455 8169.98 6373.15 
6951.68 1528.07 7513.42 445.903 0.363636 8192.26 6145.03 
6866.54 1583.94 8341.87 403.247 0.545455 8946.7 6604.38 
7036.45 1605.21 7879.92 388.046 0.545455 8696.42 6686.97 
7154.89 1608.58 8053.81 391.462 0.545455 8980.11 7051.9 
7055.58 1583.5 8170.14 388.039 0.545455 8837.28 6670.74 
7027.38 1589.64 8229.67 385.892 0.545455 8795.98 6825 
6861.13 1543.34 7789.62 378.02 0.545455 8479.95 6759.54 
6842.46 1577.6 7829.51 410.246 0.363636 8641.4 7176.62 
12476.6 2240.26 6762.99 423.279 0.363636 8808.57 6518.49 
17432.3 2831.51 4990.82 415.313 0.363636 6326.69 4677.29 
17315.9 2794.43 4725.47 406.407 0.363636 6721.02 4072.56 
17497.2 2804.92 4384.61 411.848 0.363636 5970.3 4044.15 
22685.3 3629.75 3458.16 434.11 0.181818 7253.8 4803.12 
22829.7 3629.27 3232.75 426 0.181818 7205.97 4461.86 
23870.9 3922.71 2954.04 474.452 0 5182.87 3182.6 
23977.1 4082.01 2817.75 495.065 0 4446.12 2428.01 
23949.4 4104.07 2809.9 444.801 0.181818 4489.82 2486.64 
26220.8 4503.74 2845.54 467.301 0.181818 4638.79 2625.58 
36020.2 6038.81 1600.45 479.539 0 3970.12 1250 
