0.1 no_run 2 1 649
0.2 1_run 7 650 1799
0.3 1_wide 14 1800 2699
0.3(2) no_run 14 2700 2899
0.4 FOUR 20 2900 3799
0.5 no_run 29 3800 4899
0.6 no_run 36 4900 7299
1.1 no_run 69 7300 8399
1.2 1_run 77 8400 9449
1.3 no_run 83 9450 10749
1.4 no_run 89 10750 11849
1.5 no_run 94 11850 12999
1.6 SIX 104 13000 14649
2.1 FOUR 115 14650 15399
2.2 FOUR 122 15400 16349
2.3 1_run 168 16350 16949
2.4 SIX 173 16950 17959
2.5 1_run 178 17960 18619
2.6 1_run 185 18620 20599
3.1 SIX 201 20600 21779
3.2 2_runs 204 21780 23019
3.3 FOUR_no_ball 208 23020 24459
3.3(2) SIX 208 24460 25759
3.4 1_run 213 25760 26959
3.5 1_run 220 26960 27999
3.6 no_run 222 28000 29999
4.1 1_leg_bye 248 30000 31179
4.2 1_run 250 31180 32219
4.3 FOUR 257 32220 33159
4.4 1_run 260 33160 34039
4.5 OUT 270 34040 37479
4.6 no_run 274 37480 39299
5.1 no_run 298 39300 40099
5.2 FOUR 306 40100 41159
5.3 no_run 311 41160 41919
5.4 1_leg_bye 317 41920 43219
5.5 1_run 323 43220 44139
5.6 no_run 326 44140 45679
6.1 1_run 342 45680 46659
6.2 no_run 348 46660 47399
6.3 no_run 357 47400 48199
6.4 1_run 361 48200 49139
6.5 1_run 366 49140 49919
6.6 no_run 374 49920 52199
7.1 1_run 394 52200 53299
7.2 1_wide 402 53300 54579
7.2(2) FOUR 402 54580 55619
7.3 no_run 407 55620 56719
7.4 FOUR 417 56720 57859
7.5 no_run 421 57860 58819
7.6 2_runs 430 58820 59579
Break TIME 8 59580 65619
8.1 no_run 463 65620 66199
8.2 no_run 474 66200 66759
8.3 no_run 569 66760 67359
8.4 1_run 485 67360 68039
8.5 no_run 492 68040 68829
8.6 2_runs 498 68830 70739
9.1 no_run 538 70740 71759
9.2 1_run 544 71760 72899
9.3 no_run 548 72900 73859
9.4 1_run 552 73860 75039
9.5 1_run 558 75040 76129
9.6 2_runs 564 76130 78309
10.1 1_run 593 78310 79159
10.2 1_run 596 79160 79919
10.3 1_run 602 79920 80759
10.4 no_run 607 80760 81459
10.5 SIX 612 81460 82499
10.6 no_run 616 82500 84319
11.1 no_run 629 84320 84939
11.2 SIX 635 84940 86479
11.3 2_runs 641 86480 87239
11.4 no_run 645 87240 87719
11.5 no_run 650 87720 88519
11.6 OUT 656 88520 91639
12.1 FOUR 685 91640 92939
12.2 no_run 687 92940 93619
12.3 1_run 693 93620 94699
12.4 no_run 696 94700 95679
12.5 no_run 701 95680 96519
12.6 no_run 707 96520 98119
13.1 1_run 719 98120 99699
13.2 no_run 723 99700 100719
13.3 1_run 729 100720 101739
13.4 1_run 737 101740 102779
13.5 no_run 745 102780 103779
13.6 no_run 749 103780 105299
14.1 1_run 777 105300 106899
14.2 1_run 782 106900 107699
14.3 1_run 787 107700 108539
14.4 1_run 791 108540 109319
14.5 1_run 795 109320 110179
14.6 no_run 799 110180 111639
15.1 1_run 824 111640 112799
15.2 SIX 828 112800 113799
15.3 1_run 830 113800 114779
15.4 1_run 837 114780 115799
15.5 1_run 843 115800 116949
15.6 1_run 858 116950 117599
Break TIME 16 117600 122249
16.1 no_run 951 122250 123029
16.2 1_wide 956 123030 123849
16.2(2) no_run 956 123850 124549
16.3 no_run 960 124550 125259
16.4 1_run 964 125260 126399
16.5 1_run 969 126400 127349
16.6 OUT 974 127350 130199
17.1 no_run 1008 130200 131049
17.2 FOUR 1011 131050 131949
17.3 no_run 1015 131950 132699
17.4 1_run 1018 132700 133899
17.5 1_run 1021 133900 134699
17.6 1_run 1025 134700 136819
18.1 no_run 1036 136820 137649
18.2 FOUR 1040 137650 138824
18.3 no_run 1044 138825 139824
18.4	SIX	1048	139825	140001