1259
36934.4 7056.48 1665.16 439.139 0 857.813 1728.02 
37053.9 7085.12 1681.24 440.951 0 866.133 1734.72 
36911.5 7126.82 1683.48 440.181 0 889.475 1748.53 
37336.2 7268.64 1708.17 440.446 0 889.372 1793.1 
37823.6 7483.14 1673.03 440.009 0 888.612 1763.16 
38193.4 7629.59 1678.84 440.956 0 902.727 1752.48 
38211.3 7575.86 1681.97 440.369 0 894.782 1759.06 
38381.5 7580.77 1680.28 439.496 0 882.342 1768.04 
38600.1 7581.17 1700.35 439.981 0 882.871 1774.78 
39160.6 7762.8 1678.38 440.607 0 870.964 1784.79 
39026.2 7838.84 1664.46 437.763 0 891.422 1800.67 
39566.6 8076.25 1668.25 437.577 0 906.01 1805.5 
39588.6 8371.9 1678.58 441.877 0 924.491 1810.69 
39859.9 8478.12 1692.73 441.178 0 933.875 1831.97 
40004.1 8441.07 1705.65 441.115 0 930.766 1823.7 
40027.9 8454.18 1708.31 441.055 0 927.243 1825.2 
39426.9 8708.17 1709.83 441.255 0 938.4 1790.93 
39477.6 8834.42 1728.41 441.523 0 948.484 1802.55 
39515.4 8965.08 1718.13 442.387 0 943.047 1773.99 
39275 9135.57 1704.95 439.226 0 930.838 1755.93 
39088.4 9246.63 1721.47 437.176 0 947.241 1775.37 
39093 9227.2 1729.72 436.275 0 945.156 1782.79 
39169.4 9291.99 1709.67 436.279 0 954.463 1779.45 
55338.6 13170.2 263.125 429.453 0 482.681 332.915 
55146.2 13228.4 264.31 430.598 0 457.904 328.816 
54903.2 13240.9 268.768 429.693 0 484.014 331.672 
55742.4 13629.7 283.915 424.145 0 487.719 333.828 
55173.2 13690 278.201 423.165 0 508.82 339.479 
56269.1 14046.8 279.307 429.645 0 475.68 366.986 
56280.4 14191.6 280.946 433.088 0 465.096 357.97 
55594.6 14711.9 296.993 436.751 0 459.314 369.521 
55915.9 15191.8 289.538 437.925 0 449.023 387.961 
55410.1 15388.3 299.182 437.078 0 459.299 392.77 
55038.5 15781 291.572 436.568 0 478.318 395.013 
55308 16183.9 301.53 437.55 0 485.971 412.469 
55053.6 16309.2 293.061 438.659 0 452.764 451.653 
55302.8 16324.3 291.518 439.996 0 441.456 435.807 
54784.2 16769.4 276.383 439.581 0 480.524 424.323 
54630.7 17437.1 287.736 442.909 0 543.563 441.526 
54241.1 17683.2 298.661 443.043 0 509.489 457.761 
53794.5 18179.7 306.76 445.779 0 494.814 463.87 
53898.6 18521.5 293.851 446.281 0 491.078 457.164 
54157.6 18439.8 288.049 448.464 0 487.143 465.304 
53246.2 18661.4 301.956 446.636 0 485.13 467.906 
53809.4 19495.6 283.07 446.251 0 509.131 486.697 
54295.5 19721.9 289.684 441.168 0 559.6 478.783 
53415.9 20175.9 295.729 444.094 0 650.755 510.76 
54039.8 20302 275.853 445.103 0 616.635 562.805 
54613.1 20124.2 301.116 466.272 0 547.136 619.557 
54132 20258.3 290.706 471.698 0 551.632 628.264 
53931.2 20503.2 285.682 468.5 0 592.555 591.692 
54663.6 20549.5 300.213 469.033 0 521.654 701.232 
55774.2 20587.2 308.767 469.846 0 567.265 762.295 
55952.6 20342.3 329.333 469.315 0 636.871 691.014 
57222.6 19578.2 344.826 471.863 0 635.875 724.404 
57779.6 19880.2 343.31 470.151 0 670.458 735.492 
57831.8 20247.1 336.036 475.637 0 726.747 721.321 
57860.2 20427.3 339.214 472.986 0 741.625 704.983 
59358.4 18115.6 335.324 473.684 0 805.477 913.095 
57768.6 18810.2 355.65 471.667 0 868.815 859.223 
58461.5 18239.6 342.527 470.944 0 897.452 921.908 
58930.4 16907.3 351.423 473.101 0 819.625 999.15 
59069.6 17147.1 355.979 475.36 0 865.242 898.398 
58736.7 17320.2 348.072 475.633 0 804.763 890.724 
59709.7 17029.6 354.313 475.339 0 791.194 871.79 
62645.9 10963.4 309.13 474.284 0 602.694 573.76 
63664.8 9791.5 286.541 475.373 0 533.362 440.308 
56778.1 9546.87 303.165 475.099 0 406.869 439.617 
47491.8 9773.85 265.69 468.483 0 334.13 414.601 
43493.4 9812.83 257.099 467.266 0 338.508 400.749 
44784.2 9987.73 264.115 469.204 0 419.339 396.061 
45153.9 9669.09 267.621 469.128 0 405.558 392.891 
37397.2 9700.68 305.954 462.34 0 447.292 508.49 
36434.7 9846.6 258.057 467.036 0 427.324 370.561 
35750.3 9848.79 297.151 466.96 0 438.862 451.822 
37236.9 3215.63 277.827 446.547 0 209.506 517.318 
37044.3 3278.62 260.592 446.781 0 219.924 512.333 
37737.6 3654.56 253.254 448.473 0 217.611 516.942 
37651.9 3945.72 254.997 448.428 0 221.03 505.997 
37332.9 3962.65 235.623 450.002 0 223.453 461.778 
37674.1 5208.11 231.85 450.104 0 207.224 426.604 
37533.8 5384.47 239.534 450.658 0 208.474 448.232 
36878.4 5578.95 258.004 448.979 0 231.031 452.285 
36948 5424.92 282.098 450.215 0 240.48 492.766 
36396.8 5245.31 299.819 451.707 0 253.739 496.337 
36453.7 4912.05 280.379 452.074 0 216.505 456.478 
35457.4 5160.16 281.573 448.328 0 234.035 479.515 
34589.3 5180.99 303.687 451.307 0 220.753 540.328 
34048.2 4987 290.431 447.983 0 235.202 496.971 
33640.1 5388.54 285.758 447.615 0 242.775 472.849 
33809.3 5377.51 290.65 447.31 0 247.835 491.86 
33491.3 5323.46 330.891 450.435 0 305.043 533.643 
34598.4 5324.46 318.567 451.492 0 300.741 534.586 
35091.7 5512.04 353.482 450.962 0 291.527 626.268 
35459.5 5405.01 337.087 450.838 0 289.169 622.17 
35680.1 5383.28 335.225 451.842 0 310.29 605.029 
36697.4 4680.9 301.773 452.52 0 302.532 565.208 
37155.2 4266.85 308.42 453.987 0 328.656 568.273 
39830.7 2894.26 292.731 452.086 0 313.619 586.204 
40281 2720.97 293.606 451.776 0 322.323 563.667 
40123 2729.72 297.75 452.35 0 342.232 631.122 
41109 2423.66 294.182 451.267 0 346.493 586.677 
41296 2299.92 323.699 451.173 0 343.615 660.458 
42352.8 1807.27 332.053 451.047 0 351.931 659.138 
42436.8 1347.63 314.845 451.359 0 335.315 666.457 
42618.6 1143.51 306.48 450.328 0 344.691 666.294 
43007.8 589.674 298.906 451.493 0 330.903 667.921 
42927.1 481.545 278.526 451.02 0 301.052 609.438 
42432.9 403.09 267.938 452.299 0 275.99 593.19 
40666.6 420.984 245.161 454.263 0 258.594 602.147 
39683.7 431.246 240.091 451.555 0 238.388 621.512 
39555 387.016 240.4 450.73 0 229.134 632.412 
33984.2 348.134 209.844 451.812 0 172.941 574.28 
32516.2 299.188 210.744 451.193 0 170.965 573.299 
30594.4 278.021 232.102 454.652 0 178.757 633.056 
29402 226.821 233.909 454.914 0 179.493 645.465 
29522.4 230.046 235.203 454.819 0 189.94 629.88 
27513.4 184.279 234.551 454.764 0 191.911 627.07 
26791.4 158.824 242.616 441.242 0 185.942 634.589 
23969.1 134.522 242.184 440.016 0 186.851 633.771 
23163 133.659 241.913 440.109 0 186.579 633.872 
20655 195.887 4256.91 465.139 0 5082.03 3439.91 
17158.8 178.544 4379.76 461.727 0 5134.49 3410.49 
15989 155.93 4615.65 462.972 0 5212.62 3716.09 
12290.5 149.027 4850.74 462.034 0 5368.91 4008.04 
10793.4 163.883 4987.08 467.291 0 5392.25 4019.06 
9717.86 163.934 4987.19 466.095 0 5393.32 4020.11 
6012.51 166.189 4970.45 471.674 0 5390.95 4049.3 
5415.96 113.027 5212.87 415.092 0 5652.48 4324.82 
4120.04 119.021 5070.56 363.568 0 5523.43 4334.64 
3212.87 128.694 5249.61 356.976 0 5386.85 4422.98 
2832.22 136.631 5265.86 352.411 0 5400.68 4676.25 
2799.74 120.518 5196.31 350.47 0 5341.36 4508.54 
1559.45 120.788 5203.16 379.096 0 5343.34 4457.52 
1338.14 119.023 5184.96 402.885 0 5340.7 4442.84 
1265.91 83.4188 4952.46 417.633 0 5146.91 4463.57 
1068.67 83.8723 4948.46 545.24 0 5075.88 4492.1 
1079.65 77.4803 5040.27 545.041 0 5055.83 4711.33 
690.684 78.5658 4824.97 357.235 0 4898.87 4645.99 
735.239 73.7101 4937.51 371.1 0 4933.28 4626.31 
527.839 74.9714 4944.09 409.285 0 4937.46 4579.87 
435.262 74.2434 4941.58 420.062 0 4933.2 4573.34 
425.247 74.6794 4819.94 422.353 0 4853.15 4199.27 
284.747 77.0124 4769.86 430.865 0 4828.42 4026.81 
255.708 75.5344 4751.14 429.375 0 4839.96 4146.24 
219.917 79.831 4687.5 444.822 0 4744.02 4044.91 
184.247 74.2999 4573.01 454.982 0 4715.98 3952.91 
169.697 74.4791 4574.49 454.324 0 4720.26 3951.92 
152.709 75.0964 4594.62 455.135 0 4723.36 3960.21 
91.1635 76.1092 4382.53 427.763 0 4688.93 3895.85 
89.7333 87.2019 4510.89 430.223 0 4752 3919.21 
95.6567 90.3402 4518.7 427.57 0 4822.84 3859.6 
65.7908 99.9545 4535.9 425.589 0 4834.71 3864.33 
59.1622 110.282 4366.55 424.605 0 4837.01 3740.05 
75.1027 114.978 4424.54 430.193 0 4895.3 3758.79 
68.4736 103.099 4454.3 431.96 0 4935.23 3777.6 
32165.2 196.041 299.823 406.607 0 599.323 194.137 
32068.5 199.763 325.089 410.034 0 610.502 214.254 
31905.2 205.303 348.892 409.026 0 612.599 230.257 
31044.5 247.175 402.36 413.016 0 628.992 240.828 
30735.2 249.033 411.055 411.348 0 643.545 265.615 
30774.4 276.279 416.913 410.331 0 654.562 262.633 
30717 279.357 408.754 409.322 0 647.191 264.318 
29861.7 275.04 399.326 409.295 0 630.238 262.102 
30196.3 309.628 462.743 423.681 0 679.764 401.813 
30333.9 315.554 477.719 420.602 0 724.669 441.494 
30053.3 288.914 483.318 430.047 0 702.413 469.278 
29982 292.855 510.105 428.52 0 711.243 535.658 
29972.4 293.135 523.057 420.691 0 726.529 557.512 
29941.6 293.349 787.784 423.971 0 894.062 732.109 
29801.7 320.489 896.288 417.086 0 960.61 798.107 
29856.5 319.569 1088.39 427.141 0 1009.41 861.649 
30002 340.188 1242 431.057 0 1124.11 929.822 
29906.1 339.323 1307.2 435.332 0 1164.03 953.873 
29794.3 332.577 1319.47 444.712 0 1129.81 967.747 
29783.4 337.667 1368.06 442.305 0 1162.38 986.943 
29887.7 354.102 1395.02 442.668 0 1200.03 991.773 
28983.4 382.413 1427.05 456.521 0 1232.41 1034.29 
28864.3 370.208 1470.61 459.492 0 1279.88 1030.01 
28910.8 368.848 1473.66 464.113 0 1306.19 1017.66 
29530.4 358.694 1500.7 480.238 0 1331.52 1117.15 
29152.3 351.896 1526.05 481.072 0 1360.35 1088.16 
76070.8 411.086 264.32 460.909 0 536.739 384.839 
76079.8 411.536 258.571 459.73 0 533.488 395.604 
76443.6 417.984 283.378 459.652 0 532.237 428.7 
75813.2 412.086 258.917 460.608 0 487.352 459.646 
76031.7 409.516 249.638 455.776 0 494.745 443.318 
74749.8 406.683 243.053 447.881 0 549.312 379.311 
75224.8 402.057 264.654 447.573 0 522.076 390.747 
75056.5 401.925 250.792 448.605 0 506.128 379.098 
75508.4 395.768 271.185 448.191 0 529.142 384.672 
75550 416.023 280.578 451.387 0 567.049 384.807 
76023.9 424.397 251.613 394.348 0 598.05 363.85 
75709.5 430.496 264.926 368.181 1 617.362 352.548 
76150.2 417.402 269.832 358.709 1 630.978 363.883 
76445.8 414.111 271.54 355.492 1 640.503 372.995 
75822 434.318 301.151 355.035 1 634.122 392.146 
75513.8 443.988 287.619 353.081 1 623.729 394.495 
75650 448.125 298.052 379.378 1 645.597 427.456 
75298.5 451.359 283.781 390.774 0 634.648 454.784 
75777.5 444.928 280.549 408.652 0 641.909 459.464 
75534.1 455.024 273.515 544.675 0 666.138 503.92 
74901.9 459.408 296.821 367.049 1 690.396 519.811 
75866.6 455.065 290.069 367.164 1 692.301 528.261 
75569.6 451.125 294.228 367.19 1 691.318 534.468 
75723 474.76 295.479 355.486 1 732.987 556.081 
75965.9 463.335 307.677 338.357 1 734.046 537.281 
76307.8 450.742 304.68 351.083 1 759.393 539.596 
76893 463.439 302.698 362.524 0 745.367 574.13 
77096.5 452.628 287.038 344.673 0 723.68 594.812 
77143.7 455.159 286.622 340.718 0 728.223 619.077 
77546.2 449.841 286.841 344.353 0 739.131 608.292 
76687.9 445.434 246.291 448.741 0 725.807 620.901 
77115.4 445.281 285.659 396.325 0 746.027 624.748 
77561.9 440.543 262.901 385.465 0 746.344 633.292 
77534 423.929 277.234 360.175 0 749.635 661.599 
77764.1 418.43 303.095 363.504 0 737.083 713.055 
77459.6 431.078 316.749 361.238 0 760.125 674.059 
77607.2 432.616 335.289 465.141 0 783.354 649.406 
77889.5 414.586 337.928 479.16 0 827.387 674.804 
78881.8 408.814 347.344 471.056 0 855.102 727.235 
78870 403.99 359.534 469.703 0 885.137 666.826 
78971.5 394.138 333.633 470.338 0 970.759 718.656 
78536.1 379.6 324.674 470.562 0 975.052 748.06 
78131 385.863 328.772 469.502 0 985.256 736.38 
78344.5 383.214 336.203 469.48 0 981.746 750.435 
79157.6 365.802 340.287 462.77 0 1096.8 737.568 
78998.2 365.972 332.164 460.333 0 1111.81 716.211 
79033.2 370.391 328.508 456.252 0 1119 725.98 
79553.1 382.872 348.978 460.503 0 1184.28 721.374 
79486.5 383.953 347.263 457.401 0 1154.75 751.691 
79437.3 387.331 350.306 457.12 0 1168.68 734.932 
80001.4 373.833 341.654 449.879 0 1156.19 752.334 
80266.4 384.797 357.977 452.891 0 1163.16 837.744 
80002.9 388.277 373.279 454.266 0 1168.44 844.57 
79735.5 387.823 358.505 453.707 0 1167.25 846.007 
79908.2 404.314 334.255 453.646 0 1207.18 856.654 
79823.8 398.079 340.003 453.424 0 1183.52 889.6 
79362.1 394.674 339.257 453.615 0 1188.48 893.715 
79549.7 393.279 357.638 453.404 0 1192.36 897.562 
79526.1 409.439 349.925 447.831 0 1021.81 880.367 
79640.6 404.576 333.867 447.616 0 1026.71 885.625 
79967.7 395.724 345.479 450.25 0 999.095 847.5 
81035 395.176 346.077 452.738 0 959.766 791.784 
81499 402.812 352.032 452.868 0 988.307 745.848 
34288.1 285.869 954.358 474.171 0 1896.63 9706.29 
34380.3 272.603 950.563 469.693 0 1758.8 9528.5 
34304.4 267.893 941.922 469.461 0 1594.79 9438.87 
34348.1 257.102 782.383 473.109 0 1200.18 9076.08 
34544.5 268.622 746.404 476.483 0 1118.03 8799.41 
35088.5 250.329 756.146 474.208 0 1114.26 8720.46 
34916.1 249.172 777.135 471.617 0 1196.71 8731.28 
34915.6 240.629 820.73 473.638 0 1264.16 8763.18 
34851.9 250.745 1009.36 474.563 0 2178.1 9382.07 
34916.8 269.934 1002.1 475.687 0 2413.79 9414.25 
34667.7 268.887 1060.14 478.468 0 2869.05 9753.24 
34766.9 270.2 1183.89 476.184 0 3122.22 9568.5 
34367.3 283.607 1184.26 476.458 0 3149.99 9539.75 
34038.3 279.853 1175.54 474.806 0 3148.17 9519 
34036.1 285.357 1299.97 467.608 0 2869.38 9061 
33854.4 278.329 1308.84 466.917 0 2537.67 8818.41 
34135.7 258.543 1321.88 467.81 0 2319.8 8422.48 
34090 259.491 1293.19 469.273 0 2285.05 8084.19 
34075.8 243.403 1297.57 468.328 0 2271.24 8094.37 
34378.3 241.442 1400.16 474.964 0 2206.21 7922.47 
34154.7 266.01 1442.62 475.39 0 2271.84 8079.51 
34174.8 272.348 1484.54 473.043 0 2030.07 8337.21 
34315.3 300.599 1530.62 474.378 0 2055.43 8330.74 
34424.6 313.96 1533 473.563 0 1992.58 8409.59 
34392.6 285.263 1590.57 476.043 0 1975.6 8921.09 
34202.2 273.685 1580.49 468.031 0 1959.42 8949.84 
34601.3 293.538 1684.27 468.659 0 1973.9 8847.96 
34653 302.459 1634.07 466.055 0 2062.7 8578.9 
34653 302.121 1701.76 467.393 0 2089.87 8366.7 
34747.2 570.034 1572.41 478.855 0 2892.11 7224.45 
34601.7 519.865 1535.54 478.163 0 2778.85 7308.98 
34080.3 490.173 1307.86 480.433 0 2663.42 7190.01 
34057.6 525.958 1266.68 475.81 0 2705.96 6984.28 
34316.8 449.648 1141.23 476.586 0 2678 6885.18 
34466.3 453.971 1162.43 478.455 0 2669.65 6879.54 
34506.7 474.54 1089.89 478.193 0 2681.13 6349.99 
34697.5 389.153 1126.13 478.533 0 2619.05 6350.89 
34931.4 334.928 1128.08 478.367 0 2641.04 6583.61 
35473.6 342.68 1176.26 477.622 0 2620.73 6660.97 
35526 350.005 1187.68 480.31 0 2599.27 6627.12 
35852.1 355.453 1224.77 479.984 0 2668.38 7506.81 
35857.5 362.344 1229.45 478.406 0 2714.85 7568.99 
35806.4 369.414 1790.99 475.693 0 2803.67 7928.69 
35714.2 360.145 1990.54 477.892 0 2825.76 7835.7 
35727.8 349.239 1990.33 477.659 0 2857.65 7840.07 
35951.6 392.237 2167.25 474.826 0 2933.01 7057.71 
36043.3 438.266 2095.25 478.174 0 2868.5 6946.64 
36256.4 410.257 2014.88 480.71 0 2746.19 6827.33 
35764.5 438.467 1967.13 457.128 0 2675 6858.94 
35756.6 414.19 1802.86 462.889 0 2443.81 6751.19 
35686 354.83 1643.68 457.21 0 2343.4 6616.48 
34707.6 327.543 1374.56 462.854 0 2338.27 6844.72 
34680.9 311.086 1334.22 463.687 0 2236.27 6825.86 
34600.8 324.165 1307.44 418.121 1 2319.65 6528.93 
34805.1 351.527 1422.34 401.612 1 2516.03 6385.78 
34485 356.628 1423.29 387.694 1 2502.92 6370.92 
34573.1 383.089 1448.96 386.192 1 2522.87 6385.47 
34663.2 351.674 1463.36 391.611 1 2360.41 6466.07 
164.047 323.577 6670.93 551.522 0 4472.37 10178.4 
147.64 244.644 6962.32 444.552 0 4565.52 10065.5 
154.715 240.586 6875.65 424.839 1 4634.06 10083.2 
133.573 214.562 6515.48 397.967 1 4052.33 8121.63 
119.601 252.568 6457.39 390.464 1 4165.17 8094.95 
148.605 261.341 6666.85 391.085 1 4132.63 8212.7 
138.486 235.5 6768.67 391.085 1 4296.4 8188.81 
130.749 214.759 7503.23 409.831 1 4596.41 10149.3 
142.483 127.663 7840.34 422.728 1 4510.95 10503 
116.224 193.682 7916.08 487.292 0 4631.71 10165.4 
143.949 126.116 7733.38 477.479 0 4603.14 10195.2 
130.87 207.586 7878.73 480.466 0 4766.82 10268.9 
120.911 221.035 7944.74 479.81 0 4829.19 9974.57 
185.464 269.368 7834.37 472.32 0 4825.45 9564.37 
198.679 318.358 7619.47 475.883 0 4867.84 9362.6 
149.203 201.639 7622.05 477.016 0 4764.46 9016.66 
136.28 195.584 7742.13 483.943 0 4620.44 8866.16 
124.808 183.855 7050.35 488.333 0 4566.19 8630.71 
115.517 177.65 7189.89 486.685 0 4596.34 8428.03 
101.134 151.229 6986.81 481.778 0 4547.55 8650.01 
88.8422 166.307 7004.04 482.652 0 4526.73 8619.86 
104.737 244.741 6834.09 481.971 0 5092.76 7910.88 
131.821 271.271 6853.79 481.635 0 5069.57 8440.32 
133.351 272.796 6382.39 483.512 0 4357.51 8660.37 
104.996 185.535 6279.28 477.958 0 4713.36 9136.92 
89.8438 177.037 6343.64 476.794 0 4680.7 9166.67 
76.1277 275.451 6225.61 477.885 0 4608.96 8792.75 
73.7093 240.744 6321.73 478.827 0 4676.23 8654.96 
78.9075 242.181 6360.71 479.712 0 5270.66 8442.33 
92.3123 229.221 6291.96 481.125 0 5227.14 8165.25 
125.015 221.219 6171 481.214 0 4477.98 8129.67 
127.552 136.391 6040.21 481.635 0 4894.25 7934.2 
136.421 134.429 6002.36 479.828 0 4925.94 7967.5 
140.917 112.226 5948.19 479.733 0 5012.79 7942.17 
172.393 128.405 6084.46 479.698 0 5084.9 7971.8 
193.996 230.064 6421.38 479.585 0 5067.21 8601.12 
164.795 184.531 6502.42 479.695 0 5234.51 8715.23 
118.624 211.547 6893 479.539 0 4807.85 8700.12 
81.9083 179.822 7397.4 479.243 0 5213.8 8501.95 
80.4177 148.005 7329.03 479.133 0 6137.5 8503.29 
121.668 186.415 7434.26 480.046 0 6122.86 9320.73 
164.066 190.314 7579.85 480.597 0 6207.5 9504.64 
138.092 287.917 7099.53 478.851 0 5246.67 9632.67 
120.276 253.132 7095.54 474.353 0 5433.21 9254.36 
119.491 250.503 6777.38 474.201 0 5515.41 9358.97 
87.6935 251.942 6735.12 473.627 0 5745.89 8996.95 
132.35 225.986 6937.99 471.928 0 5624.05 8787.77 
74.4535 252.604 7255.43 470.551 0 5343.96 8504.02 
93.6185 241.99 7153.59 469.784 0 5237.91 8320.54 
99.0369 300.491 7281.92 469.952 0 5002.75 7971.81 
51.9618 295.018 7149.43 466.824 0 4754.06 7811.03 
73.7446 313.87 7099.89 468.269 0 4468.04 7906.67 
57.4054 282.016 7010.23 470.531 0 4392.27 7694.17 
85.4307 228.792 6787.78 468.186 0 5114.73 7337.46 
91.0532 197.565 6732 470.042 0 5054.15 7213.13 
48.4093 173.234 6705.2 466.167 0 4967.5 7344.86 
52.4738 215.22 6747.06 469.241 0 4453.57 7130.49 
91.179 194.75 6528.96 468.944 0 4495.01 7097.17 
47.3279 197.204 6233.57 469.212 0 4231.88 7053.7 
43.6813 171.988 6084.94 474.489 0 4131.1 7008.52 
36.8659 147.617 5772.12 463.192 0 4118.28 7148.18 
89.9666 176.418 6023.52 463.237 0 4038.3 7385.3 
118.781 183.382 6179.24 469.246 0 4116.05 7610.46 
106.262 151.68 6900.12 494.181 0 4293.47 8099.28 
96.6464 148.863 7013.95 495.297 0 4354.09 8156.72 
102.185 150.012 6887.47 513.204 0 4493.92 8134.05 
152.583 141.159 7205.92 520.546 0 4665.27 8365.04 
96.5901 138.578 7428.28 525.511 0 4666.07 8550.81 
91.0766 150.103 7715.17 527.099 0 5030.39 9545.8 
105.949 150.179 7667.33 529.666 0 4999.09 9685.27 
97.7838 156.298 7636.06 522.417 0 5202.05 9793.31 
91.2236 137.275 7507.97 509.906 0 5470.83 10822.7 
84.6912 115.348 7713.8 500.646 0 5308.6 10746.3 
73.7897 144.4 7527.46 485.812 0 4884.32 10293.3 
112.767 151.235 7480.1 479.283 0 5208.17 10531.1 
170.142 172.956 7274.19 485.792 0 4955.63 10941 
128.771 140.194 7012.04 485.792 0 4852.79 11465.7 
147.372 248.33 6316.34 474.363 0 4343.98 11204.1 
129.175 256.992 6374.81 472.695 0 4392.37 11443.2 
223.752 277.015 6614.5 471.872 0 4697.47 12515.1 
227.898 315.642 6651.43 472.393 0 4001.85 12425 
227.9 358.37 6642.84 472.982 0 4196.84 12172.8 
161.747 369.716 6771.58 471.995 0 4175.01 12468 
248.36 326.991 6823.65 474.19 0 4254.48 11906.3 
193.036 309.363 6704.19 473.602 0 4466.06 11880.2 
148.664 331.409 6249.24 473.114 0 4543.78 11805.9 
148.828 346.082 6106.19 474.453 0 4655.94 12068.7 
85.3577 394.479 5968.2 474.818 0 4248.16 12474.7 
91.3433 398.809 5951.7 474.447 0 4223.38 12450 
124.411 396.458 6024.58 472.926 0 4143.19 12808.5 
113.443 402.419 6059.7 472.208 0 4154.57 12807.5 
91.1175 654.051 6504.7 472.064 0 3995.19 12154.4 
134.19 761.034 6455.58 470.781 0 4108.59 12590.3 
119.521 253.717 4957.15 490.101 0 4662.41 10507.1 
101.78 391.684 5037.94 502.253 0 4696.83 10186 
126.943 347.406 4941.68 500.4 0 4515.35 10253 
82.642 315.101 4930.47 501.143 0 4376.83 10363 
112.747 183.346 4738.27 498.575 0 4289.65 10103.7 
135.265 196.894 4611.7 494.103 0 4401.22 10152.5 
119.904 311.23 4513.77 498.986 0 4505.88 9818.11 
122.895 307.645 4519.1 500.588 0 4482.16 9673.71 
114.266 276.034 4535.83 502.732 0 4504.75 9762.31 
113.682 256.409 4517 503.211 0 4547.97 9752.34 
554.865 117.493 9693.61 506.803 0 5345.26 6620.09 
568.525 124.781 9735.21 507.191 0 5357.12 6565.01 
558.132 139.686 9865.91 508.16 0 5281.44 6799.05 
567.059 145.755 9883.33 509.589 0 5273.39 6697 
556.924 140.328 9986.42 512.586 0 5274.59 6627.46 
569.815 130.031 9946.18 514.655 0 5222.13 6615.03 
572.682 132.724 9973.75 519.495 0 5169.97 6602.25 
516.012 126.772 10023.5 519.355 0 5156.81 6608.31 
521.872 129.934 10030.8 519.831 0 5148.49 6591.8 
495.152 125.412 10201.4 508.666 0 4954.98 6676.36 
494.365 135.637 10172.7 503.685 0 4912.52 6651.79 
550.61 137.398 10142 503.025 0 5001.82 6679.15 
511.053 135.132 10115.6 495.026 0 5111 6598.32 
583.92 136.036 10145.3 496.562 0 5033.39 6585.96 
566.57 134.155 10133.3 498.039 0 5043.32 6583.75 
647.84 127.668 10117.7 496.914 0 5007.08 6621.46 
659.531 116.019 10157.2 494.255 0 4891.17 6546.85 
657.794 129.296 10120.7 498.773 0 4957.7 6481.08 
664.327 144.004 10285.7 499.543 0 5058.92 6501.65 
673.315 166.35 10341.7 504.21 0 5226.42 6456.21 
674.745 174.693 10423.4 506.355 0 5268.81 6503.92 
611.77 170.667 10520.3 510.002 0 5302.31 6516.01 
568.525 170.023 10497.8 507.341 0 5275.23 6507.67 
611.854 190.529 10557.4 510.667 0 5418.71 6450.54 
535.6 206.807 10285.5 518.31 0 5366.35 6501.96 
535.903 200.119 10270.5 512.565 0 5318.02 6551 
576.668 214.762 10211.1 513.207 0 5364.65 6430.55 
577.172 200.995 10065.6 509.882 0 5381.68 6347.52 
585.552 205.393 10098.3 510.639 0 5396.73 6363.98 
612.537 200.992 10139.2 510.333 0 5393.8 6383.44 
611.389 211.625 9857.54 511.216 0 4960.89 6239.07 
532.229 196.683 9770.38 508.391 0 5199.41 6240.9 
551.783 197.443 9898.62 512.47 0 6080.44 6362.81 
537.211 179.753 10155.2 507.117 0 6069.02 6530.2 
550.689 100.118 10017.1 507.962 0 5997.29 6633.27 
533.199 94.8638 10028.6 507.833 0 5996 6648.22 
519.574 94.4206 10027.3 509.031 0 5969.6 6699.82 
544.183 86.6384 9952.69 525.031 0 6326.88 6935.59 
552.988 86.722 9870.22 520.577 0 6114.31 6828.33 
526.809 87.7125 9840.05 522.081 0 5994.63 6801.2 
510.749 86.1647 9586.38 512.682 0 5635.24 6543.64 
507.805 89.9003 9450.46 499.524 0 5786.74 6500.21 
451.562 82.3656 9373.41 497.139 0 5737.62 6624.56 
421.838 84.8 9385.2 497.249 0 5763.91 6675 
403.14 109.521 9344.03 524.708 0 6593 6654.82 
427.316 114.3 9355.33 492.854 0 6329.67 6607.69 
426.293 117.598 9349.73 493.981 0 6463.54 6624.12 
418.876 97.6583 9329.5 495.261 0 6111.48 6575.67 
417.974 89.2368 9292.49 490.572 0 5977.04 6505.44 
324.43 91.4102 9181.79 489.024 0 5913.17 6566.14 
313.648 91.6212 9099.45 488.295 0 5866.38 6624.49 
311.368 69.8235 8817.89 499.897 0 5308.58 6692.75 
303.831 67.4336 8963.45 495.927 0 5520.26 6708.33 
283.1 59.3401 9235.37 495.042 0 5601.81 6811.03 
262.141 76.3117 9163.79 493.439 0 5437.57 6738.96 
272.397 85.5164 9379.07 492.218 0 5446.95 6606.89 
244.306 79.8717 9370.21 493.105 0 5447.54 6605.79 
191.665 79.4978 9425.34 493.133 0 5454.43 6594.52 
186.166 84.0982 9594.74 492.242 0 5126.33 6423.81 
192.754 85.7697 9510.29 493.289 0 5096.17 6418.24 
180.683 95.1737 9609.55 491.493 0 4773.69 6422.33 
140.641 95.0623 9763.21 491.562 0 4808.78 6413.77 
147.211 95.1938 9861.89 491.404 0 4773.3 6485.86 
130.744 99.7487 9890.64 490.783 0 4744.88 6463.27 
148.943 99.2946 9902.55 489.95 0 4753.33 6473.17 
93.5824 104.336 10065.2 486.423 0 5150.88 6567.66 
90.9849 111.566 10049.1 487.51 0 5310.42 6579.04 
94.4928 117.298 10108.5 488.212 0 5533.01 6722.2 
85.9688 127.077 10264.4 486.691 0 5616.33 6786.03 
68.4351 123.656 10333.5 482.926 0 5622.14 6842.92 
47.1937 122.401 10491.1 484.292 0 5659.46 6870.52 
59.4465 130.359 10475.6 483.342 0 5649.62 6857.97 
59.6483 146.027 10574.8 492.984 0 5788.26 6997.63 
23.3888 154.012 11183.2 481.057 0 9664.68 5341.95 
38.165 161.861 11436 488.854 0 10875.5 5389.83 
30.6106 127.721 11463.7 479.833 0 10749.1 5467.44 
41.3447 149.98 11014.8 485.298 0 10244.1 5567.26 
37.9302 158.843 10445.8 481.788 0 9973.84 5637.82 
36.021 155.114 10557.5 484.223 0 9656.55 5663.04 
35.6901 164.667 10800.1 497.194 0 9522.79 5881.7 
32.7214 165.617 10719.8 494.318 0 9487.43 6200.7 
39.8722 175.652 10935.3 511.088 0 10089.4 6182.67 
39.1632 174.506 11225.7 508.818 0 10355.7 6364.96 
36.2024 159.852 11338.7 510.048 0 10349.7 6438.16 
35.5718 156.694 11251.8 514.016 0 9303.32 5675.06 
38.2058 153.316 10744.4 515.833 0 9231.33 5582.59 
42.433 162.136 10305.8 506.583 0 9054.25 5590.66 
45.1319 172.111 10222.4 504.167 0 8870.33 5752.06 
46.9998 187.004 10155.6 501.791 0 8849.47 5718.15 
48.3222 155.834 10092.8 501.573 0 8439.05 5774.38 
41.2861 175.368 10229.3 499.615 0 8509.3 5776.89 
38.7202 175.848 11111.1 508.764 0 9549.75 5802.1 
36.8541 181.569 11044.8 506.617 0 9414.46 5762.91 
42.9222 154.072 10447.3 337.304 1 8412.73 5406.18 
33.6767 95.4602 9556.28 390.055 1 6292.76 5578.57 
50.1938 61.6852 9377.88 447.253 0 6362.21 5744.05 
64.5613 39.46 10460.2 410.237 1 7761.94 6275.59 
80.8755 33.2378 10774 377.048 1 8098.29 6434.2 
77.797 39.581 10805.8 377.644 1 8235.09 6529.53 
59.9544 31.2139 12018.1 387.829 1 10246.3 6252.42 
52.776 41.0557 11879.4 369.556 1 9315.13 8337.75 
9.25018 30.9209 2122.67 668.167 0 2132.06 7007.85 
21.2814 53.6836 2807.31 426.578 0 3042.15 7310.75 
12.8551 37.6838 3440.47 384.356 1 3416.35 7516.32 
12.2103 33.3193 3448.99 379.755 1 3448.79 7587.59 
15.9562 36.9156 3711.5 379.755 1 3583.45 7755.04 
16.4224 39.5303 3718.81 379.13 1 3702.91 7807.31 
16.3731 39.0972 3004.02 357.63 1 2753.79 7751.39 
11.5441 29.3015 2607.2 303.761 1 2490.86 7287.79 
9.66956 39.1755 3012.29 343.96 1 3537.34 7884.6 
25.004 42.4032 3160.68 413.106 1 3728.92 7659.04 
24.3629 40.1183 3108.56 409.669 1 3804.34 7752.48 
25.4103 34.2138 3166.4 415.582 1 3712.7 7540.33 
23.3351 35.0243 3131.44 415.671 1 3691.02 7498.64 
2.25625 14.4524 2814.79 345.984 1 3811.8 7943.51 
0.725485 15.0398 3188.23 311.127 1 3888.73 7757.79 
3.64755 7.06585 1862.64 479.878 0 2481.32 7071.4 
3.74813 7.3868 1785.8 575.228 0 997.678 5725.36 
0 7.80705 1994.46 585.641 0 1184.68 5879.11 
4.73511 6.36015 2104.3 585.921 0 1289.42 5971.96 
0 10.9881 2174.26 585.738 0 1337.51 6346.88 
2.15501 9.97965 2166.6 307.243 1 1335.07 6456.77 
1262.35 1485.02 4015.83 302.168 1 2569.19 9752.35 
11093.9 7028.34 3437.54 302.07 1 2064.18 8438.66 
9530.09 8974.75 3471.58 302.984 1 2075.03 8229.62 
9289.09 9144.35 3424.92 302.981 1 2055.15 8195.41 
9287.1 9130.91 3362.38 312.078 1 2027.69 7878.1 
9100.65 9097.68 3358.48 314.983 1 1926.52 7735.09 
9002.75 9129.12 3339.7 317.742 1 1769.44 7483.45 
8986.1 9276.24 3292.15 320.743 1 1674.09 7394.8 
8933.4 9480.72 3285.58 320.743 1 1638.83 7365.43 
8983.05 9520.56 3202.22 308.584 1 1314.08 7119.75 
9167 10026.2 3254.76 309.199 1 1322.53 7174.09 
9167 10030.8 3345.14 304.563 1 1435.16 7359.54 
9167.15 10051.6 3438.52 304.424 1 1472.94 7426.71 
9185.4 10306.7 3443.93 304.424 1 1482.02 7348.11 
9076.4 10233.3 3599.73 302.255 1 1469.8 7695.28 
9071.05 10234.5 3442.06 299.289 1 1441.25 7714.72 
9111.05 10275.5 3214.81 301.148 1 1366 7718.53 
9112.6 10315.1 2915 295.583 1 1286.9 7598.92 
9112.6 10312.8 2858.93 294.478 1 1261.18 7602.58 
9117.5 10336.9 2278.09 297.348 1 1060.08 7525.73 
9126.7 10381 2184.48 297.684 1 996.761 7543.92 
9057.6 10543.4 2067.17 296.115 1 1007.9 7600.52 
9084.9 10557.3 1928.05 296.132 1 991.897 7634.96 
8993.15 10515.6 1942.14 296.454 1 983.845 7663.57 
8990.2 10504.3 1943.1 296.454 1 986.054 7662.76 
8990.2 10505.2 1993.9 293.975 1 1771.4 7074.66 
8997.27 10503.2 1966.64 34.6942 2 1740.38 5843.75 
9051.15 10345.4 2165.16 108.629 2 1757.24 5774.71 
8862.76 10124.8 2185.07 108.415 2 1740.65 5828.23 
8904.96 10093 2171.03 108.415 2 1739.98 5833.83 
8903.6 10069.7 2514.5 66.2515 2 2982.59 9088.47 
8921.9 10081 2380.72 19.1903 2 2162.62 7900.65 
8921.9 10081.5 1915.48 374.651 1 1844.48 4150.26 
8921.23 10102.8 1917.48 372.202 1 1852.46 4078.32 
8986.88 10070.9 1894.81 372.202 1 1876.15 4044.32 
9012 10067.7 1961.2 93.2165 2 1497.78 6034.74 
8983.3 10074.6 1902.82 147.727 1 1496.43 7151.16 
8978.93 10096.9 1976.43 117.33 2 1959.01 4660.99 
8970.1 10112.5 2158.1 0 2 2264.42 4027.67 
8970.12 10112.9 2147.46 0 2 2315.49 3979.84 
8958.5 10113.1 1657.56 132.922 1 2678.75 6800.48 
9106.45 10105.6 2764.78 56.766 2 4702.25 9234.71 
9084.1 10295.1 1941.99 24.5042 2 2739.14 5952.2 
9090.55 10229.7 1436.45 3.73808 2 3781.27 7217.71 
9107.05 10229.4 1442.78 3.7176 2 3801.97 7226.31 
8848.8 10290.9 1402.9 3.7176 2 3818.8 7235.81 
8848.8 10290.9 1058.22 130.71 1 636.177 1418.58 
8848.8 10292 1058.95 0.57524 2 723.849 1424.46 
14880.8 10674.5 2494.69 14.738 2 3385.81 2351.15 
14893.5 10673.5 2494.3 14.738 2 3382.11 2350.79 
14896.8 10673.5 2494.3 14.738 2 3382.12 2350.91 
38837 17727.3 2905.71 0.00695375 2 1952.18 2006.58 
38783.6 17935.1 2866.14 0.00888535 2 1891.18 1985.3 
38395.6 18470.6 2707.4 0.0057948 2 1764.47 1946.26 
38373.2 18684.6 2710.52 0 2 1768.65 1934.59 
38483.6 18838.4 2732.11 0 2 1782.67 1936.49 
38116.3 19113.3 2647.52 0.00463584 2 1711.79 1923.22 
38172.4 19173.8 2616.78 0 2 1680.36 1910.02 
37774.2 19142.1 2547.83 0.00463584 2 1623.21 1888.34 
37482.6 19613.5 2449.82 0.00463584 2 1535.6 1853.3 
37660 19553.9 2442.39 0.0057948 2 1522.97 1852.66 
37401.9 19962.4 2304.14 0.0092717 2 1476.82 1828.32 
37360.8 20125.8 2231 0.00424952 2 1462.12 1813.31 
36993.2 20198.8 2192.39 0.0486763 2 1427.3 1830.97 
36913.6 20265.9 2141.18 0.143711 2 1430.19 1809.94 
36854.9 20559.5 2097.86 0.11126 2 1416.26 1805.09 
36850.4 20635.4 2097.91 0.11126 2 1412.19 1808.84 
35695.3 21348.2 1966.42 0.387091 2 1286.73 1767.92 
35047.2 21682.2 1921.31 0.361594 2 1255.83 1750.32 
34674.2 21773.8 1876.31 0.263083 2 1190.07 1729.03 
34076.3 22166.7 1785.2 0.55398 2 1146.79 1682.63 
34057.5 22156.1 1784.48 0.55398 2 1143.4 1688.05 
33147.5 22580 1561.9 1.07088 2 1051.78 1676.59 
33355.8 22442.8 1559.96 0.977 2 1053.99 1666.23 
30523.1 23413.6 1344.98 1.09676 2 946.997 1599.33 
30511.9 23361.4 1334.46 1.16475 2 947.75 1595.62 
30446.7 23376.2 1331.78 1.16475 2 945.421 1588.03 
28203.4 25070.8 1190.45 1.66619 2 791.312 1513.93 
27584.9 25652.7 1173.37 1.53214 2 771.57 1500.57 
27503.7 26107.2 1142.08 1.71486 2 721.76 1489.18 
27170.5 26995.2 1128.31 1.24048 2 708.529 1477.14 
27632.1 26998.8 1132.24 1.17944 2 707.676 1470.66 
27123.9 27901.7 1132.37 0.71701 2 702.876 1485.62 
26909.3 28247 1129.52 0.433834 2 696.786 1481.47 
27079.7 28502.8 1130.15 0.367002 2 699.476 1484.44 
26439.4 29564.2 1128.8 0.0115896 2 697.036 1489.36 
26504.4 29514.9 1129.33 0.0115896 2 697.147 1484.02 
26529.5 29584.2 1129.35 0.0115896 2 697.309 1484.06 
22955.4 30434.2 1137.56 0 2 706.337 1503.12 
22467.9 31381.6 1143.44 0.0718555 2 699.739 1497.31 
22585.8 31442.8 1129.19 0.090399 2 692.187 1505.82 
22623.8 31581.4 1128.24 0.090399 2 692.227 1505.86 
22623.3 31569.6 1128.24 0.090399 2 692.227 1505.81 
21112.2 32321.2 1118.49 0.59725 2 684.515 1474.71 
21107.6 32342.4 1118.13 0.590295 2 685.828 1476.2 
19706.2 33019.6 1113.46 1.07088 2 684.361 1454.86 
19612.3 33332.2 1108.44 1.23545 2 680.62 1449.81 
19574.8 33337.2 1108.01 1.23545 2 679.748 1448.4 
18456.7 33532.4 1114.38 1.46877 2 694.226 1451.26 
18349.8 33507.1 1112.8 1.62946 2 695.376 1457.31 
18236.6 33689.9 1112.67 1.72218 2 694.76 1459.14 
17922.1 33929.8 1109.75 1.82725 2 690.041 1456.88 
17882.4 33896.7 1111.2 1.8767 2 690.373 1456.81 
17755.7 33904.5 1109.6 1.76544 2 685.217 1454.58 
17636.2 33838.7 1106.34 1.66964 2 682.273 1453.2 
17474.1 33905.9 1104.34 1.56457 2 679.189 1449.86 
16841.5 34158.9 1099.72 1.57693 2 679.573 1452.32 
16447.8 34406.9 1100.91 1.60706 2 682.372 1452.76 
16424.2 34422.5 1101.48 1.60706 2 683.379 1453.45 
14759.8 35061 1103.79 0.67297 2 683.292 1452.7 
14300.7 35777.7 1102.75 0.553205 2 686.356 1452.2 
13033 35432.6 1120.03 0.225611 2 694.615 1483.04 
12923.1 35722.1 1119.75 0.225611 2 695.837 1488.1 
12941.3 35741.1 1119.75 0.225611 2 695.837 1488.1 
12455.6 35527.7 1134.54 0.0115896 2 706.812 1490.15 
12233.1 35867.9 1120.45 0 2 709.214 1457.26 
11667.1 35853.5 1116.18 0.766845 2 702.121 1447.44 
11599.3 35855.9 1114.74 0.858405 2 701.919 1448.55 
11514 35824.6 1114.53 0.858405 2 700.722 1448.82 
11772.3 33597.6 1111.16 1.16784 2 703.196 1448.77 
11689.2 33754.7 1113.21 1.15702 2 704.417 1451.05 
12609 32529.4 1107.47 1.22733 2 700.654 1441.13 
12914.6 31930.8 1107.65 1.57232 2 694.831 1443.82 
13621 31369.9 1108.28 1.63489 2 695.607 1445 
16356.1 29668.5 1106.4 1.27099 2 694.415 1438.77 
17422.8 29368.1 1109.15 0.993225 2 692.425 1436.54 
18427.2 29024 1106.46 1.2621 2 689.712 1435.53 
20840.1 28100.8 1104.16 0.66756 2 686.25 1430.57 
20795.8 28071.4 1101.97 0.649015 2 684.871 1429.55 
20777.8 28070.3 1101.97 0.672195 2 684.871 1429.55 
25045.6 26340.3 1096.94 0.134439 2 681.61 1436.81 
25748.8 26159 1095.68 0.086922 2 681.075 1431.74 
27710.9 25927.4 1107.68 0 2 683.494 1431.45 
27770.4 26000.9 1106.61 0 2 683.298 1433.63 
27767.6 25995.8 1106.66 0 2 683.393 1433.64 
30939.2 24803.8 1099.18 0 2 686.286 1432.31 
32020.7 24228.2 1101.66 0 2 677.689 1432.72 
35837.9 22888.2 1098.52 0.00347688 2 683.792 1434.54 
37286.4 22403.9 1110.01 0.00347688 2 684.732 1435.74 
37286.3 22361.4 1110.02 0.00347688 2 684.756 1435.75 
41778.2 20346.7 1106.43 0.0057948 2 687.046 1436.43 
43512.6 19604.1 1103.08 0.00231792 2 679.608 1435.07 
45591.8 19063.2 1106.5 0 2 682.68 1428.51 
48658.4 18057.8 1107.74 0 2 678.891 1426.22 
50396.7 17707.9 1113 0 2 690.481 1427.03 
55229.5 15715.9 1088.56 0.0092717 2 659.862 1412.98 
56891.4 15073.3 1085.83 0 2 657.937 1414.37 
58468.8 14656.7 1078.99 0 2 653.999 1408.85 
61350.6 13933.1 1073.51 0 2 650.247 1407.04 
62782.1 13843.7 1079.3 0.083445 2 650.102 1407.64 
62768.8 13867.3 1077.88 0.083445 2 649.532 1407.49 
65050.3 12258.8 1073.56 0 2 651.616 1405.81 
66227.1 11757.3 1090.46 0 2 667.305 1429.2 
68399.1 11333.4 1113.08 0.0243382 2 693.436 1459.02 
68843.1 11239.6 1111.78 0 2 689.564 1456.1 
68840.6 11240.3 1111.78 0 2 689.589 1456.14 
69365.1 10999.7 1112.47 0 2 677.508 1436.72 
69463.6 10943.2 1105.9 0.064902 2 678.312 1444.52 
68179.1 10739.7 1099.66 1.44638 2 688.104 1464.53 
67609.6 10714.4 1113.94 1.78826 2 689.414 1443.71 
67697.6 10714.6 1113.94 1.68628 2 689.414 1443.71 
60744.1 10651.9 1109.85 1.65267 2 689.438 1444.27 
59059.6 10649.9 1109.71 1.0616 2 681.968 1446.28 
55892.9 10642.8 1111.3 0 2 660.685 1467.01 
52013.2 10660.1 1110.34 0 2 671.5 1476.66 
52038.1 10657.5 1111.99 0 2 672.768 1477.52 
38426.2 10669.4 1108.87 0 2 660.643 1478.27 
35488.2 10719.3 1106.21 0 2 650.732 1440.13 
33093.3 10586.1 1101.09 0 2 642.135 1417.05 
28806.9 10473.1 1089.85 0.0301329 2 642.614 1412.05 
27315.1 10454.2 1090.63 0.65133 2 642.247 1397.85 
27356.1 10448.4 1095.55 0.65133 2 640.975 1401.88 
20538.1 10447 1085.49 2.76526 2 632.113 1399.45 
17772.6 10429.5 1087.51 3.8002 2 632.433 1389.56 
15931 10413.3 1089.45 3.2045 2 635.619 1387.77 
14661.2 10419.2 1088.02 3.34126 2 637.709 1388.26 
14531.8 10411.2 1088.18 3.34126 2 637.763 1388.36 
12790.5 10458.5 1082.7 1.95052 2 631.174 1386.84 
12217.3 10467.3 1082.38 1.84853 2 633.846 1386.96 
11613.4 10465.5 1082.99 0.725505 2 635.842 1387.02 
11420.6 10465.6 1083.9 0.392886 2 635.883 1387.14 
11380.3 10463.7 1083.9 0.392886 2 635.883 1387.14 
10882.9 10462.5 1083.87 0.407952 2 636.478 1387.12 
10867.6 10463.6 1084.3 0.333779 2 636.228 1385.21 
10764.3 10496.4 1084.43 0.148346 2 633.952 1386.5 
10941.4 9849.95 1059.31 0.22252 2 640.85 1420.06 
10777.4 9849.4 1059.31 0.22252 2 639.605 1420.06 
10367.8 9849.63 1059.31 0.05563 2 635.06 1436.67 
10708.9 9849.39 1059.29 0.139075 2 638.423 1436.67 
10612.4 9849.64 1059.29 0.027815 2 643.406 1436.67 
10469.3 9979.12 1045.82 0 2 641.448 1412.13 
10316.7 10164.8 1029.77 0 2 648.518 1380.58 
10356.1 10224.8 1039.56 0 2 659.033 1390.03 
9995.85 10224.9 1039.63 0 2 665.387 1390.11 
9808.33 10253.6 1044.11 0 2 690.4 1390.07 
9862.11 10251.4 1055.76 0 2 704.519 1394.06 
9820.03 10273.9 1069.04 0 2 705.941 1398.48 
9743.93 10314.3 1065.88 0 2 705.326 1397.69 
9494.62 10342.2 1134.17 0 2 813.344 1460.39 
9480 10344 1164.26 0 2 850.292 1449.77 
10277.2 10363 1187.46 6.99705 2 1090.85 1443.03 
10884.2 10355.8 1205.79 24.9857 2 1152.3 1441.04 
10907.9 10288.1 1205.66 25.0599 2 1158.97 1445.27 
10911.1 10548.1 3532.04 76.244 2 2742.84 1946.93 
11424 10588.9 4253.92 84.008 2 3017.19 2063.63 
14279.8 10929.4 6784.5 58.272 2 5958.14 2820.44 
13889.6 11199.6 7899.14 54.749 2 6677.53 5207.33 
14289.8 11357.4 8118.29 58.924 2 6401.88 5351.8 
12894.5 11278.2 8173.01 45.4515 2 5652.78 7050.04 
12866.7 11272.3 8162.17 44.3848 2 5704.37 6935.83 
12834.1 11310.3 7451.93 43.4511 2 5542.31 7661 
12772.2 11323.9 7279.77 43.0149 2 5593.59 8008.75 
12674.4 11315.2 7264.33 43.1274 2 5549.88 8066.75 
12678 11331.2 7276.02 41.8985 2 5538.42 8002.85 
12640.7 11524 7175.58 48.038 2 5444.94 7995.95 
12464.3 11239.3 7366.18 43.6616 2 5371.89 8069.85 
12420.6 11251.9 7412.56 45.0876 2 5368.39 8022.65 
12791.6 11381.3 7020.06 46.7774 2 5366.27 7658.65 
12857.4 11430.6 7007.29 46.9868 2 5353.42 7647.29 
12556.7 11397 7551.46 53.4625 2 5533.09 7805.35 
12336.5 11674.7 7567.46 53.4625 2 5535.17 7836.84 
12829 11816.2 6479.17 52.825 2 5218.6 8522.2 
12796.7 11860.6 6443.83 54.6565 2 5216.86 8509.17 
12797.7 11851.9 6440.69 54.6565 2 5216.5 8510.31 
11934.7 11733.1 7460.95 56.4875 2 5271.34 7802.91 
12807.2 11815.2 6844.38 59.5085 2 5117.17 7529.12 
12818 11904.3 6852.18 57.7955 2 5101.66 7596.94 
12046.4 11848.4 7503.3 59.621 2 5266.02 7532.66 
12060 11848.3 7493.2 59.63 2 5249.67 7529.96 
12654.9 12000.3 6508.65 55.2975 2 5302.29 8330.26 
12226.1 12020.5 6759.35 54.4825 2 5244.69 8638.46 
11657.3 11934.5 7292.3 60.415 2 5208.21 8072.46 
12451.1 12010.2 6386.75 60.048 2 5249.12 8406.71 
12452.8 12010.4 6365.6 60.5255 2 5242.79 8409.41 
12453.1 12009.4 6355.95 60.5255 2 5247.84 8442.01 
11870.6 11978.2 7017.25 64.0625 2 5579.83 7932.51 
12517.4 12685 6541.8 55.617 2 5493.71 7937.16 
12093.4 12499.9 6810.45 59.7835 2 5480.27 8062.71 
12025.4 12443.1 6771.62 59.835 2 5463.92 8031.68 
12035.2 12442 6712.97 59.835 2 5457.71 8157.03 
12335.9 12572.8 6574.72 60.301 2 5486.81 8140.18 
12267.5 12664.3 6452.47 56.8655 2 5466.88 8343.03 
11937.2 12304.4 6570.53 49.0538 2 5472.85 8598.08 
11976 12321.1 6447.67 51.4985 2 5705.58 8440.93 
10669.9 10583.3 6202.08 51.6457 2 5621.42 8379.93 
8917.53 8398.05 6053.44 52.4199 2 5408.78 8248.66 
7781.35 7341.26 6100.85 52.2288 2 5352.12 8376.29 
7961.07 6774.38 5390.4 51.1354 2 5237.62 8244.2 
8037.81 6700.94 5362.13 54.1322 2 5206.93 8171.07 
8096.96 6700.16 5341.62 54.1322 2 5177.91 8232.17 
7921.15 6487.55 5662.64 61.1092 2 5278.47 7986.26 
7975.85 6781.42 5358.15 62.516 2 5104.44 7751.81 
5829.1 4056.27 8615.53 45.2959 2 6960.91 12325.5 
5703.81 4057.92 6152.46 298.761 1 5103.4 7448.94 
6188.59 6269.14 6275.05 53.1452 2 5122.53 7577.94 
6148.45 6320.44 6276.92 53.1452 2 5127.38 7581.06 
6391.16 6518.88 6428.82 59.502 2 4883.86 7122.11 
6646 6534.9 5866.72 57.2015 2 4620.85 7598.1 
9849.03 8702.86 5721.9 57.0027 2 4557.72 8126.62 
8150.58 3870.99 5268.19 57.7505 2 4414 8218.5 
6130.51 2870.89 5070.83 54.8685 2 4340.3 7820.68 
7377.5 4034.74 6549.75 57.3611 2 4648.87 7639.88 
7823.66 4197.12 5460.18 61.2198 2 4221.48 8162.03 
7574.54 4434.96 6649.23 64.0483 2 4324.58 7255.72 
7573.49 4432.54 6655.35 64.0483 2 4311.99 7255.8 
6531.6 3087.78 7904.19 117.304 2 6244.38 8578.16 
6913.26 2728.56 5646.42 94.4485 2 4766.15 8339.66 
5830.59 2681.57 5878.86 64.8181 2 4704.15 8833 
3320.82 1816.2 5855.11 228.99 1 4411.49 7987.93 
4305.95 2022.33 4781.56 228.876 1 4265.02 8399.65 
4266.48 2025.21 4740.68 230.385 1 4303.21 8457.05 
3638.94 1904.53 6013.23 230.019 1 4621.99 7374.85 
3798.25 1775.31 5456.05 199.538 1 3910.58 5595.69 
4736.05 1783.42 4958.83 49.5706 2 3730.87 5661.99 
3929.75 1863.19 8195.31 214.65 1 21916.2 13143.8 
3949.01 1897.89 8659.51 230.734 1 10670.6 7742.12 
3946.25 1903.55 8706.87 227.826 1 10826.6 7617.08 
4419.09 1991.24 8259.93 225.594 1 10828 7384.33 
3655.4 1970.8 8879.06 229.873 1 10958.1 7420.33 
4042.25 2110.44 8478.1 228.748 1 10738 7507.83 
3974.11 2099.81 8516.42 227.918 1 10880.5 7431.13 
3974.48 2098.69 8548.82 229.421 1 10877.7 7481.9 
4118.42 2012.62 8579.17 228.991 1 10722.2 7431.33 
3533.61 1660.2 8832.82 229.389 1 10716.5 7534.92 
4651.75 2266.86 8192.76 229.675 1 10615.2 7667.17 
4735.04 2290.21 8199.56 231.142 1 10645.8 7637.98 
4711.24 2297.35 8239.71 232.412 1 10749.5 7700.35 
4356.73 1945.87 8450.81 229.167 1 10852.5 7867.86 
4871.59 2431.17 8337.99 228.241 1 10938.3 7484.47 
4010.88 2031.42 8642 222.813 1 11719.1 7310.74 
3499.52 1529.07 9133.22 228.375 1 11309.3 7650.85 
3522.37 1525.03 9159.97 228.459 1 11345.8 7585.3 
3928.63 1863.79 9033.75 228.514 1 11441.6 7552.45 
3792.16 1821.79 8963.57 233.842 1 11929.9 7415.17 
3832.47 1773.7 9031.96 229.441 1 11593 7720.26 
4378.22 2009.08 8560.64 226.191 1 11361 7563.31 
4559.37 2408.28 8462.02 229.2 1 11651.6 7726.24 
4538.07 2409.66 8552.31 226.629 1 11495.9 7893.68 
4354.32 3628.47 8233.63 226.088 1 11409.3 7602.28 
4143.79 3166.28 8654 224.876 1 11571.9 7629.88 
3772.57 2658.4 9050.13 226.867 1 11791.2 7843.77 
3761.28 2667.37 9052.37 224.991 1 11877.5 7861.48 
3799.6 2667.07 9136.56 223.71 1 11851.3 7914.03 
4253.79 3036.69 8962.45 227.93 1 11769.8 7182.58 
4453.9 3711.24 8619.3 218.244 1 11487.5 7131.31 
4179.52 4077.97 8569.47 218.265 1 11384.6 7399.41 
4200.26 4038.29 8541.83 218.655 1 11392.3 7404.62 
4181.79 4014.87 8682.68 218.069 1 11420.8 7320.71 
3915.51 2870.29 9508.79 217.579 1 12035.8 7210.37 
3922.21 2825.98 9401.52 214.439 1 11900.8 7191.4 
4231.19 3370.77 9009.73 214.727 1 11474.2 7451.73 
4486.64 4052.09 8788.39 211.987 1 11369.9 7376.65 
4338.84 4157.32 8775.32 211.487 1 11360.8 7305.96 
4055.46 4343.42 8732.88 214.164 1 11186.6 7655.96 
4118.46 4147.01 9096.19 218.318 1 11255.8 7764.88 
4186.57 3348.23 9487.29 218.395 1 11732.2 7959.33 
4055.6 3283.82 9581.87 220.663 1 11433.4 8330.62 
4061.51 3237.06 9618.58 224.374 1 11349.9 8235.24 
4078.03 3234.9 9505.61 221.439 1 12261.6 7845.88 
4155.33 4577.11 8850.83 214.76 1 11548.9 6866.48 
4303.46 4379.52 9104.06 213.535 1 11602.4 6923.79 
4310.05 4055.7 9600.83 215.137 1 11012.7 7709.28 
4373.26 4097.48 9641.74 216.157 1 11568.8 7433.28 
4372.33 4083.15 9502.91 195.45 1 11468.4 7816.65 
4533.87 2944.35 9869.75 208.637 1 11663.5 7896.7 
4510.73 3224.22 9629.05 212.992 1 11104.6 7425.95 
4216.43 3639.45 9469.78 228.116 1 11046.7 7250.58 
4243.76 3689.86 9459.28 228.116 1 11021.4 7267.62 
4266.12 3687.05 9479.58 230.029 1 11251.4 7545.73 
4436.37 2784.04 10224.1 237.277 1 11069.8 7880.43 
4608.07 1922.58 10463.3 244.984 1 11549.5 8210.5 
4885.04 1540.03 10610.5 242.077 1 12063.3 8036.67 
4842.08 1437.75 10849.6 257.431 1 11122.1 7954.75 
4853.04 1442.96 10826.2 257.17 1 11107.2 7953.7 
4171.87 956.161 10801.9 247.255 1 11182.2 7855.62 
4094.96 610.339 10882.1 248.183 1 12480.9 7512.05 
4090.42 197.219 11906 251.701 1 11463 8532.85 
3551.71 171.899 12660.2 271.882 1 11450 8876.1 
3475.15 168.734 12495.5 270.695 1 12709 8265 
3476.36 170.966 12847.1 270.958 1 11111.8 8979.43 
2782.78 155.682 9526.21 180.588 1 9612.87 6547.8 
1761.38 121 9334.08 197.669 1 9614.39 6134 
1301.05 94.3848 8549.87 300.835 1 9849.17 5776.96 
1305.04 94.7305 8564.77 299.578 1 9778.85 5962.18 
1304.68 94.0098 8630.04 298.447 1 9667.24 5990.31 
1809.33 34.3516 8183.71 202.343 1 9589.4 5507.01 
587.489 42.2749 9701.2 194.328 1 12966.3 9243.52 
1542.29 74.0696 8372.82 310.87 0 8108.38 6196.57 
1582.7 74.2818 8374.11 314.378 0 8111.29 6215.46 
1584.15 74.8408 8711.62 316.589 0 7950.72 6123.34 
581.424 75.6488 12854.5 279.595 1 9719.17 7869.88 
563.811 90.4105 8533.98 237.581 1 9108.3 6185.24 
287.751 47.3634 7882.81 177.807 1 8406.01 5953.24 
16.4607 34.0007 9993.72 199.394 1 10540.4 5938.62 
16.4607 34.0007 9961.65 199.395 1 10528.5 5937.89 
11.342 54.9658 9572.58 245.233 1 11838.1 8303.16 
6.18315 29.8336 9439.8 210.317 1 9627.22 6535.77 
3.90613 24.9255 9129.21 185.034 1 10784.8 8257.96 
3.96647 25.903 5768.19 348.208 0 9804.97 5448.54 
4.32922 27.2244 6122.69 348.79 0 9225.79 5808.25 
6.28505 20.0939 5178.11 362.169 0 11092.6 4593.78 
6.28505 20.238 5089.22 192.699 1 9308.8 2393.23 
6.28505 20.1206 10749.8 381.049 0 19640.7 16599.9 
3.48327 52.1702 13163.6 473.368 0 13044.6 12632.3 
5.55851 57.3788 13000.4 480.751 0 14036 11729.7 
6.6065 60.3218 13168.2 479.141 0 13796.9 12058.2 
9.42001 77.2352 12660.1 476.268 0 12415.7 12534.9 
12.292 84.0461 12885.6 481.184 0 10927.7 13118.9 
14.3069 87.613 12921.3 483.654 0 10659.2 13498.2 
15.8986 84.7431 12865.8 486.779 0 10609.1 13622.4 
11.8499 74.7361 12495.7 486.975 0 12626 12727.4 
10.5791 64.8256 13299.8 490.667 0 10912.5 13997.3 
17.3918 58.4772 12846.4 491.017 0 13228.8 12648 
18.0913 59.6863 12929 489.21 0 13338.9 13240.7 
22.6972 65.8337 13972.8 489.247 0 10704.2 14959.6 
23.4349 68.7188 13971.4 489.794 0 10698.9 14923.1 
22.6692 86.3358 13948.1 485.032 0 10661.6 15002.8 
6.34537 72.4137 12455.6 490.3 0 13326 13277.3 
18.0316 79.4867 12883.2 491.107 0 11304.4 14892.6 
25.6087 87.395 12740.1 493.266 0 10355.1 15836.8 
17.8302 85.0834 11906.2 495.195 0 13422.4 14226.7 
28.8148 98.7633 12480.1 493.738 0 11231.8 15483 
25.9739 94.0388 12420.8 494.279 0 11050.2 15599.3 
27.8486 96.0229 12407.8 497.061 0 11117 15523.3 
20.6645 108.573 13047.5 498.61 0 10179.4 16117.1 
24.8949 95.0728 13085.8 495.131 0 10401.5 15967.3 
16.8488 94.7332 13125.5 495.276 0 10467.9 15903 
11.2632 42.485 14479.3 496.633 0 9140.26 7756.85 
11.5455 39.8322 14286.8 495.523 0 9354.42 7520.94 
11.1827 42.1911 14266.3 495.008 0 9321.65 7504.39 
11.1421 42.2872 14146 496.201 0 9393.13 7459.31 
10.0749 51.131 14350.3 496.547 0 8923.81 7756.35 
15.5973 50.7062 14193.2 500.453 0 9737.41 7396.51 
13.725 52.4738 14570.1 501.367 0 8786.95 8077.48 
24.699 48.6468 14404.4 503.451 0 8869.14 7989.98 
10.7779 33.4848 13534.9 501.411 0 11815.3 5937.88 
10.4152 33.3488 13523.9 499.236 0 11929.1 6066.25 
9.6695 32.1046 13563.1 501.445 0 11828 5967.54 
24.386 50.2048 13864.2 504.366 0 10809.1 7043.03 
15.1119 36.6852 13223.5 508.241 0 12209.1 6221.01 
13.2411 55.2503 13122.2 508.87 0 11941.9 6359.5 
12.3328 72.8672 13992.2 509.202 0 9934.35 7945.15 
12.6125 44.1225 12567.2 507.873 0 12447.4 5932.37 
12.6125 39.3953 12464.1 511.068 0 12544.3 6027.17 
12.6125 40.2864 12429.3 510.417 0 12489.5 5981.65 
7.2906 32.8511 12457.7 510.05 0 11169 7038.92 
5.8403 22.8924 11276.7 507.727 0 12556.9 6016.34 
3.58338 21.9352 11371.5 508.694 0 12962.4 6048.29 
3.34133 21.8924 11252.5 505.695 0 12706.9 6176.45 
7.1297 26.4851 11637.3 505.592 0 10653.2 7429.65 
7.1297 25.955 11442 504.615 0 10770.1 7443.53 
7.1297 27.6465 11404.4 504.531 0 10534.2 7316.38 
3.62362 22.8404 10256.4 504.796 0 13201.5 5561.16 
14061.5 2315.75 8115.35 468.033 0 4601.1 3533.98 
14182.2 2336.69 8020.34 467.902 0 4328.89 3390.57 
14227.5 2344.39 7836.21 467.665 0 4848.3 3484.78 
14207.3 2367.77 7846.91 465.486 0 4961.52 3475.11 
14207.3 2367.14 7874.96 466.455 0 4681.81 3196.75 
14233.8 2372.27 7621.93 467.262 0 5091.17 3375.39 
14226.2 2424.25 7601 468.237 0 4702.82 3067.89 
14207.7 2408.15 7339.17 468.101 0 4629.14 3032.11 
14258.5 2417.69 7500.28 467.909 0 5106.31 3203.35 
14267.5 2456.72 7492.79 467.508 0 4898.09 2994.9 
14254.2 2478.97 7480.5 467.458 0 4908.64 2968.24 
14255.6 2480.41 7234.3 466.906 0 4925.69 3019.57 
14249.5 2477.1 7191.5 467.81 0 5002.46 2966.18 
14287 2486.88 7191.41 469.172 0 4993.31 2931.35 
14230.4 2510.72 7206.37 471.66 0 4868.41 3002.34 
14202.1 2516.4 7228.63 471.66 0 4856.73 3018.65 
14162.6 2491.59 7190.1 474.118 0 5014.25 2997.91 
14142.8 2502.06 7248.75 470.635 0 5217.59 3100.27 
14144.7 2502.02 7189.09 465.971 0 5076.94 3040.59 
14109.8 2503.78 7150.43 465.595 0 5666.95 3294.73 
14067.3 2492.76 7164.94 465.054 0 5682.29 3308.3 
13971.6 2496.89 7127.76 466.787 0 5552.21 3016.33 
14039.4 2498.46 7013.97 467.477 0 6149.71 3219.83 
14043.7 2479.8 7049.89 469.434 0 6050.83 3425.43 
14029.8 2483.79 6925.12 467.329 0 5593.25 3171.44 
14027.8 2483.87 7011.17 468.651 0 6390.6 3622.83 
14036.3 2485.43 6954.29 464.715 0 5532.65 3240.13 
13994.7 2536.19 6906.47 464.189 0 6386.72 3513.86 
13964.3 2533.39 6998.51 464.141 0 6359.25 3700.53 
13928 2543.08 6962.72 464.524 0 6078.59 3417.4 
13999.3 2531.84 6958.39 464.524 0 5637.33 3189.92 
13994.3 2526.93 6954.46 464.524 0 5623.54 3175 
13991.8 2535.46 7054.51 464.511 0 5932.97 3404.77 
13949.7 2519.08 7318.2 464.599 0 7157.37 3955.55 
14074.8 2509.98 7301.41 464.669 0 7450.86 4046.5 
14126.8 2497.16 7229.12 464.924 0 6244.46 3783.98 
14112.5 2517.57 7241.94 464.924 0 6227.79 3798.95 
14138.6 2515.73 7231.42 466.766 0 7599.65 4369.23 
14100.8 2518.99 7246.51 466.863 0 6603.17 3998 
14106.2 2518.85 7620.85 467.28 0 7874.59 4121.24 
14097.3 2524.25 7810.54 467.28 0 6917.62 3505.11 
14120.4 2525.64 7829.95 467.28 0 6977.35 3529.47 
14111.9 2540 8035.39 466.689 0 6804.45 3318.6 
14097.6 2542.7 8117.29 466.321 0 6931.23 3402.46 
14106.3 2519.55 7963.06 466.851 0 6797.27 3411.85 
14060.3 2520.1 7780.46 467.603 0 6731.56 3334.69 
14054.7 2522.94 7637.31 468.251 0 6682.5 3514.9 
14051.3 2521.7 8009.41 469.174 0 7014.16 3499.67 
14102.5 2528.55 8012.95 467.859 0 7113.27 3724.55 
14123.4 2536.2 8410.13 467.545 0 7041.84 3699.7 
14200.7 2546.89 8404.21 465.984 0 7096.03 3630.43 
14237.9 2520.27 8479.43 466.296 0 7879.43 3878.29 
14256.7 2557.52 8447.55 466.401 0 7824.48 3868.7 
14273 2551.4 8807.6 467.434 0 8338.13 4177.64 
14121.5 2569.56 8659.71 466.031 0 7636.1 3949.49 
14104.3 2573.27 8779.04 465.056 0 7701.7 3851.5 
14126 2544.82 8870.47 466.178 0 9868.15 4678.16 
14235.5 2588.09 8832.08 466.178 0 9854.67 4672.18 
14304.3 2557.82 8576.29 467.549 0 7657.15 4326.24 
14295.6 2585.73 8984.12 469.005 0 9354.2 4468.08 
14298.2 2587.1 8696.02 466.836 0 8251.55 4406.54 
14298.9 2627.66 8592.81 466.295 0 8024.9 4437.21 
14471.1 2723.81 8568.54 466.755 0 8019.94 4461.21 
14457.7 2749.32 8912.33 473.015 0 8814.19 4635.42 
14433.4 2808.87 8894.75 471.39 0 8250.68 4512.18 
14637.7 2858.37 9384.25 471.954 0 10566.4 5082.9 
14751.3 2819.57 9279.6 472.388 0 9852.61 5141.61 
14754.8 2824.92 9119.3 471.745 0 7944.61 4298.51 
14713.9 2812.87 9336.3 473.701 0 10523.7 5034.09 
14682.9 2952.9 9326.59 476.07 0 8370.05 4463.89 
14653.4 2753.7 9074.05 480.784 0 8252.5 4551.78 
14634.5 2780.62 9249.3 475.984 0 10633.9 5220 
14872.4 2793.12 9160.39 475.307 0 8740.63 4493.6 
14752.8 2876.48 9180.88 474.19 0 8751.47 4482.48 
14749.3 2874.39 9599.72 478.549 0 8736.87 4452.7 
14748 2884.38 9653.44 478.987 0 8656.45 4574.75 
14861.4 2982.15 9512.83 480.313 0 8423.59 4552.38 
14895.5 2940.6 9481.4 480.968 0 8401.03 4595.83 
15208.2 2917.37 9489.24 480.26 0 8398.62 4556.89 
15039.4 3005.28 9459.64 479.408 0 8411.75 4523.72 
15105.1 3045.01 9459.36 480.048 0 8518.4 4716.85 
15105.1 3045.43 9543.36 479.056 0 8569.55 4486.13 
15064.7 2994.87 9542.45 480.393 0 9406.16 4737.54 
14944.6 3100.61 9579.41 477.086 0 9352.1 4747.97 
14930.4 3144.41 9716.89 477.135 0 8888.04 4672.33 
14955.1 3156.17 9424.14 476.155 0 9926.33 4835.41 
14909.8 3204.24 9524.08 475.959 0 9296.63 4783.8 
14891 3128.31 9702.16 476.526 0 8735.83 4853.1 
14891 3129.12 9496.01 478.585 0 11405.2 5623.91 
14883.1 3145.18 9381.91 481.345 0 8556.04 5023.11 
14920.8 3159.15 9627.99 479.685 0 11231.3 5964.53 
14814.8 3160.03 9247.19 475.812 0 9628 5574.65 
15001.6 3182.11 9136.3 476.484 0 9430.55 5500.68 
14923.4 3201.81 9061.03 475.958 0 8200.17 5390.79 
14967.7 3172.78 9069.22 476.222 0 8198.04 5370.05 
14971.1 3176.04 9138.47 476.926 0 8346.24 5105.47 
14950.3 3160.74 9430.75 475.833 0 11123.3 5981.2 
14905.7 3135.65 9313.24 475.469 0 9630.05 5614.96 
14820.4 3181.69 9207.21 474.421 0 8007.46 5043.92 
14579.8 3270.26 9216.05 474.996 0 8020.55 5052.35 
14808.7 3214.98 9220.19 474.316 0 11359 5278.93 
14767.9 3300.85 9152.28 474.66 0 8131.99 5021.32 
14765.1 3300.75 2154.3 454.351 0 3108.53 10475.6 
14790.7 3295.64 2166.86 456.749 0 3116.12 10550.2 
14763.5 3333.29 2173.35 455.372 0 3115.27 10537.6 
14682.4 3322.78 2242.36 455.443 0 3196.03 10203.2 
14503.7 3383.59 2280.29 458.6 0 3131.56 10116.8 
14602.1 3355.16 2378.52 456.19 0 3129.2 9859.36 
14769.4 3359.54 2335.96 458.854 0 3029.26 9461.79 
14768.9 3359.73 2393.38 458.086 0 3011.25 9602.58 
14792.1 3351.64 2271.52 463.85 0 2925.02 10210.8 
14530.6 3323.35 2269.44 465.089 0 2924.85 10307 
14601.1 3394.79 2315.6 465.318 0 2991.15 10338.1 
14574.4 3401.27 2226.32 463.853 0 2956.27 10253.4 
14421.9 3455.37 2176.19 464.19 0 2928.75 10039.6 
14356.6 3471.58 2175.48 464.46 0 2936.48 10051.3 
14355 3465.55 2255.76 464.706 0 2888.06 9956.68 
14334.4 3469.64 2268.94 464.587 0 2965.85 10318.7 
14294.5 3437.08 2241.51 463.97 0 2931.72 10454 
14286.7 3512.1 2209.94 464.651 0 2922.77 10290 
14054.6 3643.89 2195.65 464.168 0 2908.21 10291.2 
13863.8 3626.17 2256.86 462.917 0 2871.31 10477.3 
13807.1 3593.9 2235.48 463.354 0 2841.96 10468.6 
13804.6 3595.01 2235.47 462.169 0 2916.7 10312.6 
13772 3577.16 2278.05 461.81 0 2928.04 10366.2 
13941.1 3622.87 2297.31 462.96 0 2918.08 10374.1 
14087.4 3729.74 2305.47 463.242 0 2891.56 10551.3 
13745.1 3688.12 2321.31 463.086 0 2959.04 10502.9 
13864.7 3742.79 2312.79 462.174 0 2933.5 10579.1 
13838.3 3715.23 2315.5 462.105 0 2928.9 10515.4 
13826 3714.75 2303.08 462.344 0 2936.54 10404.6 
13773.5 3716.17 2245.21 462.238 0 2922.46 9948.55 
13921.9 3716.81 2291.06 461.189 0 2925.29 9808.82 
13753.5 3769.68 2274.16 461.758 0 2911.05 9712.19 
13883 3644.52 2234.61 461.651 0 2882.72 9569.28 
13995.2 3637.84 2283.03 461.958 0 2935.12 9482.57 
14179.9 3661.88 2254.92 462.179 0 2926.98 9469.35 
14176.5 3669.15 2283.48 461.278 0 2960.21 9754.9 
14203.8 3661.07 2234.67 461.357 0 3019.14 9898.69 
13908.6 3614.87 2198.01 461.924 0 3009.6 10069.3 
13692.4 3343.11 2134.31 458.107 0 2995.62 10034.3 
13798.1 3394.77 2137.49 458.647 0 2993.09 10009.5 
13732.6 3515.74 2130.69 458.648 0 3004 10139.5 
13838.4 3517.82 2136.02 458.589 0 2991.61 10179.1 
13839.4 3516.39 2063.22 458.37 0 2890.13 10276 
13864.1 3510.4 2052.23 458.37 0 2875.08 10197.4 
14216.6 3548.9 2062.96 458.37 0 2882.13 10211.2 
14185.5 3637.69 2113.72 458.846 0 2923.3 10230.7 
14495.3 3620.05 2104.53 458.927 0 2934.06 10249.5 
14524.4 3659.47 2093.32 458.146 0 2957.37 10341.5 
14531 3656.35 2103.81 457.661 0 3019.96 10375.1 
14528 3660.61 2115.68 457.901 0 3017.16 10287.8 
14579.3 3688.19 2134.35 458.267 0 3016.18 10261 
14730.7 3551.71 2127.16 458.983 0 3012.15 10190.8 
14895.8 3534.42 2129.36 459.162 0 3000.47 10203.8 
14746.5 3578.73 2106.71 458.591 0 2959.11 10171.5 
14912.1 3564.02 2157.75 456.305 0 3024.69 10146.9 
14825.2 3541.93 2131.85 456.782 0 3018.25 10129 
14819.1 3544.01 2105.97 456.814 0 3056.54 10158.6 
14860.2 3491.39 2114.5 456.583 0 3092.1 10085.9 
15128 3357.94 2138.02 458.913 0 3118.28 10099.1 
15135.7 3364.52 2109.31 459.762 0 3079.23 10125.3 
15098 3283.39 2138.91 456.905 0 3079.19 10140.9 
15246.4 3358.1 2179.07 461.681 0 3118.47 10252.2 
15158.8 3386.66 2162.55 464.044 0 3098 10228.5 
15180.5 3390.3 2168 464.044 0 3103.73 10389.5 
15167.5 3392.44 2165 464.044 0 3102.5 10347.9 
14794.3 3194.74 2157.26 463.176 0 3103.24 10357.1 
14877.7 3325.77 2163.56 465.527 0 3064.7 10297.3 
14892.6 3206.71 2169.02 466.751 0 3095.42 10295.2 
14741.7 3118.04 2186.37 462.063 0 3115.96 10293.6 
14652.8 3217.82 2221.45 463.111 0 3127.36 10353.2 
14672.2 3215.35 2231.56 463.111 0 3095.72 10357.6 
14655.9 3218.7 2210.81 462.664 0 3149.91 10266.9 
14684.7 3011.06 2232.76 461.051 0 3142.66 10257.4 
14560.8 3102.64 2183.21 460.031 0 3165 10155.9 
14425.4 3055.92 2178.43 460.297 0 3071.2 10334.1 
14431.4 2885.68 2236.38 460.804 0 3097.98 10298.6 
14247 2935.34 2243.67 463.279 0 3094.5 10268.9 
14278.8 2935.77 2244.34 463.279 0 3101.35 10299 
14289.7 2934.65 2228.85 463.279 0 3050.78 10323.6 
14076 2646.8 2225.92 468.897 0 3039.33 10141 
14150.6 2638.14 2289.31 477.693 0 3082.17 10221.7 
13999.2 2619.92 2283.89 477.127 0 3070.84 10237.2 
13840.5 2510.02 2269.79 465.634 0 3069.52 10120.4 
14000.3 2545.74 2276.26 464.472 0 3041.84 10225 
19308 3504.12 4070.32 458.53 0 4590.44 6521.64 
19255.7 3491.96 4076.12 454.495 0 4580.88 6531.09 
18912.6 3330.72 4098.02 462.741 0 4592.17 6544.43 
18996.6 3416.65 4125.34 465.881 0 4643.12 6480.55 
18724.9 3375.32 4140.22 457.783 0 4631.12 6522.9 
18453.3 3399.72 4176.06 457.251 0 4633.63 6514.64 
18655.4 3360.19 4167.05 450.956 0 4582.69 6621.65 
18622.9 3372.3 4162.7 451.143 0 4558.41 6641.4 
18756.9 3350.91 4217.31 451.698 0 4653.48 6631.9 
18470.2 3169.42 4270.15 451.877 0 4638.02 6642.31 
18384.1 3176.31 4280.1 448.767 0 4570.35 6661.87 
18273.3 3199.51 4281.73 449.444 0 4570.89 6634.39 
17998.6 3019.65 4268.67 450.862 0 4546.75 6610.43 
17991.4 3042.63 4314.86 450.281 0 4553.47 6596.99 
17888.1 2941.65 4340.04 447.215 0 4613.09 6665.94 
17769.9 2979.35 4339.55 446.781 0 4701.33 6708.3 
17548.5 2808.77 4260.92 449.94 0 4729.96 6741.5 
17328.5 2727.65 4316.16 452.807 0 4768.42 6856.17 
17092.1 2781.63 4324.22 452.302 0 4782.79 6871.69 
16563.3 2474.52 4332.95 449.802 0 4847.93 6980.14 
16270.7 2269.01 4349.37 456.978 0 4848.98 7032.95 
15677.4 2032.99 4521.7 444.599 0 4984.1 7040.05 
15684.2 1975.8 4474.3 450.196 0 5001.25 7018.76 
15109.5 1899.32 4484.77 448.424 0 4998.26 7019.69 
14056.7 1712.8 4617.87 446.541 0 5234.4 7178.33 
13744.1 1718.05 4682.31 444.31 0 5273.98 7093.37 
13058.4 1652.47 4825.87 449.941 0 5309.79 7172.77 
12757.3 1642.72 4905.6 446.712 0 5358.4 7268.54 
12446 1661.17 4939.91 448.192 0 5450.06 7334.38 
11937.4 1662.72 4950.24 449.176 0 5424.29 7506.48 
11777.8 1555.46 4916.69 450.872 0 5444.88 7488.44 
11443.9 1568.64 5140.87 448.472 0 5539.44 7282.14 
11257.2 1486.05 5254.69 446.596 0 5541.49 7324.65 
11348.4 1499.66 5333.6 448.722 0 5646.48 7247.68 
11282.7 1503.42 5309.89 448.757 0 5645.98 7244.75 
11243.6 1490.02 5577.27 453.065 0 5737.68 7070.04 
11274.1 1490.4 5674.44 453.104 0 5724.35 7067.75 
11166.2 1451.61 5825.54 454.252 0 5863.35 7061.88 
11067.1 1442.99 5753.77 452.818 0 5919.1 6943.97 
10920.7 1435.63 5753.88 453.206 0 5906.02 6961.44 
11005.7 1508.73 5938.27 450 0 5944.36 6838.31 
10887.7 1543.64 6056.34 451.591 0 5963.38 6929.64 
10896.1 1554.04 6236.11 453.033 0 6051.38 6859.39 
10884.2 1535.56 6290.44 454.67 0 6080.77 6901.83 
10594.6 1551.38 6305.37 454.926 0 6082.63 6899.82 
10538.6 1493.13 6415.35 465.185 0 6165.85 7072.94 
10337.5 1452.45 6552.19 469.732 0 6183.35 7063.85 
10300.2 1364.29 6834.81 475.869 0 6320.01 7182.71 
10159.1 1410.75 6829.87 489.545 0 6381.94 7116.44 
10156.7 1416.7 6889.92 490.05 0 6439.57 7202.64 
10159.9 1385.4 7092.6 500.147 0 6632.35 6869.39 
10124.3 1329.38 7236.56 493.799 0 6791.9 6826.94 
10237.2 1324.07 7367.19 481.848 0 6842.21 6731.51 
10128 1348.1 7451.81 467.493 0 6966.12 6568.41 
10063.4 1327.12 7575.39 474.404 0 6980.3 6650.86 
9888.35 1304.18 7562.7 473.816 0 6976.3 6640.24 
9893.44 1292.65 7911.25 479.949 0 7028.05 6475.14 
9911.48 1277.1 7919.1 477.722 0 7061.61 6476.44 
9674.36 1244.73 7961.47 486.679 0 7078.56 6595.44 
9481.28 1268.47 7936.94 485.648 0 7166.59 6605.61 
9482.14 1249.73 7940.78 486.474 0 7152.63 6585.45 
9493.37 1227.82 8054.82 488.144 0 7168.75 6789.19 
9257.73 1129.08 8019.46 487.897 0 7132.82 6991.86 
9249.5 1141.41 8298.51 483.854 0 7201.02 6974.91 
9273.91 1145.11 8324.85 484.952 0 7229.56 7066.6 
8923.93 1049.93 8339.59 484.943 0 7250.91 7056.21 
9112.11 1019.12 8438.95 484.932 0 7301.91 7404 
8912.92 867.333 8651.21 484.322 0 7484.26 7400.54 
8916.23 843.342 8690.43 478.656 0 7497.2 7418.31 
8775.46 801.945 8809.37 475.79 0 7614.15 7456.57 
8759.16 801.351 8780.17 473.077 0 7567.3 7555.57 
8776 806.513 8914.95 469.128 0 7765.77 7648.77 
8877.04 728.249 9043.41 470.005 0 8087.12 7657.61 
8254.8 779.735 9123.54 464.208 0 7810.8 7853.1 
8411.15 653.132 9201.73 460.155 0 7860.55 7948 
8699.83 691.404 9325.6 461.382 0 7877.72 7921.75 
8512.33 664.552 9264.84 461.55 0 7913.36 7919.27 
8502.04 663.547 9356.54 458.76 0 8126.96 7917.67 
8547.87 646.706 10006.3 457.921 0 8441.4 7828.13 
8128.58 645.757 10045.7 452.857 0 8604.82 7945.83 
8135.43 659.309 10179.5 452.531 0 8604.52 8122.46 
8054.63 651.702 10138.1 458.388 0 8606.23 8155.04 
7902.53 673.047 9763.85 456.943 0 9217.11 9295.58 
7915.26 674.872 9787.63 457.077 0 9263.7 9513.8 
7919.95 659.267 10026.7 451.585 0 9664.5 9926.9 
7895.66 661.613 10041.8 452.824 0 9880.6 9955.32 
7845.34 625.655 10005.3 452.985 0 9882.7 9896.94 
7780.92 601.291 10231.1 457.843 0 10014.2 10606.6 
7636.53 602.568 10278.3 458.406 0 9876.13 10567.3 
7650.87 572.31 9791.76 459.594 0 9097.06 10760.7 
7732.21 562.653 9786.7 457.701 0 8739.01 10351.6 
7730.3 566.297 9588.5 454.943 0 8731.16 10246.2 
7727.45 570.102 9577.76 455.425 0 8568.3 10084.8 
7488.6 569 9556.19 455.859 0 8594.71 10177.9 
6853.6 542.795 9750.25 458.019 0 8612.53 9981.55 
6841.8 552.572 9763.77 459.987 0 8472.38 9887.41 
6812.36 551.238 9754.17 460.72 0 8372.44 9814.06 
6947.31 543.555 9725.25 461.359 0 8318.26 9818.2 
6939.65 549.415 11215.2 468.725 0 8370.06 8946 
6935.85 549.107 11222.8 471.934 0 8533.84 8660.35 
6848.42 511.508 10857.8 473.808 0 8635.47 9064.52 
6951.39 533.789 10817.8 474.078 0 8710.7 9147.17 
6775.86 500.48 10791.3 474.012 0 8713.38 9161.41 
6764.26 477.892 10722.8 470.926 0 8929.03 9455.83 
6829.24 469.875 10668.4 471.79 0 9083.69 9524.38 
6847.45 482.543 10697.4 463.238 0 10496.1 9684.67 
6831.81 487.473 10756.5 463.881 0 10704.8 9980.48 
6833.81 468.203 10768.8 462.696 0 10706.4 10016.8 
6873.52 462.859 10350.4 459.413 0 10349.9 9789.32 
6667.65 438.175 10317.4 460.6 0 10408.6 9937.42 
6863.46 451.487 10152.6 459.792 0 10341.9 9926.48 
6811.62 454.674 10434.6 456.95 0 10663.5 10303.9 
6816.33 455.095 10514.5 458.172 0 10847.3 10472.6 
6803.2 448.912 10353.3 457.669 0 11073.5 10954.6 
6628.67 426.208 10309 457.283 0 11071.3 10888.8 
6664.39 424.406 10218 457.277 0 10996.1 11084.3 
6623.46 411.575 10397.7 457.021 0 11080 11178 
6681.6 410.041 10322.5 456.901 0 11052.5 11255.5 
6644.18 410.094 10331.5 456.89 0 11061.8 11288.5 
33255.5 3586.51 2361.79 441.193 0 2895.88 944.468 
33765.4 3663.86 2358.36 442.384 0 2893.93 923.106 
33580.9 3788.25 2381.03 442.896 0 2922.65 928.786 
33873.2 3811.28 2367.99 444.672 0 2920.47 923.116 
33952.1 3801.97 2391.73 444.672 0 2922.99 921.291 
34240.5 3963.27 2367.91 443.41 0 2900.26 928.168 
34559.5 4039.09 2412.49 440.859 0 2896.14 932.192 
34647.2 4195.75 2418.41 441.944 0 2925.63 946.293 
34905.1 4210.65 2421.41 441.944 0 2938.17 934.698 
34989.6 4213.07 2478.06 442.737 0 2922.86 958.694 
48064.9 8539.63 265.693 439.999 0 551.475 314.752 
47976.4 8728.8 269.714 439.437 0 547.74 298.901 
48438.3 8949.75 274.678 441.764 0 542.985 316.086 
