1439
32888.5 2096.56 3073.64 572.654 0 3171.22 1252.14 
33127.3 2153.84 3105.8 576.278 0 3184.63 1268.78 
33051.3 2161.24 3092.92 576.383 0 3175.15 1285.76 
33344.9 2241.69 3118.81 574.847 0 3199.46 1300.29 
33325.7 2209.78 3054.84 575.111 0 3167.81 1266.15 
33390 2232.48 3079.84 575.111 0 3166.09 1274.12 
33365.8 2233.72 3059.87 572.97 0 3161.8 1276.69 
33666.2 2228.49 3064.7 572.716 0 3172.84 1256.71 
33706.2 2243.55 3056.48 571.223 0 3179.77 1251.81 
34096.9 2242.94 3098.21 570.987 0 3194.45 1248.65 
34419.8 2198.81 3078 572.693 0 3176.2 1255.53 
34630 2187.39 3046.38 565.412 0 3197.59 1266.12 
34635.8 2166.6 3057.16 564.674 0 3201.93 1264.35 
35019.8 2204.1 3084.7 570.312 0 3235.54 1280.9 
35123.6 2214.84 3098.12 570.221 0 3243.14 1283.97 
35106.2 2193.37 3116.12 571.654 0 3246.17 1281.66 
35412.1 2140.73 3123.96 570.094 0 3226.59 1277.75 
35475.4 2136.36 3129.52 569.648 0 3229.67 1270.64 
35408.1 2140.75 3123.58 569.648 0 3218.52 1264.68 
35563.3 2143.55 3169.8 569.782 0 3247.99 1303.42 
35593 2141.76 3138.22 569.52 0 3215.81 1288.22 
35681.5 2151.94 3108.29 570.782 0 3151.81 1273.72 
35820 2171.06 3137.72 570.053 0 3176.02 1285.75 
35830.7 2128.58 3151.49 570.053 0 3192.84 1284.2 
35829.1 2132.2 3154.21 568.251 0 3190.85 1281.58 
35679.9 2222.18 3116.31 568.257 0 3182.91 1300.57 
67486.4 9776.68 222.77 553.938 0 294.951 336.246 
67568.1 9936.06 219.435 553.807 0 283.572 333.453 
67338.6 10156.8 222.56 551.97 0 294.82 375.349 
67061.2 10288.7 227.887 542.821 0 271.601 405.469 
66972.9 10286.4 227.887 542.821 0 271.601 405.469 
68429.8 10904.7 214.616 553.005 0 271.237 348.056 
69164.8 10999.8 230.098 555.78 0 326.616 339.188 
69159.6 11241.8 235.809 561.652 0 314.39 339.436 
68871.3 11638.9 256.385 564.892 0 314.052 344.883 
69442.5 11702.1 254.906 566.579 0 316.861 332.192 
69088.9 11711.2 254.357 566.579 0 316.272 331.35 
68358.8 11991.3 252.323 564.568 0 298.384 387.067 
68664.7 12275.3 261.002 566.506 0 327.067 417.309 
68469.9 12347.4 236.987 564.553 0 368.533 390.466 
68155.9 12525.9 244.063 568.724 0 405.435 350.896 
68819.3 12556.5 240.246 571.399 0 373.301 320.758 
68842.5 12614.5 239.049 571.399 0 371.536 319.177 
69233.6 13285.1 261.002 573.624 0 359.241 422.794 
68499.6 13340.2 265.364 571.203 0 341.278 440.129 
67713.3 13416.1 267.725 576.163 0 372.949 426.572 
66983.4 13837.4 247.816 576.323 0 372.904 378.691 
67636.6 13687.2 236.213 580.688 0 389.183 370.819 
67501.2 13673.9 236.213 580.688 0 389.183 370.819 
65617.4 14110.3 268.553 577.032 0 396.24 368.056 
65106.2 14336.1 270.641 577.286 0 420.519 382.981 
64437.7 14390.8 269.413 569.256 0 408.558 405.735 
63406.1 15063.2 280.778 574.074 0 383.929 436.803 
63070.5 14948 281.671 577.11 0 410.951 425.081 
63160.3 14978.7 281.001 578.201 0 409.773 425.639 
61375.8 15210.2 270.676 589.99 0 416.746 435.93 
62198.2 15246.9 260.18 589.053 0 427.188 434.631 
61711.5 15737.6 251.46 582.657 0 353.594 517.566 
61885.8 15665 267.531 587.559 0 420.5 478.646 
62501.8 15872.7 263.377 586.6 0 436.511 518.942 
62482.8 15881.7 262.815 586.6 0 435.639 523.789 
63682.4 15384.4 279.158 588.423 0 434.017 483.609 
63564.3 15666.3 264.429 585.893 0 445.583 460.746 
63225.1 16057.8 241.179 584.918 0 495.676 510.908 
63668.7 16400.1 249.883 596.866 0 417.242 573.324 
63539.4 16768.6 256.096 591.564 0 390.186 610.525 
63561.9 16771.2 256.344 591.564 0 389.731 610.093 
60519.6 18618.1 247.639 589.317 0 306.785 652.68 
59491.1 18696.8 225.834 590.694 0 333.566 642.434 
59540.9 18762.5 233.774 592.497 0 298.15 603.439 
59599.7 19322.9 235.728 594.365 0 275.625 564.424 
58958.9 19670.1 219.913 594.912 0 260.277 443.466 
58933.9 19669.2 219.913 594.912 0 260.277 443.466 
60805.6 19084.1 232.396 594.322 0 222.409 416.328 
61406.2 19227 240.583 592.467 0 194.186 411.143 
61898.5 19111.6 200.187 591.975 0 170.11 376.158 
63948.1 18813.9 219.963 590.133 0 180.073 419.462 
64225 19277.6 241.038 588.057 0 185.139 462.515 
64334.4 19309 231.014 588.057 0 184.997 441.911 
66558.5 19375.8 235.512 588.965 0 178.857 530.901 
66916.2 19658.8 245.046 591.935 0 175.622 603.574 
67757.8 19019.8 256.218 592.827 0 177.368 577.407 
68080.7 19090.6 274.881 586.934 0 178.814 639.272 
67694.9 19411.4 280.217 593.702 0 181.469 653.076 
67698 19465.5 280.217 593.702 0 181.469 653.076 
70253.3 6207.21 167.096 561.943 0 220.753 186.96 
69718.9 6301.08 174.138 562.038 0 224.575 196.14 
69836.4 6429.98 166.842 561.721 0 213.915 189.873 
71105.5 7052.96 159.462 565.421 0 233.792 191.514 
70959.9 7634.49 163.439 565.504 0 211.825 198.634 
70907.1 7642.06 163.439 565.504 0 211.825 198.664 
71206.5 10124.7 165.637 565.504 0 206.514 190.911 
70820.3 10537.2 159.294 566.848 0 204.983 194.919 
69569.7 10932.9 167.146 563.784 0 230.591 207.959 
69583.6 10641.4 175.131 565.654 0 236.829 206.273 
68579.3 10281.1 210.575 568.637 0 243.971 232.79 
68481.3 10282.2 210.575 568.637 0 243.971 232.79 
68569.2 9617.57 168.156 566.387 0 159.963 156.837 
67034.6 10107.9 176.028 559.352 0 162.357 168.124 
64988.4 10118.1 153.612 564.851 0 150.615 140.231 
63122.6 9730.54 163.409 558.617 0 174.403 166.435 
62625.7 10521.9 178.417 557.115 0 180.451 176.59 
62593.8 10520.1 178.335 555.923 0 180.931 177.037 
62017.9 10315.5 236.355 565.651 0 234.563 265.196 
61957.7 10412 258.817 562.173 0 264.498 291.453 
64211.8 10416.7 232.779 564.57 0 270.058 283.637 
65858.3 10732.4 257.43 565.974 0 257.257 266.945 
66882.6 10518.7 240.636 566.273 0 250.02 242.873 
66868 10500.7 240.636 566.273 0 250.02 242.873 
69428.2 9099.52 258.109 565.784 0 295.154 274.873 
70083.5 8294.8 258.875 568.499 0 298.245 310.91 
72483.9 6807.93 240.333 565.193 0 315.352 271.198 
75434.5 5549.62 227.497 564.698 0 334.107 280.837 
76338.8 5203.38 233.35 564.077 0 303.158 301.829 
76294.8 5202.27 233.35 564.077 0 303.158 301.829 
78436 4586.14 234.753 562.453 0 259.434 341.532 
78824.9 4353.8 242.739 562.568 0 271.706 343.738 
80626.3 3361.53 272.737 562.102 0 239.135 384.305 
80718.1 2442.6 250.017 562.721 0 280.424 340.909 
80965.4 2068.12 236.055 559.982 0 280.183 359.697 
81081.7 2034.35 233.288 560.659 0 280.098 359.662 
81862.3 925.324 218.277 562.988 0 283.662 333.516 
81821.2 742.774 214.05 561.519 0 259.648 311.56 
80823.3 585.009 205.516 565.505 0 253.547 265.969 
76984 595.234 176.487 570.539 0 276.57 231.239 
74839 605.767 157.532 564.738 0 250.66 216.939 
74706.8 568.334 157.711 563.31 0 250.564 216.951 
65815 419.506 97.1362 564.537 0 134.383 100.842 
63565.2 490.572 96.6008 565.474 0 134.3 104.565 
60548.6 396.393 98.5019 564.234 0 133.018 101.513 
56423.5 346.423 95.0756 566.156 0 133.632 100.116 
53924.4 234.576 96.2405 566.183 0 134.009 99.07 
53950.4 234.519 96.2405 566.183 0 134.009 99.2257 
49463.3 103.091 94.0448 566.181 0 133.441 96.4687 
48115 62.152 94.1116 563.083 0 131.987 97.9121 
45396.9 14.5429 92.8865 558.127 0 130.574 96.4552 
42470.4 13.5475 93.2472 560.633 0 130.352 99.7303 
40852.4 11.8225 92.704 560.817 0 130.555 99.187 
40849.5 11.2934 91.6982 559.013 0 129.993 98.362 
33950.2 10.6454 94.0277 555.956 0 127.937 106.486 
31724.7 10.2035 95.4439 560.464 0 128.746 104.631 
24306.4 10.6178 94.7848 561.926 0 130.542 102.419 
21309.5 10.3012 93.9239 556.482 0 128.822 102.106 
19260.1 10.4455 94.1504 554.09 0 130.924 104.249 
19158.5 10.4025 94.1504 554.09 0 130.924 104.249 
11747.8 14.8216 83.753 565.248 0 134.124 89.9043 
10661.5 11.1413 80.1494 460.52 0 138.164 90.764 
8126.24 10.177 81.1115 353.06 0 194.744 86.7573 
6224.56 12.991 92.9277 328.092 0 222.475 95.309 
5500.34 13.7072 95.0194 330.954 0 258.827 94.6615 
5489.46 8.88346 91.3188 328.864 0 258.901 92.5127 
3502.28 10.9831 93.2028 357.991 0 218.229 100.932 
3008.88 9.42342 105.019 386.116 0 156.873 96.4788 
2567.08 6.31796 90.33 431.89 0 116.026 94.7078 
2439.29 5.12769 75.5966 444.139 0 109.115 101.029 
2040.35 4.89955 89.8706 700.203 0 120.147 107.653 
2051.95 4.89955 89.8706 700.203 0 120.147 107.653 
1279.94 4.70964 94.0431 305.958 0 217.081 104.831 
1429.3 4.70312 98.6242 327.639 0 258.786 101.482 
1243.75 7.32705 106.461 363.931 0 191.149 104.85 
1014.5 7.22579 111.799 404.009 0 165.912 109.843 
838.778 6.70583 102.39 424.98 0 158.684 102.379 
840.229 6.70583 102.39 424.98 0 158.684 102.379 
553.223 9.59072 91.2917 439.504 0 141.484 105.401 
494.541 11.8798 90.3196 443.748 0 133.617 100.704 
431.382 12.387 83.175 469.3 0 131.47 96.2019 
357.382 12.6488 80.9894 480.787 0 134.194 92.2861 
305.066 13.0073 83.9445 479.472 0 132.209 100.89 
328.281 13.0073 83.9445 479.472 0 132.209 100.851 
294.305 14.1178 82.3628 481.095 0 132.247 98.1041 
174.559 15.3214 85.6402 483.791 0 132.783 101.528 
171.779 46.6928 96.5909 482.655 0 137.267 113.871 
181.13 41.3784 150.149 485.325 0 161.971 185.717 
118.577 43.1839 201.809 485.435 0 181.811 235.761 
106.969 43.1839 201.809 485.435 0 181.811 235.761 
123.575 42.517 294.557 487.619 0 210.551 347.196 
138.85 52.5767 317.78 496.611 0 219.297 352.345 
125.592 28.8178 374.921 500.144 0 239.311 431.754 
91.1707 30.6569 426.008 495.065 0 237.904 498.994 
94.9573 29.8356 454.869 499.07 0 246.769 509.912 
94.9573 29.8356 454.514 497.015 0 246.173 509.066 
118.214 84.9923 546.307 504.64 0 279.352 616.258 
135.024 89.4076 556.891 500.398 0 309.633 607.069 
163.395 99.5516 556.956 497.057 0 299.753 637.848 
213.453 143.899 568.606 498.365 0 303.669 629.103 
204.626 148.309 553.319 496.345 0 307 614.761 
201.724 148.309 553.253 496.345 0 307.163 614.783 
240.702 200.779 650.113 524.774 0 536.728 727.079 
240.457 205.814 703.574 518.428 0 639.497 797.588 
237.795 180.378 704.979 536.592 0 681.323 772.948 
247.108 176.39 758.46 533.878 0 833.27 795.022 
227.921 176.93 781.355 518.222 0 874.91 823.573 
227.921 176.948 784.363 518.222 0 876.979 825.594 
263.714 180.921 1314.02 524.781 0 1226.11 1160.34 
228.648 207.057 1526.32 511.382 0 1314.87 1295.27 
281.889 212.407 1882.12 531.667 0 1442.82 1441.85 
285.513 255.822 2210.21 539.883 0 1572.7 1624.31 
287.089 240.876 2333.99 541.134 0 1621.47 1703.99 
272.216 237.3 2335.5 541.134 0 1621.5 1704.41 
300.878 278.67 2438.28 537.437 0 1692.5 1778.75 
250.497 247.481 2432.67 536.32 0 1659.89 1769.55 
302.127 282.894 2486.29 536.548 0 1669.71 1843.89 
282.775 266.99 2562.41 531.699 0 1690.89 1837.23 
338.436 268.451 2647.26 528.52 0 1698.06 1905.11 
339.161 268.451 2646.3 528.52 0 1695.52 1905.36 
326.466 258.868 2725.94 566.683 0 1850.29 2003.71 
354.154 256.406 2806.88 570.98 0 1905.95 1991.32 
94215.6 358.073 280.361 529.45 0 550.207 303.335 
94191.2 374.784 283.419 530.654 0 499.3 344.097 
94083.5 376.249 272.037 528.297 0 520.81 337.808 
94048.9 375.303 272.479 530.173 0 519.544 338.135 
92467.2 380.079 226.591 529.842 0 536.488 277.257 
92344.7 387.533 230.624 528.819 0 555.295 274.234 
91701.2 395.262 228.757 529.157 0 485.641 311.721 
92487.3 385.492 251.121 528.821 0 492.299 291.168 
92247.4 384.344 224.549 530.885 0 476.564 260.307 
92150.6 385.228 223.395 530.885 0 468.999 259.272 
93052.5 377.469 265.702 530.445 0 487.012 291.062 
93285.4 416.198 258.003 532.67 0 477.381 287.565 
93672.9 415.068 242.515 530.992 0 467.65 277.041 
92914.8 429.089 254.989 530.645 0 435.584 305.565 
93653.3 403.628 248.878 529.893 0 419.168 319.877 
93731.8 400.401 248.97 529.893 0 419.121 317.478 
92748.2 426.046 313.948 530.035 0 439.521 311.019 
92484.3 440.817 308.19 528.979 0 457.424 304.715 
92049.7 458.033 281.125 525.788 0 461.996 280.849 
91666.3 461.493 289.377 525.914 0 511.239 322.434 
90311.8 481.313 281.814 527.43 0 506.919 314.47 
90333.2 481.325 278.776 527.43 0 512.308 315.56 
89556.5 498.428 274.524 528.592 0 564.46 283.576 
88323.5 505.359 288.661 530.145 0 578.322 279.492 
89457 488.16 237.581 529.417 0 569.441 255.897 
90253 496.673 275.158 530.376 0 595.222 283.301 
89399.1 489.078 283.743 530.427 0 607.789 281.296 
89350.9 492.117 284.011 530.799 0 607.948 285.285 
90513.1 497.118 277.426 475.913 0 591.894 282.091 
91367 463.486 266.297 461.99 0 583.276 327.056 
91863.8 458.552 275.21 440.262 0 615.385 302.455 
92352.6 438.293 225.199 354.603 0 640.585 283.37 
92466.9 443.535 224.366 346.693 0 689.496 292.515 
92447.1 443.355 224.366 346.693 0 689.115 292.456 
93023.2 433.701 222.377 352.885 0 661.784 311.023 
92747.9 427.872 197.451 591.482 0 608.083 281.295 
92913.6 428.373 233.782 478.915 0 629.768 301.164 
92550.7 429.417 205.818 404.785 0 672.265 287.037 
92627.4 413.074 223.919 363.279 0 734.108 313.089 
92633.9 408.11 223.919 363.279 0 733.498 313.086 
92865.6 405.813 242.093 339.285 0 695.802 377.708 
92025 433.407 251.227 358.747 0 655.506 359.171 
92053 436.531 287.979 564.988 0 605.669 405.607 
92551.5 445.32 256.103 581.683 0 591.55 423.863 
93567.7 439.984 253.296 561.76 0 557.391 430.533 
93233 438.692 255.987 560.834 0 556.897 430.634 
93499.2 421.759 250.085 563.437 0 514.237 421.698 
93266.5 394.52 242.299 562.412 0 517.024 419.534 
92469 406.194 256.278 563.704 0 486.018 447.51 
92456.3 407.045 250.495 560.291 0 493.664 439.942 
92610.8 405.559 248.788 560.254 0 468.58 454.681 
92657.3 406.69 247.171 560.324 0 473.926 456.232 
92519.1 401.069 246.166 562.72 0 466.632 442.506 
92386.8 407.92 232.026 562.628 0 447.291 460.3 
92744 419.78 245.535 562.628 0 454.127 457.714 
92582.4 417.855 244.724 562.302 0 475.112 429.818 
92620.6 423.303 251.82 561.74 0 441.025 457.796 
92483.9 424.609 250.809 561.74 0 441.594 457.673 
93622.8 395.226 225.623 548.113 0 459.829 459.649 
93663.2 384.958 228.7 551.209 0 455.557 456.935 
93345.2 390.52 235.966 551.09 0 454.829 456.872 
93242.8 385.514 229.817 551.09 0 435.994 441.789 
93200.1 396.02 232.992 550.904 0 442.798 446.926 
93157.6 395.429 232.286 550.904 0 441.769 447.542 
92266.2 392.883 231.653 550.904 0 431.601 466.154 
92234.4 388.62 230.795 551.286 0 449.999 457.463 
92545.1 386.675 257.712 551.286 0 450.613 474.718 
92409.8 403.567 256.718 551.286 0 436.365 446.813 
92779.6 403.654 251.993 551.286 0 453.551 408.713 
92836.3 403.654 251.993 551.286 0 453.551 408.611 
94293.2 394.315 263.381 551.286 0 460.809 440.412 
94429.3 402.975 271.068 551.286 0 457.916 441.945 
7.29018 186.495 1557.51 603.291 0 18976.6 2696.66 
7.49133 169.09 1475.72 593.891 0 18378.8 2258.59 
6.72648 147.157 1460.56 585.435 0 18018.7 2014.34 
7.0081 147.71 1455.29 585.198 0 17945.9 2009.37 
8.90428 114.832 1173.53 592.974 0 17245.6 1236.49 
9.0263 121.278 1139.93 599.936 0 16819.5 1151.5 
2.98102 108.961 1137.9 597.754 0 16695.3 1181.06 
5.9232 103.466 1212.4 590.377 0 16776.2 1270.57 
4.99523 86.3972 1293.61 594.419 0 16825.5 1395.17 
4.99523 86.3794 1299.59 594.419 0 16840 1405.46 
6.68492 107.071 1691.84 596.268 0 18077.3 3230.43 
5.67782 122.875 1688.03 602.36 0 18139.6 3710.26 
6.40464 124.131 1831.31 609.465 0 18899.1 4559.57 
9.59087 116.002 2080.94 604.569 0 18461.9 5077.68 
9.58953 126.23 2089.22 607.526 0 18338.6 5131.71 
10.4344 128.554 2084.64 605.728 0 18357.3 5130.03 
4.67071 117.528 2217.02 597.64 0 17927 4869.75 
5.95943 139.563 2333.5 591.334 0 17441.3 4572.46 
4.26974 126.832 2355.67 590.307 0 16955.5 3901.71 
4.51113 85.9144 2385.3 593.678 0 16205.1 3428.14 
4.67205 70.7305 2341.21 594.784 0 15528.1 3423.19 
6.84718 75.8238 2337.36 594.784 0 15540 3418.59 
4.15038 69.2192 2539.69 597.556 0 15200.1 3343.59 
3.94656 104.729 2623.97 601.965 0 15473.1 3482.68 
6.93031 140.241 2776.01 602.128 0 15503 3413.51 
44.1326 117.406 2707.8 597.272 0 15988.5 2999.14 
4.15038 170.509 2799.49 599.81 0 15991.8 3050.68 
4.15038 170.491 2795.38 599.81 0 16020.9 2956.18 
3.8272 145.46 2903.21 599.649 0 17061.9 2890.95 
3.70785 114.518 2881.08 591.549 0 17149.5 2843.2 
6.60846 133.217 3075.72 592.391 0 16898.9 2839.3 
4.06725 158.332 2978.33 587.763 0 16397.5 3001.43 
3.86523 159.371 3117.72 590.676 0 15947.7 3060.66 
3.90546 157.657 3113.71 590.44 0 15973.1 3055.77 
192.111 693.591 2862.59 613.507 0 13691.2 4671.59 
191.549 608.218 2773.56 617.365 0 13905.5 4508.75 
170.262 554.245 2322.3 617.234 0 13703.3 4297.96 
101.58 591.598 2214.42 619.775 0 13251.4 4344.92 
134.59 429.478 1997.06 618.135 0 13080.4 4234 
134.59 428.471 2012.34 618.135 0 13038.1 4238.05 
106.739 463.149 1908.4 617.845 0 11996.1 4387.2 
215.369 469.609 1867.27 617.612 0 11979 4261.01 
255.514 303.278 1941.22 617.069 0 11961.3 4151.28 
192.307 200.374 1943.14 617.494 0 12485 4125.99 
112.984 225.306 2021.23 616.654 0 12610.5 4120.53 
109.96 218.593 2031.5 616.654 0 12619.8 4097.11 
360.734 251.86 2090.16 615.434 0 14344.2 4217.4 
372.309 247.13 2105.42 616.986 0 14476.3 4361.43 
273.795 256.304 2687.36 614.809 0 15383 4199.22 
270.204 261.27 3228.49 611.559 0 15195.7 4539.08 
135.105 243.859 3630.28 615.959 0 15010.3 4577.71 
135.105 249.07 3631.29 616.782 0 15066.1 4543.11 
246.232 333.076 3994.85 612.651 0 13515.8 4708.4 
219.11 430.705 3822.17 615.835 0 13322.6 4623.89 
235.549 394.28 3681.95 621.949 0 13164.9 4363.18 
286.629 441.582 3594.67 604.321 0 13222.1 4256.8 
272.392 396.885 3263.08 615.843 0 13049.4 3781.49 
270.901 393.028 3266.14 615.843 0 13006.6 3794.42 
71.6756 273.166 2950.01 604.484 0 12735.8 3586.97 
142.612 322.379 2380.99 606.027 0 13202.2 3569.58 
104.003 277.58 2296.88 601.369 0 13126.2 3460.19 
83.2431 298.184 2229.72 606.006 0 12543.1 3687.67 
115.496 320.1 2486.49 608.187 0 12259.8 4023.51 
115.496 320.1 2479.71 608.187 0 12249.6 4006.04 
409.78 342.049 2426.37 605.183 0 12085.5 4266.66 
291.527 373.023 2531.03 605.183 0 12278.7 4045.94 
409.839 309.82 2559.85 616.016 0 12439.9 3721.06 
310.158 404.107 2514.46 616.016 0 12423.6 3782.38 
272.804 384.121 2438.24 616.016 0 11995.4 3893.38 
278.93 389.894 2439.21 616.016 0 11899.3 3901.86 
232.66 201.488 2333.05 615.956 0 10897.1 3504.91 
191.583 231.129 2477.98 615.956 0 11108.7 3492.2 
194.164 204.118 2625.49 617.198 0 10991 3446.67 
249.592 248.673 2896.9 617.198 0 11344.2 3427.12 
225.604 197.067 3077.75 617.198 0 11317.7 3746.12 
231.408 196.526 3051.86 617.198 0 11320.2 3741.26 
254.793 197.454 3510.59 615.834 0 12411.6 3785.59 
201.832 179.078 3750.87 620.68 0 12325.2 4026.8 
259.864 178.475 3724.66 620.987 0 12572.2 4073.39 
229.635 229.793 3811.76 620.37 0 12588.1 4285.4 
221.324 256.69 3932.05 619.057 0 12016.9 4446.71 
209.717 256.69 3943.78 619.057 0 11999.5 4410.13 
338.822 353.611 3738.34 602.912 0 11191.7 4377.83 
380.251 327.282 3998.44 605.258 0 10520.5 4416.87 
276.264 308.817 3958.7 608.123 0 9982.86 3793.56 
197.342 333.563 3945.96 619.312 0 9369.86 3695.26 
197.343 289.023 3757.01 625.281 0 8967.87 3563.08 
197.343 289.023 3696.28 625.281 0 8945.5 3535.21 
217.828 268.919 3498.81 617.764 0 9198.33 3481.06 
168.576 236.181 3290.13 615.466 0 9389.46 3437.62 
143.993 266.496 3276.28 620.342 0 9249.57 3428.41 
171.807 311.363 3220.89 617.992 0 9772.68 3316.48 
237.901 275.195 3347.39 617.701 0 9698.77 3423.89 
237.901 274.547 3344.48 616.552 0 9697.12 3402.5 
179.975 154.97 2931.62 609.018 0 10310 3888.48 
164.903 146.423 3206.99 607.342 0 10136.7 4028.45 
168.137 263.901 3136.29 607.384 0 9946.55 4100.17 
137.471 343.251 2970.93 609.523 0 9388.88 3884.97 
132.634 273.802 3134.38 611.441 0 9070.93 4012.93 
133.319 274.13 3129.79 611.441 0 9036.63 3986.83 
142.312 228.667 3110.89 614.461 0 8705 3715.31 
240.441 195.537 3112.83 614.256 0 8382.41 3606.86 
243.866 223.176 3138.76 615.143 0 8177.22 3394.95 
258.298 206.737 3145.1 614.178 0 8218.21 3458.51 
269.426 162.371 3040.05 614.399 0 8167.86 3638.3 
267.289 162.332 3036.77 613.987 0 8167.55 3632.22 
330.241 194.618 3294.8 613.917 0 8202.5 3777.04 
334.189 201.745 3441.02 613.69 0 8341.17 3648.3 
298.478 145.901 3657.73 613.815 0 8484.71 3647.41 
216.495 171.7 3935.06 613.244 0 8507.75 3853.72 
132.224 201.506 3843.51 613.377 0 8477.53 3997.54 
132.224 201.471 3845.65 613.511 0 8417.81 3995.2 
246.326 261.899 4042.67 615.354 0 9784.71 3895.37 
214.725 278.293 4056.12 615.337 0 10052.7 3965.92 
297.509 283.106 4332.8 616.439 0 10444.5 4147.74 
243.503 330.787 4178.15 618.205 0 10596.4 3998.89 
214.323 264.929 4089.49 614.785 0 10425.2 4164.05 
214.323 263.812 4084.96 614.785 0 10415.7 4198.35 
153.5 302.185 4411.11 613.637 0 9187.49 4289.82 
240.24 328.529 4619.64 610.24 0 9085.66 4239.73 
184.017 313.225 5150.25 605.42 0 8625.81 4073.71 
124.447 381.764 5254.53 607.484 0 8518.16 3679.54 
162.777 360.538 5018.18 605.95 0 8121.11 3559.33 
162.495 359.998 5002.41 605.95 0 8143.94 3539.56 
81.8056 379.575 4489.35 599.784 0 8016.39 2919.78 
110.946 415.459 4489.96 602.674 0 7743.95 3071.06 
104.945 345.45 4576.58 608.394 0 7310.31 3191.9 
140.935 325.926 4335.94 603.749 0 6581.88 3451.21 
152.18 263.473 4260.64 607.462 0 6359.69 3336.07 
152.18 263.473 4224.37 607.462 0 6333.22 3330.05 
67.6579 214.824 4171.15 599.712 0 6614.22 3200.66 
83.1054 159.309 4050.02 605.277 0 6564.93 3195.17 
139.847 135.658 3613.53 604.852 0 6241.04 2899.49 
63.5934 153.265 3109.34 604.737 0 6059.93 2552.86 
35.6655 109.439 2988.26 601.978 0 5983.67 2485.13 
35.7057 110.831 2963.55 601.978 0 5962.69 2474.35 
116.275 162.282 3327.08 601.611 0 6212.78 2342.75 
141.907 168.435 3466.34 602.068 0 6436.93 2314.4 
199.577 179.83 3785.1 612.814 0 6885.85 2468.74 
173.264 161.552 4299.75 612.631 0 7331.29 2643.78 
145.773 147.273 4452.8 610.042 0 7416.2 2762.81 
145.773 147.867 4474.99 610.042 0 7394.44 2779.09 
237.545 151.677 4962.26 611.456 0 8128.76 3112.06 
135.158 142.856 5412.36 607.383 0 8441.71 3191.64 
100.703 164.617 5550.19 602.88 0 9622.7 3433.27 
124.131 165.906 5986.14 610.557 0 10431.7 3920.27 
148.959 166.169 5872.19 617.6 0 10679.2 3858.03 
148.959 167.382 5866.45 617.6 0 10669.7 3850.88 
156.964 157.249 5449.39 604.033 0 12303.7 4271.64 
135.199 133.598 5352.61 602.843 0 12501 4192.28 
125.241 168.777 4632.53 606.434 0 12209.2 4046.84 
203.031 193.123 4519.7 596.249 0 12759.9 3906.56 
317.781 234.26 4117.1 609.311 0 13575.2 3403.01 
317.781 236.565 4107.88 609.267 0 13579.8 3401.47 
235.644 171.167 3626.88 609.267 0 14689.9 3160.66 
206.296 198.885 3541.35 612.391 0 14791.8 3196.4 
161.109 209.512 3600.35 608.934 0 15202.1 3337.29 
371.309 232.343 3774.71 607.287 0 16334 3392.84 
392.779 249.885 3787.76 610.922 0 16597.1 3444.68 
397.857 250.008 3792.48 610.922 0 16584.9 3428.54 
335.48 290.084 3930.92 607.781 0 17140.3 3321.43 
265.55 272.698 4049.94 608.948 0 17175.3 3384.87 
442.163 187.128 4192.57 613.338 0 16037.9 3557.76 
268.285 262.746 4261.22 612.979 0 15646.2 3887.09 
209.288 215.645 4260.38 612.003 0 15617.7 3756.88 
209.288 215.615 4276.62 612.003 0 15609.5 3765.29 
53.0343 224.888 4363.27 612.732 0 16335.4 3602.8 
86.0848 247.514 4413.54 614.569 0 16293 3482.62 
51.6209 217.053 4634.7 611.577 0 16948.3 3473 
152.221 242.813 4559.31 611.525 0 17009.9 3322.24 
128.068 255.564 4611.4 610.109 0 16989.5 3362.45 
128.793 256.752 4623.65 610.109 0 17008.3 3360.1 
189.001 370.037 5118.98 607.52 0 17697.4 3840.08 
228.935 343.527 4945.28 611.949 0 18007.9 3478.5 
189.179 597.93 5067.21 612.058 0 17499.8 3728.16 
243.377 519.345 4849.46 613.901 0 17495.2 3345.7 
156.27 449.555 4842.04 615.387 0 17720.1 3092.81 
154.774 454.734 4827.05 615.387 0 17715.2 3068.67 
215.185 189.141 4436.36 608.135 0 17188.2 2909.7 
261.023 238.625 4199.9 609.603 0 17365.9 2895.58 
228.889 475.667 3994.99 610.054 0 16818.9 2862.31 
233.904 451.767 3895.78 611.067 0 16532.5 2757.99 
215.844 394.188 3972.99 610.884 0 16685.5 2812.02 
215.964 389.122 3975.5 610.884 0 16662.4 2838.18 
1016.35 130.576 14113.7 620.055 0 10377.6 4401.13 
1098.33 111.29 14328.7 618.068 0 10397.9 4432.77 
1125.65 124.392 14405.8 618.985 0 10308.3 4524.13 
1097.89 127.716 14468.1 618.444 0 10267.2 4546.06 
1121.47 134.06 14541.5 618.067 0 10261.6 4603.19 
1102.73 132.175 14567.1 618.122 0 10272.9 4608.33 
1129.12 121.276 14505.6 623.346 0 10248.7 4548.53 
1130.78 125.498 14630.9 622.484 0 10243.1 4562.88 
1147.86 122.914 14653 623.593 0 10220.7 4536.53 
1017.44 113.594 14730.5 622.206 0 10255.2 4536.55 
1029.16 125.086 14748.1 623.157 0 10217.9 4518.35 
981.806 124.556 14766.3 623.017 0 10228.3 4516.19 
974.591 111.29 14771.2 615.989 0 10314.6 4530.94 
1093.69 114.724 14844.7 617.051 0 10288.9 4547.9 
1012.44 107.701 14839.5 617.115 0 10279.8 4605.17 
1159.18 113.327 14855.2 618.646 0 10252.5 4580.71 
1124.48 109.547 14838.3 621.117 0 10250.6 4609.46 
1124.48 109.565 14831.1 621.599 0 10248.1 4600.57 
1286.74 98.1569 14816.9 622.062 0 10333.6 4558.7 
1309.84 93.7785 14925.6 622.244 0 10293.4 4561.81 
1308.26 108.607 14842.1 623.687 0 10255.3 4562.77 
1319.11 101.013 14882.8 625.439 0 10296.5 4550.53 
1339.14 104.238 14942.2 625.08 0 10275 4564.1 
1340.63 103.441 14921.1 625.118 0 10288.4 4563.66 
1262.92 87.659 14967.1 633.755 0 10335 4582.9 
1214.68 95.391 15115 632.411 0 10312.6 4630.67 
1128.19 93.5464 15048.5 627.089 0 10292.3 4617.24 
1213.68 92.9709 15152.7 627.409 0 10308.8 4594.37 
1062.26 86.4529 14716.8 641.264 0 10480 4503.7 
1062.26 86.4529 14716.8 641.264 0 10480 4503.7 
1142.18 94.3164 14837.1 639.224 0 10476.6 4538.31 
1142.06 91.5076 14988.7 632.846 0 10416.1 4558 
1090.26 103.011 14920.7 632.39 0 10419.9 4550.24 
1158.82 100.304 15054.1 634.362 0 10449 4588.1 
1212.79 91.5929 15158.7 633.75 0 10497.1 4601.75 
1212.79 91.5751 15186 632.814 0 10504 4607.68 
1056.93 88.5336 15136.5 628.728 0 10495.8 4615.83 
1096.56 91.0681 15172.2 633.047 0 10472.1 4641.53 
1067.98 86.4331 15274.2 630.172 0 10487.8 4660.86 
1095.22 88.7825 15238.1 631.869 0 10624.9 4732.3 
1060.24 78.9746 15255 632.247 0 10655.8 4728.25 
1060.24 78.2737 15261.1 631.612 0 10654.8 4729.71 
1032.99 77.2302 15244.4 633.615 0 10797.2 4717.57 
1082.81 88.7799 15335.7 638.768 0 10731 4745.76 
1088.29 81.5603 15187.3 637.927 0 10548.2 4722.9 
1042.27 85.0355 15250.1 641.782 0 10436 4745.82 
1006.04 93.5618 15313.2 643.025 0 10393.8 4759.26 
1001.68 94.444 15295 643.046 0 10390.9 4751.29 
956.742 94.6696 15098.4 641.365 0 10547.8 4639.11 
889.195 79.3747 15140.9 638.276 0 10639.6 4653.05 
829.747 83.9585 15169 640.474 0 10716.2 4737.15 
779.407 88.315 15388 630.029 0 10730.7 4895.68 
825.84 86.0035 15302.1 625.82 0 10583.3 4825.74 
827.291 85.5341 15276.8 626.177 0 10581.7 4822.17 
816.166 87.4806 15339.9 625.86 0 10552.9 4795.13 
812.501 78.9249 15303 622.965 0 10512 4860.34 
735.725 71.4782 15036.3 625.237 0 10598.7 4671.52 
625.412 83.2717 15081.6 619.869 0 10633.4 4732.6 
603.849 84.4868 14902.9 618.411 0 10734.9 4645.97 
606.026 84.2044 14863.5 619.797 0 10727 4623.82 
586.075 80.4208 15003.4 622.292 0 10738.8 4684.17 
559.356 70.7709 15175.5 623.779 0 10753.1 4724.42 
514.861 75.5814 15116.9 623.343 0 10725.8 4702.91 
535.292 88.6098 15294.9 625.061 0 10775.7 4783.91 
479.11 75.7696 15295.2 626.836 0 10767.5 4775.06 
479.11 77.3202 15277.2 626.836 0 10773.5 4785.08 
373.142 77.1631 15375.4 627.807 0 10763 4798.28 
365.207 73.7266 15484.4 628.939 0 10745.9 4845.27 
378.342 82.4051 15347 630.425 0 10713.8 4791.65 
354.845 86.0604 15365.7 625.767 0 10723.9 4817.32 
275.042 78.2347 15403 624.04 0 10683 4862.49 
288.101 77.8866 15406.2 624.04 0 10692.6 4861.8 
311.756 90.4898 15348.5 621.03 0 10677.4 4746.89 
255.168 86.9965 15463.7 622.797 0 10647.4 4804.95 
291.646 85.6302 15464.6 620.986 0 10672.2 4822.37 
179.799 94.2817 15504.6 616.258 0 10680.4 4820.3 
173.88 103.4 15387 618.502 0 10638.6 4806.79 
181.86 103.962 15357.1 618.945 0 10632.5 4804.59 
165.296 95.1598 15509.1 615.002 0 10617 4818.04 
129.585 91.4775 15471 617.615 0 10578 4878.98 
122.127 91.8432 15568.1 618.66 0 10579.1 4849.32 
87.1021 88.9666 15786.1 620.346 0 10633.2 4953.61 
111.487 104.514 15754.3 618.447 0 10595.2 4921.5 
111.487 104.531 15753.8 619.75 0 10595.7 4922.69 
38.8474 39.4504 16965.9 597.276 0 7227.99 12357.3 
56.1068 55.2803 17280.7 611.017 0 7255.34 13727.1 
47.8903 50.7994 17246.4 592.58 0 7197.53 13130.5 
65.0831 45.2015 16449.6 596.615 0 7427.28 12756.1 
57.5303 63.3179 15304.1 588.952 0 7554.24 12212.4 
58.254 62.9278 15311.5 589.595 0 7568.4 12215.5 
54.3544 57.5757 15524 595.435 0 7616.48 11575.9 
47.8085 53.371 16154.8 609.363 0 8004.3 11668 
50.8949 73.547 15922.7 602.078 0 8490.98 11957.7 
57.3809 54.5921 16239.5 632.675 0 8613.84 12928.6 
61.6501 78.0379 16444 628.01 0 8887.42 13649.7 
59.0315 75.566 16496.2 628.255 0 8903.49 13686.4 
59.9341 59.9569 16195 633.252 0 8003.5 12222.5 
57.7703 69.2503 16322.4 636.192 0 7377.29 11593.7 
61.346 59.8754 15334.9 639.825 0 7189.71 11484.9 
68.7517 57.8838 14365.3 604.611 0 7442.66 11220.6 
73.3041 74.0434 14058.3 606.084 0 7667.41 10936.6 
74.786 74.929 14119.5 606.084 0 7689.13 10992.1 
77.3425 66.6032 14058.6 606.56 0 7756.24 10168 
61.2187 66.8697 14446.5 602.646 0 7683.25 10348.3 
56.7332 62.6164 15237.2 605.314 0 7598.83 11776.6 
56.0869 67.8283 16210.2 620.943 0 7733.66 12429.2 
57.8358 78.3959 16056.7 616.649 0 7653.19 12146.6 
57.8358 78.3959 16088.2 616.445 0 7666.92 12186.6 
36.7192 61.4184 14385.5 641.006 0 8223.14 7748.95 
58.4128 49.7971 14057.4 627.923 0 8534.89 7293.39 
65.545 66.9795 14261.6 644.57 0 8415.68 7340.31 
106.316 49.3621 14256.5 600.307 0 8227.17 7061.48 
100.159 62.1911 14337.1 601.498 0 8419.65 7332.84 
100.159 62.0485 14319.9 601.498 0 8417.83 7335.08 
64.474 45.3143 16743.1 621.868 0 7862.1 11367.9 
78.4246 58.389 16677.4 618.819 0 7702.67 11520 
1.24715 24.9099 2219.69 603.098 0 12179.8 956.562 
4.22956 26.3527 2440.4 603.098 0 12038 1037.17 
4.38781 25.6052 2503.5 600.813 0 11961.4 1038.48 
4.38781 25.8933 2511.22 600.606 0 11992.1 1039.65 
9.17527 42.9947 2855.74 600.606 0 12158.2 1215.8 
11.8796 33.0858 3036.25 600.606 0 12327 1308.97 
12.812 38.5498 3043.79 599.357 0 12434.7 1577.71 
15.6291 30.704 2915.49 603.981 0 12451.1 1625.9 
13.1714 46.7665 2741.76 606.809 0 12401.9 1607.1 
13.1714 46.7665 2767.85 605.437 0 12394.4 1611.26 
8.05815 28.0213 2706.98 619.248 0 12023 1426.47 
6.56828 31.8812 2607.82 606.222 0 12104.1 1509.82 
4.67343 22.156 2625.09 606.965 0 11886.9 1373.8 
8.66294 20.0722 2723.48 618.047 0 11679.8 1326.53 
4.51251 21.4229 2669.65 618.225 0 11613.6 1289.95 
4.51251 21.2951 2642.39 618.225 0 11580.6 1281.95 
1.45097 16.1877 3398.43 618.11 0 11479 1576.8 
7.2951 14.1317 3483.23 619.501 0 11415.6 1652.01 
7.49625 14.7736 3564.62 609.781 0 11380.6 1985.54 
0 15.6141 3982.01 614.981 0 11687.7 2359.56 
9.47022 13.3322 4214.42 614.611 0 11886.8 2566.5 
9.47022 12.7203 4201.68 615.54 0 11873.4 2569.04 
0 21.9761 4341.26 615.174 0 12622.3 2665.28 
4.31002 19.9593 4329.8 612.486 0 12711.2 2653.46 
14.0243 29.6337 4461.71 603.989 0 13234.7 2799.79 
10.6382 29.0861 4289.85 604.14 0 13129 2759.26 
3.98817 37.9987 4377.15 605.969 0 13108.8 2723.92 
3.98817 37.9987 4381.92 605.962 0 13136.3 2726.56 
0.725487 20.2453 4254.62 633.922 0 12669.8 2743.28 
0 11.1206 4256.84 624.157 0 12501.7 2671.66 
0 14.8514 4245.6 629.967 0 12232 2476.61 
0 17.1355 4214.99 635.485 0 11740.3 2144.23 
0 15.1838 4142.35 641.487 0 11596.1 1957.78 
0 15.2373 4134.97 641.487 0 11589.1 1956.29 
0 15.724 3984.94 617.168 0 11127.6 1309.71 
0 19.8971 4137.89 618.399 0 11263.5 1329.49 
0 24.7296 4305.04 610.195 0 11502.6 1431.17 
0 29.0514 4318.65 609.126 0 11634.4 1554.75 
0 30.3973 4523.83 608.849 0 11778 1593.73 
0 30.3973 4538.12 608.849 0 11751.7 1604.12 
0 30.8426 4872.6 604.511 0 12447.3 1648.22 
0 27.1088 4534.84 598.579 0 12441.9 1592.04 
0 35.7259 4082.18 602.297 0 12471.7 1436.68 
0 35.643 3485.41 591.167 0 12267.2 1276.01 
0 31.0213 3393.03 588.957 0 12237.8 1234.95 
0 31.0213 3373.27 588.957 0 12274.5 1224.58 
0 24.0469 2227.06 594.696 0 12120.4 827.753 
0 21.0618 2083.5 595.367 0 12201.1 798.862 
0 21.8667 1820.06 592.23 0 12276.3 794.233 
0 23.5954 1543.2 592.264 0 12338.4 762.634 
0 26.3874 1590.69 592.908 0 12412.3 753.75 
0 26.7112 1590.73 592.908 0 12412.3 751.659 
0 24.3559 1586.03 591.357 0 13198.1 876.983 
0 28.4252 1692.31 587.951 0 11236.1 2322.35 
0.0402307 22.9235 1634.21 69.3885 2 8773.91 2254.48 
0 25.1133 1988.88 217.258 2 8570.5 2308.14 
3.62743 21.9288 2068.56 216.83 2 8740.2 2290.85 
3.62743 21.9288 2063.63 216.83 2 8765.99 2291.78 
0 7.33638 2745.76 132.503 2 15272.7 4775.55 
0 2.87815 2487.16 38.3805 2 12892 3134.96 
0 8.85739 7020.35 165.051 2 11676.2 11437.4 
0 3.72469 1556.69 749.303 0 5391.22 2498.68 
1.45097 3.73946 1553.59 744.404 0 5247.49 2514.87 
1.45097 3.73946 1553.18 744.404 0 5246.2 2515.19 
0 20.7889 1682.03 186.433 2 9205.53 1747.6 
0 10.0068 1555.85 295.454 0 11429 1745.93 
13.0588 9.34713 1702.46 234.66 2 6445.96 2678.43 
0 3.86113 2064.93 0 2 5175.34 3288.45 
0 4.46996 2041.2 0 2 5078.94 3392.27 
0.0402307 4.50211 2043.64 0 2 5079.67 3390.6 
0 1.25938 1062.61 265.844 0 10710.4 4123.61 
0 16.0186 3293.23 113.532 2 15641 8190.84 
0 0.594056 1690.52 49.0083 2 9147.82 4255.26 
0 0 681.977 7.47615 2 11644.1 6329.58 
0 0 688.45 7.4352 2 11648.2 6370.34 
0 0 690.263 7.4352 2 11635.9 6369.62 
0 0 3.1152 504.786 0 4.11209 52.8038 
0 0 0.91014 261.421 0 1.43586 4.37316 
0 0 2.37644 1.15048 2 13.2095 179.719 
12063.3 765.036 2873.84 29.476 2 1866.58 5503.65 
12088.7 765.618 2873.07 29.476 2 1865.87 5496.25 
12095.2 765.618 2873.07 29.476 2 1866.09 5496.26 
59975.6 14907.2 3695.89 0.0139075 2 1177.45 2636.38 
59877.9 15313.2 3616.75 0.0177707 2 1134.89 2514.39 
59166.4 15818.6 3567.16 0.0332235 2 1121.27 2453.59 
59101.9 16384.2 3299.27 0.0115896 2 1056.79 2260.96 
59060.9 16803.3 3297.99 0 2 1029.71 2267.52 
59031.3 16836.6 3305.78 0 2 1032.73 2269.3 
58316.6 17490 3131.09 0.00927168 2 1003.17 2125.42 
58428.4 17560.6 3076.79 0 2 979.38 2061.41 
57684.2 17466.6 2940.07 0.00927168 2 944.24 1949.59 
57094.7 18418.5 2741.38 0.00927168 2 865.152 1778.49 
57612.9 18364.2 2724.18 0.0115896 2 865.116 1753.04 
57449.6 18299.3 2726.52 0.0115896 2 863.887 1753.23 
56924.3 19186 2457.82 0.0185434 2 817.419 1653 
56836.6 19474.3 2311.39 0.00849904 2 785.674 1622.1 
56004.9 19595.7 2223.66 0.0973526 2 796.675 1558.71 
55843 19699.6 2113.2 0.287422 2 754.798 1564.07 
55741.6 20391.1 2022.79 0.22252 2 747.509 1534.8 
55649.8 20344.1 2015.17 0.22252 2 745.885 1535.31 
54226.1 21484.9 1787.28 0.797361 2 721.835 1369.8 
53339.6 21769.8 1752.19 0.774182 2 664.034 1284.4 
52171.4 22471.1 1657.69 0.723188 2 626.624 1222.85 
51424.6 22699.5 1560.51 0.526166 2 578.838 1093.18 
50152.4 23446.1 1375.36 1.10796 2 487.642 1004.18 
50067.5 23407.7 1375.66 1.10796 2 489.24 997.681 
48231.9 24293.4 931.352 2.14175 2 466.922 815.221 
48692.8 24022.5 927.496 1.954 2 446.238 819.577 
45460.9 25166 695.172 2.56979 2 368.876 754.982 
43027.5 25963.9 497.521 2.19351 2 312.44 605.593 
43082.8 25966.3 480.047 2.3295 2 305.888 606.979 
42952.6 25964.2 479.765 2.3295 2 305.323 605.961 
38509.6 29284.4 198.079 3.33238 2 139.464 296.704 
37203.1 30414.7 168.15 3.06427 2 120.403 256.871 
37029.3 31363.5 103.617 3.42973 2 82.1442 167.43 
36197 33104.8 70.3048 2.48095 2 73.9789 124.568 
37057.7 33099.7 78.8775 2.35887 2 61.1788 121.232 
37120.2 33111.9 78.1661 2.35887 2 61.0243 122.862 
36106.4 34867.3 79.5783 1.43402 2 90.0286 115.201 
35599.8 35745.7 69.1798 0.867668 2 80.447 100.441 
35914.4 36347.4 71.9761 0.734004 2 86.8234 106.002 
34613.5 38494.1 73.1451 0.0231792 2 95.7195 105.262 
34780.7 38408.8 76.0328 0.0231792 2 87.6949 106.074 
34783.7 38448.6 76.0322 0.0231792 2 88.0266 106.248 
27698 39878 96.5908 0.0185434 2 125.73 129.342 
27635.4 40148.6 92.4559 0 2 126.136 124.304 
26658.1 42033.8 104.21 0.143711 2 120.713 109.727 
26934.4 42271.2 75.7743 0.180798 2 137.822 94.6233 
27011.6 42575.9 74.4344 0.180798 2 136.893 95.3136 
27014.3 42520.2 74.4344 0.180798 2 136.893 95.3136 
23863.8 44038.6 54.9993 1.1945 2 74.9386 79.7506 
23809.9 44081.2 54.5868 1.18059 2 80.3858 80.7863 
21653.2 45029.7 46.2621 1.55146 2 36.1369 82.6983 
21007.2 45435.5 45.2404 2.14176 2 37.7019 77.8511 
20818 46061.2 36.6757 2.47089 2 30.4664 70.5196 
20730.8 46096.5 36.0706 2.47089 2 31.0653 69.5852 
18801.6 46227.1 47.8326 2.93753 2 36.1001 91.3926 
18586.9 46172.2 50.1529 3.25893 2 40.4279 97.8316 
18424.2 46421.2 49.0907 3.44436 2 38.1707 96.4402 
17774.4 46903.5 46.6116 3.6545 2 35.6152 87.662 
17780.7 46815.1 49.3984 3.75339 2 35.3691 88.6507 
17695.1 46837.4 49.5136 3.75339 2 35.4791 88.3262 
17461.6 46854.1 47.1777 3.53089 2 32.4458 78.3245 
17234 46737.8 40.6705 3.33928 2 29.7432 72.4658 
16795.4 46881.1 39.4349 3.12914 2 25.5423 68.1789 
15659.4 47361.7 30.1944 3.15386 2 30.4656 68.9458 
14860.6 47907.1 33.9066 3.21412 2 36.2243 75.2633 
14771.3 47927.9 34.1609 3.21412 2 36.1493 75.4288 
12969.7 48549.7 38.7513 1.70445 2 32.4214 74.1105 
11442.5 49204.8 38.7765 1.34594 2 34.6376 75.2547 
10560.3 50616.5 36.7022 1.10641 2 33.6362 81.3816 
7994.79 49924.1 71.2524 0.451222 2 95.314 97.9003 
7794.88 50503.2 70.7062 0.451222 2 105.445 100.344 
7791.38 50536.2 70.7062 0.451222 2 105.445 100.344 
6855.23 50113.6 100.275 0.0231792 2 109.564 122.294 
6738.73 50480.7 103.202 0 2 111.958 126.537 
5876.01 50998.2 93.1074 0.945707 2 76.6968 98.7082 
5606.7 50451.9 94.6592 1.53369 2 92.3168 112.352 
5513.55 50407.3 91.7846 1.71681 2 94.5318 111.948 
5343.04 50477.7 91.3573 1.71681 2 95.0711 109.554 
5837.38 46024 84.6227 2.33568 2 94.9793 114.502 
5671.25 46338.3 88.7263 2.31404 2 99.5415 116.943 
7510.77 43887.6 77.2329 2.45467 2 79.6959 109.417 
8121.93 42677.2 77.6089 3.14464 2 85.0795 97.7718 
9555.36 41633.3 78.8425 3.36251 2 86.9799 98.9391 
9534.81 41555.5 78.8509 3.26979 2 87.4339 99.324 
15005 38152.6 75.0978 2.54197 2 74.9787 96.9394 
17133.8 37420.5 80.5966 1.98645 2 70.5199 92.9609 
19142.5 36732.3 75.216 2.5242 2 68.4991 87.5331 
23968.4 34885.8 70.6255 1.33512 2 58.5886 80.6109 
23879.7 34827.2 66.2325 1.29803 2 56.5436 77.8518 
23843.8 34825 66.2325 1.34439 2 56.5436 77.8518 
30476.3 33109.2 71.7385 0.544709 2 52.1856 79.838 
32379.3 31365 56.1891 0.268879 2 71.0601 71.3308 
33785.9 31002.3 53.6646 0.173844 2 60.9156 70.2592 
37710 30539.1 77.6591 0 2 60.3369 75.0983 
37781.9 30686.1 75.514 0 2 64.6993 74.7067 
37780.7 30678.1 75.6105 0 2 64.7292 74.895 
44172 28306.2 58.4165 0 2 61.4608 80.1011 
46300.5 27246.2 63.201 0 2 58.2677 64.7384 
50978.6 25922.9 71.1761 0.00695376 2 61.2337 74.94 
53935 24566.3 56.9223 0.00695376 2 61.9136 76.9448 
56831.8 23627.3 79.8956 0.00695376 2 64.3026 78.8244 
56831.1 23542.3 79.9186 0.00695376 2 64.3272 78.8728 
65814.9 19512.8 72.7461 0.0115896 2 65.6987 83.4513 
69283.6 18027.5 66.044 0.00463584 2 62.9778 68.576 
73442.4 16916.2 72.8834 0 2 49.8536 74.7198 
79575.6 14905.4 75.354 0 2 45.2714 67.1423 
83002.4 14113.6 85.887 0 2 46.8948 90.3226 
83052.2 14205.6 85.887 0 2 46.8948 90.3226 
92717.8 10255.5 36.9906 0.0185434 2 18.7835 29.0844 
96041.6 8970.34 31.5388 0 2 21.5653 25.233 
99196.3 8139.48 17.8624 0 2 10.5228 17.3587 
104960 6692.21 6.89678 0 2 6.90644 9.85436 
107823 6513.41 18.4758 0.16689 2 8.11979 9.56319 
107821 6524.91 18.4758 0.16689 2 8.11979 9.56319 
110389 3850.96 1.94773 0.0347688 2 2.19849 4.04494 
112384 3307.82 9.82491 0 2 4.75376 13.7328 
114735 2288.8 43.6286 0 2 51.5332 45.1106 
119079 1440.93 88.862 0.0486763 2 111.182 97.3722 
119967 1253.37 86.2689 0 2 105.344 89.6282 
119962 1254.83 86.2689 0 2 105.426 89.6771 
121011 773.561 87.6445 0 2 66.5815 65.517 
121208 660.527 74.5099 0.129804 2 82.187 67.1239 
120439 340.72 50.324 1.37452 2 116.309 62.1268 
118639 253.534 62.0363 2.89275 2 122.208 86.708 
117500 203.022 90.5978 3.57653 2 80.555 89.3286 
117676 203.348 90.5978 3.37255 2 80.555 89.3286 
103769 77.9839 82.406 3.30533 2 81.6733 89.3756 
100400 74.0694 82.1362 2.1232 2 85.6955 74.4354 
94074.9 52.2003 69.8964 0 2 109.605 78.271 
85999.8 54.412 83.8736 0 2 126.72 93.7401 
86003 49.5168 86.8551 0 2 128.307 95.4198 
86049.5 49.2287 87.1897 0 2 128.435 96.277 
58825.9 38.7097 67.5045 0 2 118.146 74.6064 
53025 37.5168 65.2915 0 2 95.3439 63.923 
48590.4 36.5051 55.2481 0 2 68.8095 48.5996 
39925.9 34.5167 34.2392 0.0602659 2 59.4405 44.8387 
36779.8 33.9129 36.8284 1.30266 2 34.8218 41.7746 
36781.2 35.0015 36.9383 1.30266 2 34.9252 42.2091 
26342.3 30.9769 30.9766 4.49674 2 10.6866 38.7309 
23145.2 32.2015 16.8257 5.53052 2 30.0576 24.486 
17713.4 34.0076 17.8455 7.60041 2 11.4706 24.0565 
13977.2 30.7177 16.203 6.40901 2 5.38003 25.8688 
11477.5 30.9222 12.9109 6.68252 2 5.00572 28.4779 
11193 31.0521 12.9109 6.68252 2 5.08759 28.5657 
7700.92 27.2596 1.95851 3.90104 2 2.04251 15.3879 
6542.64 22.6551 1.31509 3.69706 2 2.27586 20.7323 
5732.93 22.1836 1.46483 1.51359 2 2.36564 22.332 
5334.78 19.1988 2.54709 1.45101 2 2.38913 24.7238 
4955.26 19.7133 2.54709 0.785772 2 2.35347 24.2567 
4874 19.7133 2.54709 0.785772 2 2.35347 24.2567 
3879.34 17.1214 2.47801 0.815904 2 2.31122 25.4469 
3851.04 17.1214 2.52406 0.667558 2 2.32881 24.9868 
3639.78 17.3899 2.52406 0.296693 2 2.32881 18.5249 
3331.52 19.0895 2.52406 0.445039 2 2.32881 24.4807 
2997.71 17.9992 2.52406 0.445039 2 2.32881 22.8069 
3003.52 17.9992 2.52406 0.445039 2 2.32881 21.9894 
2184.33 18.4692 2.52406 0.11126 2 2.32881 12.9194 
2867.15 17.9779 2.47801 0.27815 2 2.31122 19.6468 
2674.02 18.4874 2.47801 0.0556301 2 2.31122 29.6121 
2297.6 18.0392 2.52406 0 2 2.32881 34.7966 
1953.65 18.4783 2.52406 0 2 2.32881 34.4851 
1918.83 18.4783 2.52406 0 2 2.32881 34.4851 
1167.25 18.2895 2.52406 0 2 2.32881 38.962 
1198.4 18.5161 2.66222 0 2 2.47673 47.1939 
948.158 17.9023 26.667 0 2 11.4547 97.49 
1050.53 17.9488 48.0488 0 2 16.8698 127.598 
971.251 17.9527 70.1325 0 2 24.862 134.902 
971.251 17.9527 70.1325 0 2 24.862 134.902 
469.833 42.1667 206.942 0 2 149.096 350.849 
440.693 55.7901 269.5 0 2 127.605 425.365 
406.635 76.6706 283.67 0 2 117.029 414.325 
2035.1 93.7365 315.903 13.9941 2 114.136 906.474 
3249.33 112.518 352.648 49.9714 2 109.849 1029.93 
3259.6 114.407 352.734 50.1197 2 109.947 1048.44 
3534.48 567.418 5001.02 152.488 2 1117.64 4217.63 
4568.14 684.659 6433.87 168.016 2 1343.79 4762.82 
10185.2 1297.31 11497.6 116.544 2 2864.68 10647.7 
9370.77 1883.16 13729.8 109.498 2 7635.11 12085.1 
10114 2207.82 14169.4 119.78 2 7943.43 11501.9 
10171.2 2198.62 14168.1 117.848 2 7924.06 11533.8 
7389.09 2153.4 14277.1 90.903 2 11305.7 10048.8 
7332.05 2186.42 14256.3 88.7697 2 11077.2 10152.2 
7275.06 2260.36 12836.4 86.9023 2 12528.5 9827.87 
7152.5 2287.46 12492.1 86.0299 2 13224 9930.43 
6956.96 2282.55 12461.2 86.2548 2 13340 9843.01 
6959.54 2277.76 12484.6 83.797 2 13212.2 9820.08 
6849.8 2679.83 12210.6 93.16 2 13376.4 9483.23 
6884.96 2663.23 12283.7 96.076 2 13198.4 9633.13 
6537.34 2182.81 12664.9 87.3232 2 13346.2 9487.02 
6447.17 2212.2 12758.5 90.1752 2 13251.5 9480.23 
7190.48 2453.95 11973.5 93.5548 2 12523.5 9476 
7321.07 2471.92 11939 93.9736 2 12515.6 9473.28 
6604.4 2213.21 13035.5 106.925 2 12834.6 9834.28 
6553.25 2197.67 13071.7 106.925 2 12897.3 9855.84 
7090.39 2238.12 12040.9 122.362 2 13531.6 9596.54 
7538.1 2480.61 10895.1 105.65 2 14268 9222.7 
7527.05 2491.59 10820 109.313 2 14240.2 9218.69 
7527.59 2497.53 10813.8 109.313 2 14242.5 9218.05 
5777.46 2287.31 12854.2 112.975 2 12830 9328.68 
7525.53 2431 11620.6 119.017 2 12281.4 9023.49 
7546.22 2576.3 11636.7 115.591 2 12418.4 8992.74 
6002.82 2456.18 12939 119.242 2 12290.1 9321.46 
6044.08 2451.43 12930.1 119.242 2 12257.4 9294.04 
6030.08 2455.91 12918.8 119.26 2 12284.7 9288.76 
7226.71 2699.35 10949.7 110.595 2 13885.3 9394 
6372.47 2760.84 11451.1 108.965 2 14501.7 9278.8 
5234.47 2588.99 12517 120.83 2 13369.7 9205.83 
6822.12 2740.35 10705.9 120.096 2 14038.2 9287.65 
6825.08 2744.52 10663.6 121.051 2 14043.6 9275.01 
6826.13 2742.39 10644.3 121.051 2 14108.8 9285.1 
5071.2 2597.24 12437 120.563 2 13188.6 9669.15 
5661.14 2680.03 11966.9 128.125 2 13089.8 9949.08 
6954.23 4123.44 11016 111.234 2 13099.1 9776.85 
6106.35 3753.38 11553.3 119.567 2 13350.2 9749.96 
5984.64 3724.68 11475.4 119.67 2 13288.1 9717.16 
5985.36 3724.68 11358.1 119.67 2 13538.8 9704.76 
6575.27 3951.26 11081.6 120.602 2 13505.1 9762.96 
6449.03 4160.28 10837.1 113.731 2 13910.8 9723.1 
4711.8 3716.86 11340 102.658 2 14608.8 9625.6 
5788.44 3440.31 11073.2 98.1077 2 14420.9 9735.04 
5865.99 3473.8 10827.5 102.997 2 14106.6 10200.5 
5959.16 3473.92 10762.9 102.997 2 14353.7 10202.1 
6118.66 3314.5 10808 99.177 2 14390.5 9916.23 
5081.9 2902.52 11071.2 101.846 2 14774.2 9838.12 
7002.94 2936.05 9931.45 99.0304 2 14717.4 9652.71 
6956.14 2922.57 9868.77 105.024 2 14575.1 9589.69 
7068.64 2921.57 9816.38 105.024 2 14695.2 9529.36 
7074.44 2921.02 9827.75 105.024 2 14697.3 9531.65 
6724.29 2495.8 10469.8 118.978 2 14205.5 9732.77 
8044.64 3167.04 10045.3 120.869 2 13836.6 9539.16 
6905.92 2704.68 11107.8 88.9506 2 13647.4 9585.65 
6190.45 2508.63 11744.6 98.2023 2 13747.8 9390.17 
6116.57 2500.37 11737.6 98.2023 2 13770.4 9385.89 
6113.56 2496.67 11738.6 98.2023 2 13771.5 9394.13 
7413.35 3442.6 10572.6 114.899 2 13773.7 8788.42 
6598.99 2893.56 12042.4 110.916 2 12853.6 8907.09 
7242.39 2982.01 10918.2 106.315 2 13806.2 8381.08 
8148.66 3619.71 9616.89 109.735 2 13766.9 8092.43 
8103.97 3601.68 9464.37 109.737 2 14249.9 8061.8 
8103.65 3601.83 9463.05 109.737 2 14295.9 8068.72 
6767.9 3000.28 11889.6 112.415 2 13060.5 8287.71 
7670.22 3338.58 9713.98 120.097 2 14104.7 7429.65 
7965.03 3348 9609.7 115.053 2 14314.2 7244.14 
7171.99 3814.27 12092.1 125.754 2 12292.1 7635.84 
7171.18 3809.44 12102.6 125.754 2 12291.7 7610.54 
7122.4 3812.31 12103.1 128.145 2 12291.2 7616.11 
8887.97 3874.59 9489.24 128.833 2 13689.7 6990.79 
7648.96 3881.47 9986.43 118.86 2 14382.8 7102.31 
6623.65 3566.16 11316.3 115.556 2 13087.4 7351.43 
8594.65 3980.18 9169.47 115.192 2 13920.1 7112.75 
8626 3982.4 9061.04 118.21 2 14100.7 7183.65 
8515.7 3985.94 9087.7 118.21 2 14034.9 7189.13 
7260.62 3744.59 11632.8 117.478 2 11870.5 7826.68 
7596.5 3550.62 10912.1 124.014 2 11189.6 7819.44 
9472.1 3566.83 9915.52 97.3379 2 11121.9 7446.77 
7839.62 3712.63 10559.6 97.3756 2 11739.3 7795.02 
7886.49 3729.7 10508 97.3756 2 11876.8 7782.84 
7877.99 3738.32 10507.5 97.7558 2 11895.5 7792.22 
8650.43 3745.29 9605.95 93.9885 2 11382.2 7749.05 
8823.68 3913.7 9613.63 93.2924 2 11430 7795.13 
7298.18 3881.44 10850 93.6097 2 11510.4 8061.8 
8068.02 4159.32 10088.2 85.9303 2 11670.8 7841.11 
7934.93 4136.44 10050.3 86.4905 2 11760.1 7888.14 
7935.66 4134.18 10060.2 86.4905 2 11732.5 7888.66 
8222.74 3964.7 10145.8 86.0819 2 11467.8 7723.64 
7053.12 3261.1 10620.4 88.4732 2 11743.7 7976.9 
9920.97 4453.37 9256.76 83.7956 2 11842.1 7627.96 
9289.4 4474.43 9340.3 89.0464 2 12008.2 7774.22 
9454.41 4529.63 9354.26 89.0426 2 11944.2 7828.77 
9408.05 4539.87 9319.69 89.0426 2 11972.3 7824.72 
8699.04 3838.28 9564.13 83.6224 2 12279.2 8177.72 
9728.8 4803.74 9391.07 78.9703 2 11618.8 8051.77 
8005.12 4011.54 10085.8 76.9453 2 12024.7 8569.8 
6982.36 3001.39 10801.4 78.8799 2 12031.2 8979.61 
6987.42 2997.27 10870.2 79.0475 2 11896.9 9044.82 
7028.05 2993.32 10854.9 79.0475 2 11900.1 9052.69 
7840.57 3670.83 10609 79.1573 2 11852.7 9252.71 
7568.85 3585.31 10803.8 84.7897 2 12109.5 9342.77 
7647.12 3484.74 10582.1 78.5592 2 12173.8 9626.46 
8732.86 3955.12 9633.74 71.5545 2 11942.3 9371.21 
9096.62 4750.95 9290.7 68.8718 2 12280.9 9563.83 
9059.06 4751.62 9269.99 68.8718 2 12386.7 9552.01 
9370.42 7328.41 8451 60.2984 2 11568.6 9098.04 
8691.55 7189.23 8632.64 67.7902 2 11803.9 9378.81 
8269.86 6266.32 9497.05 65.4947 2 11857.1 9723.01 
7527.29 5254.28 10101.3 59.81 2 12234.2 10320.4 
7503.79 5273.71 10129.1 61.4843 2 12118.7 10317.3 
7581.14 5272.59 10099.6 62.1364 2 12094.2 10306.9 
8489.53 6013.91 9602.36 64.8102 2 10666.3 10100.7 
8889.63 7364.56 8918.3 48.3602 2 10327.8 9626.02 
8373.98 7930.17 8730.98 40.2729 2 10466 9362.97 
8340.86 8098.02 8818.64 48.4034 2 10864 9420.37 
8382.35 8018.66 8773.54 49.183 2 10912.3 9450.1 
8343.71 7975.97 8814.57 49.1884 2 10834.1 9465.73 
7813.13 5687.91 10508.5 51.1038 2 10372.1 10524.6 
7825.77 5596.39 10391.7 44.4204 2 10406.7 10439.5 
8440.94 6681.07 9238.84 50.7499 2 10831.3 9739.76 
8960.03 8060.58 8892.5 40.9534 2 10389.8 9178.06 
8716.41 8271.16 8865.46 39.4328 2 10302.9 9169.02 
8664.43 8271.04 8866.36 39.9536 2 10248.4 9159.95 
8097.62 8644.04 8776.23 45.4487 2 10944.2 8807.08 
8222.73 8248.83 9248.7 47.2946 2 11371.9 9179.43 
8356.17 6647.04 10087.6 49.5515 2 11827.5 9322.78 
8094.28 6510.18 10074 56.9751 2 12068.8 9254.91 
8108.24 6420.21 10089.9 56.9751 2 12068.4 9245.29 
8139.75 6420.72 10114.1 56.9751 2 11978.7 9286.63 
8400.57 9052.51 8742.29 45.4679 2 9977.78 7960.64 
8294.35 9105.16 8804.54 43.6167 2 10019.9 7861.16 
8590.61 8709.98 9316.85 41.3127 2 10132.2 7956.18 
8603.61 8065.41 9811.64 42.2414 2 10396.5 8194.63 
8733.74 8148.37 9744.85 42.2306 2 10634.5 8135.98 
8736.04 8122.22 9748.9 42.2306 2 10659.8 8149.36 
9059.13 5840.51 10314 67.5245 2 10792.3 8499.39 
9007.77 6400.48 9849.4 72.5752 2 10082.2 8288.19 
8650.62 7472.28 9334.04 71.3908 2 9583.5 7990.79 
8419.17 7230.94 9530.86 102.824 2 9731.45 8172.23 
8473.83 7331.77 9524.04 102.824 2 9775.94 8147.21 
8525 7330.41 9523.43 102.824 2 9802.71 8145.83 
8864.73 5520.03 10818.7 120.242 2 10581.6 8423.8 
9208.85 3800.53 11204 135.513 2 11295.9 8318.3 
9762.92 3039.29 11837 128.191 2 11318.2 8337.45 
9677 2834.65 11698.1 158.396 2 10484.9 8319.09 
9699.45 2832.04 11641.3 157.888 2 10479.7 8284.41 
9698.92 2845.08 11651.3 157.874 2 10482.8 8289.27 
8336.58 1870.2 11615.3 138.044 2 10285.5 8456.96 
8182.76 1180.91 12264.9 140.774 2 10584.4 8588.97 
8173.68 351.035 13472.3 147.495 2 11171.7 8789.91 
7096.26 296.002 14802 185.406 2 11914.8 9133.86 
6943.13 293.257 14831.9 185.41 2 11922.9 9080.74 
6940.47 294.228 14810.7 185.41 2 11962.6 9056.41 
6226.16 215.558 10950 192.986 2 9726.15 7501.05 
5553.32 263.66 8169.02 4.67063 2 7099.34 6058.53 
3510.52 194.386 7821.96 38.8324 2 6291.66 6140.49 
2592.75 143.225 6534.14 244.805 2 5373.17 6803.93 
2600.7 136.63 6483.14 242.813 2 5470.25 6792.8 
2599.97 136.63 6484.97 242.813 2 5478.43 6782.28 
3610.73 17.2064 5390.91 51.0606 2 4655.74 6507.71 
1166.36 35.6605 8873.99 35.0944 2 11403.7 13053.3 
940.903 31.9568 3593.75 671.374 0 5159.03 2869.97 
3075.96 99.2499 6217.24 268.18 0 5309.81 3337.47 
3156.79 99.6563 6202.02 275.194 0 5336.54 3340.87 
3154.61 99.6563 6202.63 275.194 0 5337.07 3340.94 
1150.28 105.487 14752 201.504 2 8378.81 6526.23 
1106.55 130.823 5664.76 117.513 2 5151.63 5496.5 
562.087 40.1742 4294.71 0 2 4889.56 3971.03 
24.0618 21.4138 9293.15 42.9052 2 6308.85 5100.29 
24.0618 21.4138 9228.72 42.9067 2 6306.94 5079.55 
24.0618 21.4138 9229.01 42.909 2 6307.4 5076.32 
13.8245 63.3438 8461.75 134.581 2 11028.5 7689.96 
0 4.07447 7301.61 64.2624 2 6071.71 5134.34 
0 0.142537 7051.01 13.6959 2 10793 4979.97 
0 0 173.88 340.769 0 4434.52 3701.54 
0 0 184.477 340.769 0 4416.09 3750.68 
0 0 184.119 340.769 0 4416.16 3757.45 
0 0 0 316.127 0 0.67866 1.81763 
0 0.288119 6.3341 1.8281 2 15.0608 189.91 
0 0.0534512 11335.4 378.529 0 28428 20847.9 
0.280797 54.3122 15960.8 561.247 0 18630.1 9890.66 
1.04651 67.839 15480.4 577.187 0 18346.1 9509.09 
1.04651 70.5295 15467.2 574.466 0 18420.1 9393.1 
4.65802 93.0327 13834.3 568.365 0 18198.1 8185.85 
2.21669 92.5781 13599.4 576.473 0 17995.3 8164.09 
7.73764 78.093 13609.2 579.107 0 18584 7741.55 
6.24643 99.7119 13671 581.413 0 18753.9 7627.02 
9.42999 93.9722 13513.4 587.664 0 18992.9 7615.51 
9.42999 92.9387 13575.4 590.116 0 19024.2 7627.07 
0.765717 72.1231 14413.7 598.026 0 19549.1 7784 
3.62743 60.2079 14528.8 599.295 0 19589.2 7885.97 
7.37023 59.5344 14434.1 594.936 0 20609 7932.82 
3.32018 62.254 15094.3 595.327 0 20929.7 7925.73 
4.79546 67.8219 15100.3 596.487 0 20915.6 7914.39 
4.79546 68.0243 15091.4 596.423 0 20856.8 7915.18 
3.26402 102.664 15051.2 586.898 0 21005 7851.92 
2.41784 111.745 14869.2 594.279 0 21243.1 7640.85 
1.20825 115.1 14110.3 590.342 0 22037.9 7618.44 
2.53854 121.682 13069.3 592.276 0 22679.9 7167.81 
5.27823 130.995 13176 595.919 0 22949.8 7145.19 
6.00371 131.012 13213.5 594.918 0 22944.3 7144.39 
1.97397 118.096 13188.9 598.185 0 22897.8 6776.51 
0.321845 121.563 13094.8 596.001 0 23176.9 6781.18 
5.35956 125.326 13089 601.59 0 23013.2 6836.26 
2.49831 128.655 13385.3 602.972 0 22590.4 7383.24 
2.77859 103.173 13328.9 596.018 0 22031.6 7701.97 
2.77859 102.87 13304.3 596.004 0 22068 7699.26 
0 8.94821 16075.3 603.527 0 6039.7 4736.73 
1.45097 10.7434 15948.7 601.333 0 5581.22 4287.25 
0 13.6394 15898.9 603.136 0 5545.54 4256.67 
0.725487 15.4611 15907.7 600.305 0 5548.12 4221.7 
0.725487 15.1899 15735.5 602.691 0 5578 4208.26 
0.725487 15.1899 15756.1 602.691 0 5575.21 4208.82 
3.62743 14.0027 15729.4 609.95 0 5636.93 4273.62 
5.80389 14.0033 15792.2 609.71 0 5660.46 4405.2 
2.90195 16.242 15617.4 613.384 0 5615.06 4475.18 
4.35292 15.9296 15582 607.478 0 5490.79 4545.8 
3.62743 15.6575 15542.1 603.129 0 5745.8 4734.95 
3.62743 15.6575 15560.1 603.129 0 5747.53 4773.43 
0 13.071 15675.2 607.548 0 5564.18 4538.79 
0 12.6251 15563.7 603.952 0 5791.01 4760.27 
0 14.4929 15511 619.314 0 5990.24 4729.66 
0 16.2216 15106 620.052 0 5834.82 4690.63 
0 18.3484 15171.4 618.22 0 5931.22 4838.49 
0 18.6365 15161.8 618.22 0 5927.35 4840.31 
0 11.181 14870.3 627.22 0 5930.9 4495.82 
0 9.18201 14955.7 624.609 0 6116.95 5034.15 
0 10.9642 14902.2 623.306 0 6065.55 4953.08 
0 18.6187 14944.3 618.751 0 6149.07 4883.93 
0 12.586 14669.1 617.53 0 6251.09 5162.81 
0 12.586 14644 617.53 0 6261.95 5194.56 
0 8.94734 14162.6 611.858 0 5994.94 5173.97 
0 11.0889 14247.4 614.154 0 6093.4 5173.94 
0 11.1098 14100.2 612.708 0 6053.37 5625.09 
0 10.0286 13856.9 612.201 0 6121.16 5407.63 
0 13.682 13779.1 611.405 0 5888.22 4970.42 
0 13.682 13824.8 612.833 0 5855.42 4972.49 
0 10.8751 13830.9 614.595 0 6047.16 5737.2 
0 9.09292 13635.5 615.391 0 5755.01 5214.16 
0 11.5048 13324.6 614.916 0 5976.94 6294.01 
0 14.08 13342.4 610.557 0 5954.11 6510.96 
0 13.4503 13375.3 612.533 0 5400.25 5952.13 
0 12.8207 13398.5 612.496 0 5397.39 5951.55 
0 10.9642 12882.4 614.109 0 5741.2 6767.78 
0 15.5206 12863.4 617.118 0 5119.94 6001.91 
0 14.6385 12321.1 616.846 0 5042.37 5847.97 
0 15.2147 12644.6 616.462 0 5386.02 6802.7 
0 12.387 12636.4 615.661 0 4968.48 6379.07 
0 13.5038 12614.5 615.559 0 4915.95 6401.49 
0 12.3335 12344 614.721 0 5038.56 6114.41 
2.90195 16.3876 12122.1 614.455 0 5018.63 6435.59 
3.66766 15.5272 12035.5 616.263 0 4913.05 6589.58 
4.35292 15.7961 12043.4 619.614 0 4855.1 6577.28 
0.725487 20.0588 12085.7 623.918 0 4998.01 6331.24 
0.725487 20.0588 12135 623.918 0 5028.36 6311.57 
9.52772 25.386 12055.6 630.255 0 4978.5 6625.66 
6.52938 18.3857 12193.4 627.43 0 5197.03 7042.28 
13.1803 19.2232 12295.2 623.042 0 5175.77 6835.19 
10.3937 18.3043 12074.1 618.102 0 5077.67 6760.97 
7.2951 21.2198 12007.8 617.35 0 5590.32 7944.84 
7.2951 18.9148 12000.5 616.268 0 5607.17 7965.35 
9.59981 21.8028 11932.1 619.735 0 5022.15 7711.6 
8.06169 20.6735 11711 621.114 0 5435.04 8907.33 
4.88609 18.5956 11804.9 625.028 0 5820.57 8725.28 
10.0986 16.1236 11567.5 620.818 0 5309.32 7819.28 
5.94051 15.7114 11727.6 623.463 0 6214.46 9402.67 
5.94051 16.2876 11739.6 623.463 0 6212.11 9413.97 
6.52938 17.6022 11630.2 615.59 0 5459.91 7704.43 
13.1711 20.7541 11497.9 614.538 0 6025.23 9404.38 
11.0843 11.598 11701.6 614.442 0 6402.52 9347.88 
8.88897 15.6204 11640.5 615.209 0 5847.75 8782.24 
11.5233 25.4036 11628.4 615.209 0 5389.12 7899.92 
11.5233 25.4036 11621.2 615.209 0 5356.13 7875.65 
10.6874 30.7698 11663.6 615.209 0 6094.61 9296.12 
6.52142 42.4593 11821.3 615.182 0 5815.68 8494.51 
6.19701 14.3736 12350.6 615.182 0 6916.27 10948.1 
7.68781 11.4029 12308 615.322 0 7101.78 11556.6 
4.90661 20.4595 12163.9 615.637 0 6564.81 9131.76 
6.35758 20.2774 12186.3 615.637 0 6587.37 9100.6 
10.6798 8.12686 12164 619.322 0 7731.91 11836.3 
21.8614 7.78834 12217.4 619.516 0 6997.38 9846.26 
41.5212 11.583 12174.3 620.951 0 6107.13 9305.66 
32.7592 7.50478 12966.1 620.35 0 7243.86 12389.1 
45.5098 13.7243 13339.6 620.35 0 6013.91 10478.1 
39.4829 13.6974 13354.7 620.35 0 6052.85 10590 
25.5015 32.4214 13769.8 619.168 0 5622.75 10246 
13.9875 36.7286 13929.9 618.433 0 5787.67 10495.2 
11.6461 20.322 13620.6 619.491 0 5810.58 10217.5 
16.9704 22.5817 13257.1 620.996 0 5653.78 10081.3 
5.89884 28.0848 13012.1 622.292 0 5939.64 9992.47 
5.89797 28.2573 12970.8 622.292 0 6014.19 9983.17 
8.762 27.894 13720.9 624.138 0 5981.65 10646.6 
4.87988 27.2457 13754.2 622.496 0 6433.38 10871.5 
32.5883 23.9858 14552.9 621.867 0 6386.66 10727.8 
30.0538 24.9427 14519.2 618.728 0 6240.64 10845.6 
30.8579 20.8382 14671.3 619.352 0 6743.08 12411.6 
30.8579 20.8382 14625.3 619.352 0 6726.24 12298 
43.7703 19.8481 14947.3 620.578 0 6932.6 11653.5 
63.4214 8.5949 15345.4 621.419 0 7344.13 13325.3 
25.2824 33.2635 15044.3 618.614 0 6888.15 11921.7 
22.0353 34.1675 15250.5 616.322 0 6680.94 12062.2 
21.7106 18.3349 15393 618.566 0 8322.16 16390.8 
21.7106 18.3349 15333.9 618.566 0 8333.65 16376.8 
34.2842 23.9 14803 621.308 0 7622.15 11961.8 
11.492 10.6823 15640 624.176 0 7907.59 15356.2 
23.7094 6.42445 15246.7 621.978 0 8060.51 13595.5 
16.7935 13.4251 15063.8 619.838 0 7784.53 13150.9 
12.3235 20.2344 14861.1 618.756 0 7843.68 12697.5 
12.3235 20.2344 14857.8 618.756 0 7916.14 12694 
10.7364 15.3772 15499.5 631.276 0 8280.74 14267.7 
9.3261 15.6406 15412 628.026 0 8008.81 13126.2 
8.23767 5.2296 16439.4 625.806 0 9174.61 17780.1 
7.51218 7.28815 16213.6 626.424 0 9296.17 16349.9 
14.4456 17.9551 15943.1 625.138 0 7646.55 12598.4 
14.4456 17.9842 15893 625.138 0 7609.98 12533.9 
7.14877 11.1408 16344.3 631.112 0 9084.72 17688.3 
11.4221 17.7117 16355.2 633.938 0 7935.38 13373.7 
8.45475 18.1858 16008.1 636.558 0 8158.46 13107.7 
5.49664 8.92278 16313.1 626.959 0 9446.95 17869.3 
7.10941 16.499 16152.8 625.605 0 8021 14084.2 
7.10941 16.7872 16178.3 623.37 0 7997.78 14113.1 
3.18443 16.0226 16868.6 626.972 0 8177.02 14453 
0.136621 12.6018 17016 632.089 0 7938.23 14083.9 
0.0561594 10.2576 17133.4 632.964 0 8188.49 13927 
1.50713 9.89818 16809.1 634.717 0 8157.27 13482.7 
0.0561594 9.93381 16752.4 634.717 0 8217.66 13408 
0.0561594 9.93381 16772.5 634.717 0 8134.91 13413.6 
0.0561594 10.51 16660.4 633.861 0 8054.99 13427.2 
0.0561594 6.69323 16743 635.205 0 8470.08 13671.4 
0.0561594 6.42293 16955.3 632.598 0 8199.62 13924.9 
0.0561594 7.53977 16911 633.221 0 8008.64 13773.7 
0.0561594 8.52885 16909.8 635.895 0 8515.92 15452.5 
0.0561594 8.52885 16937.2 635.895 0 8547.15 15319.1 
0.0561594 7.26947 17258.8 635.888 0 8396.57 14387.7 
0.0561594 6.29821 16669.1 633.131 0 8713.54 16464.2 
0.0561594 5.99227 16865.9 632.604 0 8624.11 15193.8 
0.0561594 5.70415 17245.4 633.581 0 8749.88 14062.7 
0.0561594 7.32118 16874.8 637.699 0 10227.8 19467 
0.0561594 7.32118 16833.1 637.699 0 10291.5 19401.5 
0.0561594 8.41716 16611.5 643.219 0 9093.44 13701.5 
0.0561594 6.44074 17137 639.174 0 10973 19078.5 
5.1748 3.92285 16346.7 631.429 0 10221.8 15851.2 
11.1798 5.48556 16085.4 632.773 0 10062.6 15462.1 
6.87471 10.422 15940.2 631.72 0 9821.71 12979.8 
6.87471 10.1339 15972.8 631.72 0 9776.71 12970.8 
24.7399 12.4517 16144.1 634.37 0 9873.62 14711.1 
13.6242 16.6594 16111.3 633.128 0 9247.55 13267.2 
19.8233 9.6524 16699.7 630.942 0 11002.6 18823.7 
15.3479 7.88632 16486.2 630.639 0 10264.6 15825.5 
23.4658 23.0256 16257.8 628.903 0 9155.34 12606.5 
19.1871 21.3953 16285.8 628.903 0 9178.02 12626.7 
26.377 16.3626 16331.2 626.261 0 9612.5 19267.1 
18.19 31.8581 16172.9 626.576 0 9122.39 12842.2 
1.97397 30.4452 2202.76 584.742 0 20111.2 2912.84 
12.6136 31.6572 2176.95 585.957 0 20030.9 2795.29 
5.43782 53.8148 2201.54 590.752 0 20181.8 2805.15 
5.43782 54.0851 2206.87 590.191 0 20174.1 2814.57 
8.8663 87.8975 2327.69 590.505 0 19500 2984.16 
27.3258 90.0855 2398.6 595.232 0 19305.4 2837.06 
18.1761 130.92 2595.33 592.037 0 18790.6 2832.8 
6.97192 128.99 2512.16 596.115 0 18011.1 2634.48 
6.77076 130.161 2630.4 594.578 0 18296.8 2608.41 
6.04528 129.386 2626.98 594.578 0 18292.7 2598.46 
25.8748 106.968 2389.54 606.107 0 19508.8 2426.85 
35.345 117.454 2438.87 609.243 0 19729.8 2416.17 
20.2305 135.013 2532.86 609.971 0 19781.3 2558.69 
4.87592 145.475 2362.96 609.98 0 19642.6 2448.61 
8.2204 122.811 2326.54 610.745 0 19220.7 2423.31 
8.2204 122.811 2322.11 610.745 0 19215.5 2431.19 
3.06287 130.885 2426.07 610.22 0 19219.8 2297.86 
5.1173 110.751 2482.67 611.237 0 19026.3 2334.37 
3.90771 113.295 2507.23 610.496 0 19752.2 2487.75 
0.241384 46.6052 2430.89 609.654 0 20021 2431.3 
1.00577 52.7437 2391.17 610.291 0 19695.9 2377.47 
1.00577 54.2199 2380.58 610.291 0 19684.9 2370.49 
4.51338 59.6655 2445.65 607.577 0 20067.1 2264.51 
5.2791 54.8979 2434.03 607.026 0 20065 2234.15 
3.18356 50.5557 2442.41 604.899 0 20111.8 2362.42 
0.201153 57.1118 2434 604.656 0 19753 2383.64 
2.13489 58.1218 2511.89 604.656 0 19860.3 2404.97 
2.13489 57.7624 2508.93 604.656 0 19865.8 2396.92 
5.60141 60.2857 2561.51 605.035 0 20230.3 2389.81 
7.25353 59.14 2564.9 604.858 0 20135.3 2514.6 
56.4257 51.8375 2582.87 602.654 0 20312.2 2441.97 
35.99 55.6513 2563.32 602.516 0 20191.1 2440.99 
12.0503 54.5231 2539.7 599.531 0 19930.5 2470.59 
11.2846 54.6985 2538.47 602.993 0 19969.4 2456.27 
1.61056 63.7377 2431.76 602.782 0 19055.7 2428.29 
8.54225 91.7473 2487.4 600.616 0 18780.1 2437.22 
36.5948 60.6862 2460.89 602.213 0 18588.4 2398.14 
24.9079 70.3069 2355.27 602.059 0 18288.7 2321.89 
22.4083 67.6007 2413.88 602.059 0 18108.5 2406.82 
22.4083 65.3314 2412.39 602.059 0 18101.5 2405.45 
12.4915 70.042 2425.55 600.257 0 18314.6 2459.47 
15.6764 79.8842 2469.51 600.257 0 18672.6 2471.91 
56.0623 85.2055 2361.55 600.415 0 18960.1 2586.14 
2.41826 69.5587 2333.4 600.664 0 19320.3 2550.34 
5.68187 62.2748 2334.97 599.59 0 19262.7 2502.69 
6.44846 62.4998 2298.67 599.59 0 19206.9 2491.56 
5.35869 52.4699 2248.7 599.592 0 19475.1 2558.53 
2.98107 54.6506 2280.92 599.592 0 19560 2540.3 
3.30292 53.9599 2155.97 599.252 0 19789.8 2352.84 
4.95505 51.7933 2135.31 599.154 0 19753.8 2337.33 
4.51292 52.9742 2110.1 599.154 0 19612.2 2307.28 
4.51292 53.5861 2107.65 599.154 0 19614.8 2305.71 
12.0096 49.6599 2213.09 599.426 0 19659.8 2427.82 
5.92325 52.031 2192.45 599.494 0 19703.9 2408.87 
14.0659 49.0797 2182.11 598.964 0 19894.5 2473.34 
9.99456 50.2656 2185.19 598.335 0 19964.3 2583 
2.619 58.7505 2215.62 598.814 0 19878.1 2582.38 
4.02974 58.7896 2208.92 598.814 0 19789.7 2577.4 
72.8449 65.0302 2259.75 599.547 0 19736.1 2579.54 
124.153 60.6811 2237.43 599.597 0 19619.5 2579.83 
91.6111 51.4953 2261.85 598.666 0 19646.1 2561.43 
59.8909 50.3665 2226.04 599.102 0 19583.6 2476.41 
65.6143 50.4356 2302.48 598.917 0 19522.5 2588.56 
67.186 53.8911 2285.58 598.917 0 19517.2 2592.5 
54.4504 63.3699 2248.09 598.917 0 19763.8 2552.11 
54.854 58.0562 2233.81 598.981 0 19576.4 2669.07 
91.0882 48.6391 2237.53 598.518 0 19425.8 2733.18 
54.8138 55.7252 2262.19 598.518 0 19454.6 2757.18 
54.5322 55.1979 2252.64 598.518 0 19493.5 2726.8 
54.5322 55.1979 2252.48 599.978 0 19517.3 2725.56 
49.3331 42.13 2279.4 599.978 0 19708.1 2795.59 
48.8892 47.8224 2277.3 599.978 0 19686.5 2755.17 
104.147 47.763 2330.1 599.978 0 19863.4 2839.04 
92.2977 55.1181 2288.21 599.978 0 20008.6 2766.65 
51.7107 52.4877 2282.88 599.978 0 19927.2 2760.49 
53.1617 53.8099 2291.89 599.978 0 19934.4 2773.5 
23.2142 44.4336 2273.1 599.978 0 19792.6 2694.03 
26.3173 45.4011 2298.99 599.978 0 19832.3 2760.91 
25.1895 51.1727 2300.42 599.978 0 19801.5 2771.88 
14.9523 49.3875 2345.09 599.978 0 19876.4 2788.85 
53.7249 44.0374 2366.51 599.978 0 19873.3 2726.07 
53.7249 44.4325 2365.32 599.978 0 19885.1 2725.56 
57.4341 49.1971 2336.08 599.978 0 19703.6 2829.85 
50.945 46.0224 2369.26 599.978 0 19702.3 2835.53 
35.467 56.4147 2303.03 599.978 0 19525.9 2860.35 
56.3855 52.9589 2280.6 599.978 0 19859.7 2698.27 
24.7054 51.4482 2309.43 599.978 0 19753.4 2746.69 
24.625 52.2152 2310.02 599.978 0 19704 2744.03 
54.7695 55.4024 2293.57 599.978 0 19860.6 2718.39 
88.1446 53.0703 2311.38 599.978 0 19764.2 2757.74 
78.3512 50.3697 2275.07 599.978 0 19814.3 2652.17 
76.6991 44.5732 2260.43 599.978 0 19437.6 2643.75 
87.8228 37.7428 2333.95 599.978 0 19591.7 2708.4 
87.8228 37.6359 2334.74 599.978 0 19595.9 2710.78 
37.8835 38.3983 2262.96 599.978 0 19374 2710.82 
41.5526 45.2514 2245.69 599.978 0 19599.9 2652.57 
32.5651 34.078 2276.16 600.08 0 19634.2 2678.34 
10656.9 1962.01 5833.81 588.093 0 12193.1 5749.78 
10624.2 1952.67 5842.07 586.624 0 12210.7 5734.89 
10624.6 1952.94 5849.79 586.624 0 12202.5 5745.68 
10334.3 2030.22 5889.9 587 0 12073.1 5846.22 
10279.2 1984.33 5913.69 589.478 0 12132 5822.72 
10184.2 2064.32 5961.81 588.104 0 12133.8 5818.73 
10252.9 2000.16 5910.17 582.014 0 12336.9 5686.26 
10167.4 2023.28 5908.67 582.389 0 12373 5650.37 
10187.9 2024.39 5901.45 582.389 0 12376.4 5637.69 
10360.6 1963.89 6028.77 583.499 0 12354.9 5817.53 
10476.3 1984.97 6051.89 584.086 0 12332.5 5808.3 
10289.4 1948.2 6105.18 577.345 0 12386.8 5733.35 
10149.3 1889.12 6106.9 578.078 0 12334.3 5750.88 
9991.73 1781.78 6070.28 582.035 0 12280.1 5716.98 
10015.6 1782.2 6057.58 582.035 0 12243.5 5716.24 
9955.11 1675.8 6077.57 576.92 0 12492.7 5884.48 
9808.94 1580.23 6107.93 575.901 0 12381.4 5835.48 
9604.04 1673.49 6109.86 575.035 0 12465.9 6014.33 
9495.37 1620.53 5974.74 581.361 0 12529.4 6048.51 
9056.42 1630.78 6034.29 586.344 0 12753.9 6116.42 
9013.97 1636.99 6018.51 586.344 0 12757.9 6126.71 
8239.5 1165.58 6026.87 581.351 0 12994.9 6251.24 
7737.36 893.569 6029.86 595.368 0 13068.7 6262.12 
7294.13 558.253 6138.48 585.681 0 13070.9 6305.23 
6550.78 421.515 6374.52 570.609 0 13082.9 6532.37 
6560.15 352.269 6272.06 580.92 0 13037.7 6569.05 
6551.38 359.842 6211.87 579.044 0 13024.8 6546.69 
4914.68 349.401 6491.34 574.898 0 13320.5 6961.98 
4561.45 353.008 6562.6 571.259 0 13159.5 7065.86 
3787.97 357.968 6807.53 582.947 0 13299.4 7149.8 
3077.65 327.299 6952.2 577.981 0 13506.4 7178.21 
2451.43 357.629 7045.31 580.941 0 13648.8 7399.59 
2454.9 364.194 7020.81 580.941 0 13638.1 7361.54 
1434.35 364.973 7040.85 582.908 0 13984.2 7309.41 
1109.47 385.351 6971.31 586.346 0 13916.9 7402.22 
610.222 392.257 7345.39 581.545 0 13473.9 7569.94 
150.792 436.922 7532.9 577.531 0 13593 7607.47 
130.188 445.874 7638.45 580.956 0 13429.3 7814.19 
130.188 445.714 7592.53 580.956 0 13394.9 7794.33 
54.5372 425.511 8015.52 590.697 0 13005.2 7804.87 
51.958 418.922 8127.3 589.572 0 13045.5 7977.72 
105.242 419.029 8315.31 589.65 0 13038.3 7946.29 
69.3636 414.87 8558.45 592.801 0 13055.7 8201.56 
69.912 375.904 8305.85 588.371 0 12776.1 8277.15 
69.912 380.603 8285.8 588.371 0 12805.1 8260.43 
79.9061 453.453 8689.43 583.778 0 12583.5 8341.89 
86.9978 471.919 8824.91 585.03 0 12732.6 8378.76 
105.273 460.993 9066.64 593.948 0 12350 8441.29 
103.654 492.723 9184.44 587.913 0 12592.1 8554.75 
134.397 486.241 9300.74 591.792 0 12682.3 8612.62 
133.067 488.126 9320.17 591.792 0 12648.5 8602.42 
121.182 406.642 9507.55 611.873 0 12999.8 8749.87 
109.324 379.284 9741.82 621.031 0 12938 8775.85 
94.9737 330.679 10214.7 633.109 0 13165.8 9002.53 
113.133 276.12 10284.9 660.482 0 13060.7 9110.52 
108.154 285.72 10433.1 658.058 0 13235.7 9171.36 
108.275 288.015 10405 661.493 0 13233.1 9225.78 
115.72 225.493 10805.5 681.686 0 12567.6 9616.62 
97.7367 225.241 10938.9 668.253 0 12384.6 9838.85 
117.1 204.34 11147.3 643.908 0 12190.9 9903.82 
113.064 177.216 11285.6 616.583 0 11844.9 10094.8 
136 198.26 11472.7 629.93 0 11984.5 10084.8 
136 198.783 11440.2 628.597 0 11951.9 10049.6 
167.075 184.383 11916.2 640.74 0 11579.4 10326.7 
146.172 175.721 12137.3 640.861 0 11621.7 10153.1 
128.469 145.726 12162.4 636.408 0 11630.5 10221.7 
73.2202 148.08 12220.8 653.917 0 11837.8 10210.7 
110.161 133.841 12129.9 654.024 0 11834.9 10342.2 
113.183 136.682 12117.7 654.933 0 11807.5 10291.8 
62.7472 118.864 12238.7 656.061 0 12180 10301.2 
71.9597 104.713 12196.5 655.568 0 12586.9 10236 
62.5424 120.768 12571.4 650.851 0 12393.4 10325.3 
55.505 129.371 12754.6 647.482 0 12553 10372.4 
81.4118 136.026 12812.8 649.678 0 12739.7 10430.9 
75.3578 134.972 12808.8 649.678 0 12728.2 10428 
65.0162 129.704 12961.7 650.554 0 13414.6 10524.4 
79.1345 123.436 13360.4 649.259 0 13395.8 10796.1 
84.1587 123.725 13380.4 638.996 0 13441.6 10743.8 
82.5253 147.609 13553.1 632.079 0 13475 10914.8 
50.6446 149.969 13525.1 629.014 0 13635.2 10881.2 
49.92 146.421 13494.7 626.652 0 13673 10821.1 
99.7039 156.876 13776.9 618.753 0 13860.6 11225.5 
74.987 163.838 13993.3 619.648 0 13880.7 11523.8 
80.7048 156.521 14077.9 608.763 0 14245.5 10941 
74.1939 132.703 14164.7 600.078 0 14425.2 10860.6 
106.15 154.717 14269 604.033 0 14331.8 10820.5 
106.15 153.223 14191.3 604.033 0 14336.7 10824.9 
90.64 160.583 14430.3 582.154 0 13925.2 11006 
85.5837 151.214 14374.7 598.453 0 14333.5 11252.1 
108.149 121.473 15689.5 596.775 0 14158.5 11885.1 
75.6562 123.325 15683.8 586.647 0 14398.4 12066.6 
109.353 123.419 15923.3 585.994 0 14735 12075 
109.353 122.195 15921.8 597.71 0 14812.1 12091.5 
78.9661 129.905 15090.6 595.322 0 17062.3 13322.8 
88.1124 140.264 15159.8 595.591 0 17502.8 13394 
88.3635 119.333 15371.3 593.221 0 17954.5 13837.4 
97.509 109.054 15638 584.606 0 18329 14195.6 
57.1259 110.886 15670.7 587.085 0 18380.8 14628.6 
56.2797 111.749 15679 587.405 0 18290.2 14618.8 
24.3401 40.5027 16093.2 597.123 0 19690.7 14891.1 
30.262 49.237 16116.2 597.533 0 19590.6 14571.1 
19.8469 32.9091 15198.5 599.907 0 19977.3 13012.3 
27.0139 40.8057 15139.8 596.121 0 19175.7 12271.4 
23.1905 48.6704 14724.6 590.607 0 18920.6 12314 
23.1905 48.0942 14743.4 590.607 0 18964.8 12255.7 
37.7035 53.4239 14720.2 591.57 0 18635.5 11922.8 
40.2989 54.1405 14692.4 591.028 0 18794.1 11971.8 
46.3009 47.9699 15224.5 592.281 0 18464 11876.4 
49.5003 48.704 15229.4 596.271 0 18258.4 11606.4 
45.6186 44.1258 15147.7 597.239 0 18077.7 11418.2 
47.0293 46.6294 15119.4 597.239 0 18114.9 11314.9 
35.493 57.7543 18028.6 608.784 0 16740.6 11403.1 
31.7068 58.3494 18099.4 611.97 0 16370.5 11418.5 
30.2099 58.0346 18123.6 618.387 0 15802.3 11744.5 
39.4354 60.9256 17340.6 622.061 0 16598.5 11872.1 
34.88 66.7376 17161.9 622.385 0 16714.3 12058.1 
38.1223 67.4808 17177.7 622.385 0 16765.5 12061.9 
42.8258 68.2069 17018.5 615.714 0 17331.7 12465.4 
66.7755 50.3532 16860.5 617.443 0 17459.6 12749.1 
93.2826 72.9389 17337.5 612.59 0 17224.4 14511.3 
103.203 75.6897 16918.6 600.338 0 17780.2 15574 
86.7189 77.1373 17039 601.624 0 18369.2 15995.9 
83.615 77.3278 17058.4 601.303 0 18433.1 15988.9 
136.432 112.462 16212.2 595.109 0 17983.7 15239.4 
137.098 110.834 16103.1 597.48 0 18271.9 15351.5 
146.42 141.887 15767.4 597.389 0 18257.8 15231.7 
131.83 160.955 16366.3 591.703 0 19013.9 15911 
139.812 161.868 16570.3 594.759 0 19258 16240.9 
141.263 161.797 16526 594.147 0 19351.3 16278.6 
117.499 154.48 16215.1 592.952 0 20319.9 16739.1 
122.246 169.858 16119.4 593.037 0 20177 16698 
115.575 175.337 15940.1 593.968 0 20573.2 16545.5 
132.418 175.968 16231.6 593.3 0 20734.8 16705.7 
146.904 187.753 16089 593.059 0 20875 16639 
147.065 186.981 16123.9 593.059 0 20954.6 16626.4 
170.862 187.015 16209 593.288 0 20867.5 16947.5 
53369.7 6539.82 184.449 561.665 0 266.476 294.508 
54344.5 6691.78 182.727 564.047 0 221.441 291.635 
54272.2 6943.56 184.355 564.705 0 214.622 287.75 
54775.6 6989.38 186.111 568.015 0 208.951 303.962 
54777.7 6985.82 185.419 568.015 0 208.542 301.591 
55300.4 7316.07 207.615 569.593 0 255.356 296.812 
55873.5 7465.58 209.266 564.491 0 248.564 287.968 
56394.1 7588.07 207.001 565.837 0 256.927 302.504 
56049 7778.9 221.103 566.662 0 276.766 346.943 
56577.9 7808.36 226.198 566.662 0 254.616 372.937 
56527.5 7821.32 226.175 566.662 0 255.049 372.967 
58306.1 8081.33 205.875 562.192 0 237.571 346.537 
58052.5 8311.76 205.513 561.123 0 223.048 337.684 
57828.7 8495.5 212.353 564.222 0 249.863 342.608 
59355.9 8779.24 214.246 560.72 0 271.725 311.274 
