807
47785.2 8725.9 934.7 408.015 0.0923077 1167.88 1322.82 
47809.3 8829.98 934.661 410.969 0.0923077 1166.05 1333.67 
49047.5 9175.53 879.997 412.44 0.0923077 1091.53 1069.85 
48772.6 9289.97 876.442 418.214 0.0615385 1087.34 1053.71 
48661.3 9373.66 879.702 422.367 0.0615385 1086.23 1047.07 
48561.1 9508.66 875.901 416.665 0.0615385 1091.79 1033.02 
48621.3 10028.3 884.664 413.368 0.0923077 929.359 1086.8 
48953.7 10252.4 814.342 406.154 0.0923077 871.056 1013.71 
48765.2 10371.4 824.577 405.318 0.0923077 882.68 1012.56 
48513.3 10494.7 831.154 404.665 0.0923077 887.815 1014.5 
48474.8 10764.6 784.271 405.447 0.0923077 838.589 975.381 
48831.2 11070.7 736.904 406.29 0.0923077 824.567 923.936 
48544.6 11225.7 748.667 405.719 0.0923077 849.076 930.089 
48373.6 11397.4 757.777 405.61 0.0923077 846.609 943.072 
48194.9 11507.2 758.068 405.466 0.0923077 864.436 957.92 
48093.9 11658.7 753.058 405.97 0.0923077 852.723 957.226 
47891.3 11798.8 745.474 406.037 0.0923077 857.118 945.401 
47875.9 11950.9 741.295 406.824 0.0923077 852.708 947.188 
47754.5 12028.2 729.873 406.537 0.0923077 870.143 954.586 
47659.5 12205.3 724.604 406.746 0.0923077 879.745 959.367 
47546 12347.2 721.573 407.284 0.0923077 906.68 975.396 
47402.1 12527.9 722.736 407.017 0.0923077 909.054 974.65 
47182.6 12625.5 722.543 406.888 0.0923077 924.143 967.797 
47221.5 12737.1 732.205 407.006 0.0923077 936.043 971.33 
47157.5 12785.1 716.172 407.164 0.0923077 919.454 981.878 
47764.6 13103.3 642.42 406.736 0.0923077 762.151 970.879 
47928.6 13177.6 641.688 408.677 0.0923077 775.326 963.659 
48012.8 13268.1 640.807 409.643 0.0923077 776.401 953.233 
48490.8 13606.4 614.211 410.142 0.0923077 721.156 937.504 
48210.3 13462 604.065 410.274 0.0923077 717.416 962.272 
48799.8 13556.6 566.859 411.796 0.0923077 707.881 917.829 
48515 13688.2 561.9 411.759 0.0923077 710.29 930.56 
49441.9 13908.9 526.006 411.168 0.0923077 674.133 746.261 
49334.2 13982.9 522.579 411.091 0.0923077 668.203 755.588 
49028 14170.4 516.745 411.094 0.0923077 674.796 787.821 
48943.2 14208.7 518.348 411.71 0.0923077 673.707 790.329 
48731 14219 517.565 411.991 0.0923077 683.885 784.753 
48706.6 13941.1 510.977 411.631 0.0923077 676.559 755.391 
48723 14044.8 512.481 411.691 0.0923077 703.496 760.077 
48584 14022.7 517.849 412.245 0.0923077 738.461 765.102 
48694.7 13992.1 524.268 412.116 0.0923077 763.587 759.978 
48228.3 13775.2 530.062 411.669 0.0923077 777.913 751.808 
48143.9 13740.4 530.236 412.21 0.0923077 798.172 746.244 
48375 13509.4 548.025 411.272 0.0923077 812.39 757.385 
48424.9 13552.8 551.272 411.855 0.0923077 824.861 768.316 
48141.6 13459.9 553.106 412.173 0.0923077 800.599 756.459 
47852.2 13377.1 549.925 412.336 0.0923077 773.575 715.957 
47716.6 13244.7 563.577 412.616 0.0923077 773.69 730.863 
47068.5 13142.6 551.556 413.33 0.0923077 736.204 719.226 
47129.9 13155.3 575.893 413.816 0.0923077 752 699.185 
46235.9 12721.1 631.909 411.851 0.0923077 795.558 798.832 
46723.4 12545.8 646.184 412.087 0.0923077 839.59 814.686 
46915.7 12196.3 644.602 412.53 0.0923077 859.905 796.916 
47080.3 12137.2 656.268 412.193 0.0923077 845.998 801.26 
47217.5 12058.5 660.878 412.521 0.0923077 861.685 797.807 
46439.5 11651.8 699.249 412.714 0.0923077 806.321 808.612 
46618 11481.6 696.941 413.396 0.0923077 796.397 826.366 
46142.5 10993.3 688.155 413.114 0.0923077 796.906 842.92 
45922.5 10973.5 688.623 412.398 0.0923077 806.394 849.126 
45804.9 10950.7 692.359 412.901 0.0923077 800.746 898.859 
45088.3 10897.6 752.853 413.473 0.0923077 859.045 1003.62 
45112.3 11000.7 781.069 414.013 0.0923077 864.089 1018.8 
44662.1 10810.4 771.508 414.927 0.0923077 839.04 1022.17 
44128.1 10979.4 790.515 415.882 0.0923077 832.643 997.439 
43890.2 11068.8 815.203 415.753 0.0923077 845.372 1007.85 
44259.3 11117 766.702 416.213 0.0923077 822.952 996.774 
44166.1 11269.1 764.525 416.097 0.0923077 832.24 1005.92 
43950.6 11442.8 751.32 416.029 0.0923077 840.557 1020.87 
43701.2 11505.7 769.571 415.845 0.0923077 858.481 1050.92 
42817 11474.8 777.301 415.747 0.0923077 863.296 1064.05 
42623.4 11346.9 804.198 416.556 0.0923077 904.322 1083.57 
42536.6 11355.2 821.153 414.963 0.0923077 892.09 1071.26 
42293.9 11402.3 825.091 409.035 0.0923077 889.314 1101.94 
42492.3 11296.7 820.154 409.532 0.0923077 880.372 1102.65 
42711.9 11279.4 828.236 411.719 0.0923077 884.021 1113.7 
42748.4 11316.4 831.196 410.979 0.0923077 894.291 1127.53 
43506.8 11154.1 679.499 407.264 0.0923077 765.394 951.745 
43039.2 10969.7 676.222 406.442 0.0923077 746.671 940.814 
43012.7 10586.2 680.201 404.105 0.0923077 731.592 929.047 
43014.2 10583 666.412 404.951 0.0923077 740.89 925.257 
43026.1 10534.1 663.459 405.828 0.0923077 770.787 945.522 
42896.5 10477.3 658.136 412.07 0.0923077 736.526 946.428 
42896.7 10488.4 666.671 406.178 0.0923077 744.701 970.12 
42914.3 10143.6 667.91 410.429 0.0923077 760.237 956.733 
42487.2 10054.3 749.853 405.279 0.0923077 770.226 1144.55 
42696.5 10037.9 762.117 406.406 0.0923077 778.328 1157.6 
42952.6 9911.74 768.528 406.523 0.0923077 778.18 1136.53 
43166.5 9853.95 776.693 404.793 0.0923077 784.076 1142.02 
43406.7 9841.1 786.061 405.983 0.0923077 778.905 1116.09 
43522.1 9868.01 695.709 405.407 0.0923077 731.877 1097.98 
43792.8 9839.55 690.006 403.51 0.0923077 711.096 1066.52 
43922.3 9859.79 694.69 401.415 0.123077 730.189 1083.06 
43962.9 9846.13 703.409 406.73 0.123077 741.795 1109.31 
44066.4 9876.37 754.632 399.978 0.123077 738.607 1068.92 
43855 10495.1 756.652 399.198 0.123077 749.08 1098.21 
44010.5 10479.6 750.649 399.526 0.123077 751.738 1103.39 
43882 10436.2 750.209 398.367 0.123077 744.592 1089.31 
43932.5 10380.8 761.448 397.387 0.0923077 781.293 1041.05 
44097.7 9932.6 800.229 398.211 0.123077 934.258 1166.15 
42777.2 9926.25 1024.48 396.885 0.153846 1096.73 1378.81 
42688.7 9974.9 1021.59 390.132 0.184615 1121.86 1408.08 
42695.2 9974.55 1026.22 390.451 0.215385 1151.24 1371.37 
41710.9 10056 1140.73 395.947 0.215385 1374.54 1539.13 
41280.6 9739.3 1128.99 395.682 0.184615 1359.43 1546.92 
41282.1 9682.58 1109.62 392.836 0.184615 1356.87 1565.04 
41217.2 9705.53 1080.36 387.922 0.184615 1338.88 1577.18 
40989.1 9716.97 1078.88 388.43 0.153846 1354.35 1564.06 
40963.1 9717.77 1081.6 390.451 0.184615 1374.08 1600.39 
41357.4 9782.89 1083.01 385.416 0.184615 1377.31 1525.99 
40502.5 9701.78 1158.84 383.521 0.215385 1445.19 1646.91 
40247.4 9919.74 1151.51 383.887 0.184615 1440.86 1627.48 
39013.7 10005.5 1238.41 379.934 0.184615 1568.96 1764.07 
38938.9 10022.9 1243.61 384.489 0.153846 1584.39 1774.76 
39039.3 9956.78 1253.89 386.273 0.153846 1607.28 1813.49 
38850.6 9986.03 1246.83 394.653 0.153846 1619.92 1817.31 
38345.5 9824.78 1258.29 401.171 0.153846 1633.26 1817.28 
38384.6 9808.15 1309.57 397.037 0.123077 1690.08 1926.41 
38396.6 9855.12 1322.23 395.338 0.153846 1708.78 1928.72 
38617.7 9861.44 1348.81 389.012 0.153846 1691.84 1990.01 
38435.2 9840.79 1327.3 388.098 0.153846 1697.33 1954.11 
38322.8 9860.32 1330.52 390.335 0.153846 1748.08 1919.91 
36505.6 9487 1383.02 398.328 0.153846 2017.35 2032.18 
36405.6 9467.78 1428.99 401.115 0.153846 1991.22 2084.84 
36279.1 9440.98 1426.27 407.395 0.0923077 1977.75 2102.85 
36498 9430.34 1537.13 410.009 0.123077 2208.81 2219.01 
35581.4 9314.28 1773.01 400.449 0.153846 2405.57 2356.17 
35566.3 9315.18 1749.23 398.18 0.184615 2432.43 2368.97 
35742.8 9225.68 1692.57 397.748 0.184615 2469.98 2310.66 
35481.4 8855.71 1925.63 403.404 0.153846 2792.11 2568.83 
35418.4 8496.95 1884.76 405.46 0.153846 2714.41 2519.08 
33962.1 8105.53 2149.62 410.59 0.184615 2965.07 2790.91 
33972.1 8121.58 2141.75 411.766 0.123077 2944.92 2850.31 
33697.9 7970.06 2224.07 409.138 0.123077 3042.63 3073.07 
33672.1 7988.28 2218.09 414.803 0.153846 3038.53 3095.17 
33706.9 7992.72 2286.23 412.841 0.153846 3041.89 3166.44 
33734.5 8046.99 2308.53 408.682 0.184615 3007.62 3176.74 
34100.3 8062.76 2409.31 411.081 0.184615 3031.09 3235.18 
34312.9 7877.16 2450.32 416.978 0.123077 3082.96 3253.64 
34339.9 7858.4 2445.08 409.849 0.153846 3098.53 3271.33 
34467.2 7947.05 2414.26 407.073 0.123077 3104.7 3197.29 
34082.3 8067.69 2437.81 402.783 0.153846 3151.11 3134.33 
34110.5 7769.34 2473.33 400.581 0.153846 3217.22 3369.51 
33473.7 7683.67 2603.25 403.581 0.153846 3375.67 3560.69 
33622 7556.87 2642.08 409.274 0.0923077 3361.11 3459.37 
33383.8 7572.17 2612.35 407.407 0.0923077 3411.35 3418.24 
33219 7523.16 2657.12 412.613 0.0923077 3430.99 3396.9 
32628.7 7526.45 2840.9 408.219 0.123077 3725.51 3512.39 
32669.8 7534.43 2843.81 419.662 0.123077 3717.34 3544.44 
32071.3 7406.1 2798.72 413.743 0.123077 4039.4 3588.84 
32094.8 7394.14 2735.61 414.283 0.0923077 4066.5 3568.41 
32174.7 7428.09 2696.96 414.669 0.0923077 4091.43 3552.03 
32240.3 7410.79 2691.73 413.882 0.0923077 4112.11 3536.01 
32265 7373.53 2657.22 413.765 0.123077 4163.87 3432.89 
32234.6 7376.33 2694.28 413.274 0.153846 4230.2 3378.11 
32312.2 7389.94 2686.79 413.52 0.184615 4232.54 3337.81 
32375.9 7414.31 2625.64 415.655 0.184615 4134.87 3317.7 
31199.4 8360.04 2571.64 414.543 0.184615 4273.32 3313.46 
31238.9 8385.92 2596.97 421.718 0.123077 4268.21 3360.27 
30221.3 8332.02 2759.65 418.146 0.153846 4442.96 3513.48 
29328.9 8127.69 2831.57 419.723 0.184615 4486.51 3491.23 
28674.7 8019.32 3122.3 416.99 0.184615 4744.43 3987.7 
27365.5 8016.06 3070.85 415.685 0.184615 4828.46 4021.91 
27291.6 8035.45 3071.82 419.502 0.184615 4818.3 4036.71 
27289 8041.89 2871.98 417.444 0.184615 4883.38 3872.8 
27495.1 7909.41 2836.13 414.468 0.184615 4805.52 3934.14 
27285.4 7691.26 2817.7 415.462 0.184615 4693.74 3950.02 
27182.1 7696.24 2832.81 416.843 0.153846 4661.95 3999.76 
27182.7 7669.22 2851.37 422.963 0.123077 4601.49 3994.29 
27200.5 7677.95 2852.18 415.108 0.0923077 4642.69 4014.73 
27899.6 7622.67 2704.36 410.002 0.153846 4565.01 3950.09 
27907.6 7584.26 2725.66 407.67 0.184615 4504.08 3951.03 
27832.9 7546.43 2741.69 411.44 0.184615 4474.67 3992.68 
27805.6 7505.01 2839.77 410.739 0.153846 4527.07 3946.16 
27805 7503.85 2827.1 412.491 0.153846 4519.58 3925.4 
27758.6 7513.6 2836.45 405.829 0.153846 4339.45 4015.4 
27475.7 7481.92 2830.26 407.429 0.153846 4322.44 3975.55 
27456.6 7503.23 2785.47 409.618 0.123077 4228.96 3887.1 
27406.1 7520.61 2782.7 405.342 0.123077 4210.33 3896.43 
26646 7389.62 2810.81 406.894 0.123077 4317.79 4000.65 
26582.2 7375.86 2864.17 406.682 0.123077 4215.59 4069.19 
26577.3 7385.05 2872.03 412.583 0.123077 4202.18 4032.16 
26520 7313.42 2879.36 412.542 0.123077 4318.68 4037.68 
26492.2 7279.65 3013.96 416.439 0.153846 4343.62 3864.28 
25725 7201.13 3222.68 416.171 0.184615 4510.23 4109.14 
25036.9 7139.98 3268.47 415.296 0.153846 4600.41 4360.29 
25009.4 7177.55 3440.51 413.412 0.184615 4684.03 4528.66 
24630.1 6592.16 3389.52 417.02 0.153846 4696.17 4737.75 
24614.8 6642.07 3392.6 412.904 0.184615 4696.74 4728.03 
24577.5 6629.39 3415.47 413.264 0.184615 4706.87 4717.07 
24578.6 6629.54 3401.5 417.393 0.184615 4698.78 4641.31 
24521.6 6637.77 3376.53 411.245 0.246154 4709.39 4626.42 
24268.2 6599.04 3357.2 412.022 0.246154 4723.06 4631.43 
24249 6611.06 3359.23 417.483 0.184615 4713.99 4620.53 
23299.4 6429.29 3508.03 417.406 0.153846 4826.05 4790.77 
23115.5 6442.7 3496.35 409.143 0.153846 4821.45 4980.94 
23032.1 6427.58 3526.49 412.46 0.184615 4887.93 4984.19 
22872.2 6436.69 3558.03 422.089 0.123077 4925.29 4973.16 
22342.3 6332.01 3568.87 417.366 0.123077 5068.64 5004.24 
22240.5 6308.97 3601.22 417.661 0.123077 5075.64 5044.81 
22108 6297.49 3598.54 411.781 0.184615 5031.14 5054.13 
21960.6 6316.82 3707.57 413.104 0.215385 5187.64 5147.11 
22018.5 6311.3 3609.24 419.636 0.184615 5027.78 5003.21 
21314.5 5990.83 3766.3 413.628 0.184615 5182.76 5143.98 
21288.5 6017.57 3782.73 403.791 0.215385 5171.28 5114.78 
21226.5 5972.26 3826.41 401.178 0.246154 5207.61 5131.33 
21191.7 5975.91 3828.41 406.195 0.215385 5229.86 5166.34 
21366.2 5986.58 3716.75 404.502 0.184615 5287.47 5175.26 
21084.9 6008.53 3708.01 406.564 0.215385 5328.17 5191.5 
20967.5 6012.38 3693.88 394.572 0.307692 5397.88 5148.43 
20962.5 5909.71 3736.38 390.865 0.369231 5394.02 5188.43 
20848 5880.91 3778.2 398.08 0.338462 5409.19 5175.73 
19964.2 5742.45 3770.11 403.39 0.276923 5313.01 5362.8 
19859.6 5724.58 3832.59 402.832 0.246154 5335.53 5382.95 
19728.7 5667.95 3747.31 402.429 0.246154 5191.4 5367.53 
19737.7 5661.59 3755.97 408.522 0.184615 5143.11 5447.38 
18714.6 5562.31 3998.87 421.86 0.123077 5164.84 5599.78 
18699.4 5550.29 4001.82 423.615 0.0923077 5237.69 5854.37 
17873.2 5416.37 4157.44 409.888 0.184615 5460.6 5914.85 
17891.1 5380.24 4072.73 399.932 0.184615 5454.76 5934.94 
19327 5419 4055.09 387.173 0.246154 5386.97 5861.13 
18647.2 5233.35 4224.45 396.23 0.215385 5812.94 6686.59 
18666.1 5214.05 4145.79 396.588 0.184615 5593.21 6019.2 
18697.9 5216.88 4205.2 398.47 0.215385 5623.65 6032.22 
18243.6 5165.61 4316.9 405.72 0.153846 5708.7 5935.55 
17431.7 4288.79 4438.14 409.136 0.123077 5742.3 6278.29 
16117 4284.01 4592.42 400.658 0.153846 5991.4 6392.31 
16144.1 4272.33 4549.98 399.739 0.153846 5983.76 6343.77 
16365.8 4128.42 4580.23 399.96 0.153846 5982.71 6468.25 
17002.1 3944.7 4570.05 403.008 0.123077 6059.79 6622.39 
16985.4 3959.29 4581.67 408.518 0.123077 6096.83 6737.42 
17055.8 3931.29 4578.75 398.816 0.153846 6071.02 6805.25 
16191 3737.28 4644.6 399.902 0.153846 6148.75 6782.43 
16181.8 3724.09 4635.64 405.201 0.184615 6095.29 6703.63 
16193.8 3706.43 4664.63 400.013 0.184615 6042.25 6637.91 
16194.4 3702.24 4643.72 404.871 0.184615 6005.13 6711.39 
16255.3 3691.12 4717.85 397.169 0.215385 6054.12 6830.85 
15247.4 3590.5 4769.95 396.538 0.215385 6247.48 6848.62 
15236 3561.55 4711.39 393.391 0.215385 6387.54 6959.75 
15224.8 3554.49 4589.7 397.764 0.153846 6523.92 6766.6 
15232.7 3548.42 4617.47 401.3 0.123077 6611.83 6813.07 
15298.4 3539.07 4531.21 393.91 0.184615 6686.18 6753.8 
14382.4 3480.05 4521.21 396.047 0.153846 6888.29 6889.09 
14533.8 3451.75 4529.31 399.257 0.246154 6975.73 6879.26 
14600.3 3454.58 4604.61 399.399 0.215385 7105.57 6727.56 
14712.4 3449.15 4590.13 395.792 0.215385 7179.48 6784.22 
14779.5 3427.83 4623.41 395.805 0.215385 7170.69 6789.67 
14996.7 3433.3 4591.21 398.081 0.184615 7172.2 6693.86 
15137.3 3443.13 4573.83 401.669 0.184615 7155.83 6668.09 
15312 3428.76 4610.3 401.199 0.184615 7088.38 6689.56 
15327.1 3390.22 4547.82 405.889 0.184615 6954.99 6665.74 
15385.7 3373.44 4570.29 409.988 0.184615 6820.2 6583.54 
15442.6 3377.12 4571.49 411.566 0.153846 6878.26 6569.12 
15310.3 3363.12 4628.13 402.413 0.184615 6786.44 6590.46 
15163.2 3353.59 4748.67 395.872 0.246154 6790.01 6726.36 
15076.7 3345.83 4767.01 391.657 0.307692 6752.11 6715.77 
15624.2 3327.26 4789.68 388.168 0.307692 6640.24 6518.69 
15641.8 3312.25 4656.97 382.102 0.369231 6612.28 6271.52 
15219.3 3235.25 4827.43 383.795 0.338462 6720.16 6543.04 
15222.1 3221.49 4832.84 390.125 0.276923 6725.56 6562.14 
15163.9 3224.7 4922.13 386.741 0.307692 6521.87 6614.52 
15263.3 3240.56 4878.48 390.606 0.307692 6544.14 6455.45 
15225.1 3232.57 4887.85 392.653 0.307692 6493.61 6273.61 
15200.7 3238.07 4913.09 393.03 0.276923 6613.78 6250.69 
15102.4 3246.69 4951.23 403.267 0.246154 6503.73 6282.61 
15082.3 3234.45 4983.45 399.536 0.246154 6525.65 6285.84 
15094.7 3242.17 5044.61 391.697 0.276923 6596.83 6355.48 
15169.8 3203.1 5152.75 393.488 0.276923 6833.8 6473.3 
15132.7 3207.69 5053.01 396.486 0.246154 6837.55 6522.57 
14662 3129.26 4957.89 401.241 0.246154 6809.18 6677.56 
14665 3116.41 4856.8 398.423 0.246154 6856.34 6546.11 
14713.3 3071.34 4914.9 402.028 0.246154 6952.15 6566.74 
14718.9 3032.52 4896.44 400.552 0.215385 6986.54 6592.72 
14769.3 3021.82 4834.32 401.059 0.184615 7110.24 6625.3 
14277.6 2987.77 4815.49 396.758 0.215385 7269.86 6623.35 
13539.7 2868.61 4887.03 399.739 0.215385 7234 6881.37 
13488.5 2849.18 4830.3 403.562 0.184615 7211.35 6767.89 
13541 2841.85 4864.09 409.779 0.184615 7134.46 6722.93 
13554.2 2802.15 4872.37 412.953 0.184615 7185.74 6720.63 
14137.9 2771.25 4859.97 415.782 0.215385 7241.13 6791.64 
14079.5 2806.16 4859.5 396.747 0.246154 7300.18 6825.88 
14205.6 2825.23 4856.71 401.522 0.215385 7492.78 7113.3 
14388.1 2803.49 4843.59 406.555 0.215385 7367.02 6921.8 
14384.6 3002.41 4823.84 410.298 0.246154 7328.73 6911.62 
14358.5 3005.27 4798.43 408.472 0.246154 7252.78 6985.97 
14347 3026.91 4816.93 402.65 0.276923 7013.32 7197.02 
14360.8 2985.84 4825.6 396.716 0.276923 6969.43 7176.19 
14342.3 2954.92 4807.58 396.147 0.276923 7058.77 7195.72 
14362.2 2931.84 4771.12 395.236 0.276923 7068.3 7154.69 
14357.3 2866.23 4855.09 400.573 0.276923 7101.93 7378 
14337 2873.65 4844 399.093 0.276923 7054.12 7413.76 
13248.3 2851.23 4913.8 413.058 0.184615 6995.13 7549.03 
13164.3 2580.68 4964.44 404.456 0.184615 7062.04 7613.48 
12792.1 2602.73 4942.83 392.92 0.215385 6981.1 7608.42 
12391.4 2607.78 4944.34 393.857 0.215385 6920.78 7680.93 
12543.2 2553.84 4899.92 393.012 0.246154 6935.7 7667.29 
12347.2 2534.31 5092.33 393.085 0.246154 6792.86 7731.89 
12171.2 2494.74 5124.12 398.98 0.215385 6640.8 7809.06 
12313.5 2510.26 5020.65 393.776 0.246154 6505.33 7939.36 
12518.4 2489.71 5024.41 389.103 0.276923 6525.48 8023.42 
12603.6 2375.91 5055.51 396.547 0.215385 6460.36 7950.99 
12580.8 2380 5091.03 393.156 0.215385 6426.91 7948.53 
10947.8 2351.56 5011.01 385.456 0.246154 6468.6 7772.96 
11825.6 2169.09 5045.19 390.787 0.246154 6604.26 7818.56 
11437 2174.19 5104.62 389.075 0.246154 6791.54 7829.89 
11428 2149.08 5094.76 387.013 0.276923 6840.22 7662.62 
11467.5 2156.55 4963.75 384.012 0.307692 6800.25 7617.88 
11432 2144.06 4914.79 402.914 0.215385 6694.46 7589.62 
10760 1969.59 4919.11 401.904 0.215385 6727.35 7721.22 
10753.6 1855.76 4915.98 401.121 0.215385 6687.53 7713.5 
10753.8 1814.7 4841.11 395.101 0.215385 6715.78 7815.61 
10798.3 1800.83 4941.27 392.402 0.246154 6802.15 7866.11 
10945.1 1769.15 4944.96 387.618 0.276923 6765.05 7812.08 
10903.7 1730.39 5062.74 384.673 0.276923 7186.12 8139.13 
10740.3 1721.9 5105 382.975 0.307692 6953.27 8057.7 
10746.2 1717.49 5111.41 382.905 0.307692 6776.67 7846.28 
10633.5 1710.99 5089.01 383.453 0.276923 6797.26 7802.18 
10455 1710.68 5023.05 376.241 0.307692 6799.9 7762.38 
10453.8 1664.04 4971.49 377.179 0.338462 6800.74 7780.68 
10163.1 1508.22 5090.58 379.643 0.307692 6939.1 7984.56 
10104.7 1509.68 5204.82 380.49 0.307692 7069.27 8142.16 
10077.4 1490.83 5233.31 375.005 0.338462 7255.99 8056.93 
9891.17 1503.84 5273.83 387.656 0.307692 7242.14 8068.07 
9804.48 1502.19 5297.51 382.658 0.307692 7291.78 8125.05 
9772.9 1500.2 5239.8 380.662 0.307692 7138.88 8047.86 
9725.19 1518.94 5208.19 378.87 0.307692 7180.45 8130.64 
9648.88 1524.99 5197.45 379.692 0.338462 7228.65 8073.41 
9633.21 1505.89 5183.65 377.886 0.338462 7144.96 8113.53 
9547.26 1489.54 5130.52 379.188 0.338462 7104.96 8218.43 
9383.41 1469.96 5138.81 385.412 0.276923 6953.26 8258.51 
9256 1461.4 5147.16 377.415 0.307692 7070.84 8136.68 
9162.15 1443.42 5050.38 379.675 0.338462 7014.63 8092.7 
9126.93 1437.73 5105.49 388.054 0.338462 6727.65 7906.3 
9133.06 1431.31 5158.73 391.441 0.307692 6730.67 7934.76 
8835.25 1429.89 5285.09 389.355 0.338462 6875.68 7804.49 
8849.67 1422.62 5306.81 390.379 0.369231 6769.56 7832.17 
9611.44 1486.32 5364.45 397.826 0.338462 6821.98 7803.55 
9452.18 1459.48 5268.09 387.237 0.338462 6774.7 7707.34 
9327.36 1458.52 5292.86 391.511 0.338462 6894.49 7894.13 
9241.18 1418.53 5218.03 380.193 0.369231 7023.29 7927.3 
9625.98 1418.26 5131.07 371.87 0.430769 6874.98 8038.51 
9880.91 1426.28 5141.52 373.491 0.4 6905.64 8124.83 
9435.48 1409.26 5224.34 371.852 0.4 7015.15 8296.13 
9274.89 1340.76 5289.83 372.978 0.4 7075.69 8268.28 
9300.72 1324.55 5208.6 368.334 0.4 7007.14 8136.98 
9287.03 1334.82 5406.03 369.324 0.430769 7059.28 8166.87 
9866.97 1366.2 5396.47 367.907 0.4 6961.69 8035.52 
9463.03 1327.23 5374.94 360.954 0.430769 7065.3 8080.16 
9858.38 1333.42 5398.83 364.702 0.4 7002.88 8114.67 
9856.16 1345.16 5431.39 362.209 0.430769 7125.55 8094.08 
9954.91 1389.9 5429.89 362.001 0.430769 7091.27 7959.43 
9754.84 1428.73 5303.94 372.454 0.369231 7073.44 7703.24 
9786.89 1423.59 5242.23 374.04 0.369231 7011.33 7650.2 
9595.53 1438.86 5508.07 365.368 0.4 6894.54 7728.07 
9664.08 1508.98 5451.91 360.962 0.461538 6899.54 7727.51 
9392.14 1524.76 5533.19 359.085 0.492308 6984.07 7831.86 
8313 1235.68 5848.57 360.163 0.492308 7271.93 7978.73 
8227.52 1232.67 5764.02 368.79 0.461538 7003.79 7826.3 
8217.27 1264.29 5782.16 361.522 0.461538 6833.77 7889.02 
8081.93 1282.49 5869.9 364.345 0.461538 6863.64 7825.7 
7303.16 1255.89 6031.25 361.865 0.461538 7132.86 8091.51 
7321.08 1260.19 6002.4 373.073 0.430769 7090.06 8112.19 
7121.8 1234.3 6040.47 371.851 0.461538 7245.06 8089.19 
7103.01 1237.38 6086.57 368.198 0.492308 7353.78 8078.16 
6934.09 1219.29 6054.95 368.594 0.461538 7373.13 8081.38 
6932.67 1215.69 6050.67 359.633 0.492308 7480.5 8167.87 
6834.65 1210.92 5992.94 358.721 0.492308 7540.53 8099.17 
6736.26 1212.95 6056.75 353.658 0.492308 7626.68 8289.49 
6333.93 1195.12 5979.75 350.297 0.553846 7391.35 8123.13 
6051.47 1203.17 5931.39 364.791 0.492308 7397.03 8128.46 
6027.34 1199.53 5884.33 372.993 0.492308 7323.08 8007.41 
6005.42 1211.64 5899.49 371.987 0.461538 7325.13 7973.82 
5848.24 1202.47 5965.69 372.84 0.461538 7438.27 8029.34 
5856.45 1201.08 5965.27 377.654 0.4 7329.1 7915.23 
6009.02 1196.27 5886.36 377.823 0.4 7092.94 7839.88 
6048.52 1204.76 6130.24 374.603 0.461538 7410.89 8595.79 
6638.45 1231.63 6261.2 385.124 0.461538 7415.56 8605.55 
6420.63 1222.72 6309.43 380.666 0.461538 7149.6 8011.04 
6393.98 1208.71 6325.27 377.362 0.492308 7081.32 7880.11 
6584.38 1202.68 6319.61 379.372 0.492308 7029.08 7776.06 
7485.38 1252.75 6344.82 379.489 0.492308 7017.55 7536.86 
7265.38 1258.26 6344.14 371.918 0.492308 7066.61 7499.61 
7255.44 1257.73 6318.77 366.944 0.461538 6963.53 7399.85 
7242.87 1251.79 6277.18 362.233 0.461538 6910.39 7448.04 
7144.99 1246.17 6257.98 373.454 0.4 6828.52 7427.07 
7175.78 1262.64 6246.71 371.3 0.430769 6775.62 7384.79 
7282.84 1261.79 6252.7 366.148 0.430769 6911.15 7388.98 
7328.59 1261.96 6244.78 358.628 0.430769 6935 7408.23 
7356.34 1288.93 6207.98 355.652 0.461538 6945.88 7370.78 
7983.41 1470 6245.23 349.691 0.492308 6889.95 7415.13 
8052.37 1470.21 6230.27 351.739 0.492308 6874.77 7443.82 
8217.15 1434.76 6252.65 353.006 0.523077 6935.97 7441.34 
8220.28 1442.17 6316.01 353.523 0.523077 6928.19 7572.56 
8242.66 1451.06 6306.07 348.018 0.523077 6926.75 7427.1 
8291.51 1432.71 6293.75 347.615 0.523077 6935.05 7415.73 
9088.82 1435.78 6223.1 343.754 0.523077 6734.37 7414.52 
8897.41 1414.69 6195.83 360.599 0.461538 6769.56 7336.6 
9018.97 1432.66 6006.62 356.471 0.492308 6517.44 7388.31 
9034.27 1469.07 5959.26 353.156 0.492308 6483.86 7359.33 
9299.09 1479.19 5999.17 353.222 0.492308 6515.46 7320.62 
9318.05 1467.85 6016.37 351.641 0.492308 6512.74 7334.83 
9647.83 1505.94 6092.71 349.43 0.523077 6607.61 7445.43 
9789.53 1802.07 6336.37 345.954 0.523077 6717.8 7386.13 
9744.65 1770.47 6332.2 344.681 0.523077 6723.01 7382.48 
9786.33 1770.08 6343.65 347.099 0.523077 6735.7 7425.55 
9798.67 1777.13 6345.76 351.012 0.523077 6775.09 7530.97 
9918.03 1814.36 6317.65 352.783 0.553846 6727.69 7554.82 
10186.3 1824.68 6334.75 350.647 0.553846 6793.82 7647.23 
10266.1 1809.72 6360.95 349.561 0.523077 6775.69 7669.6 
10252.3 1817.53 6212.42 347.909 0.523077 6647.51 7419.69 
10359 1825.33 6241 346.398 0.523077 6676.76 7427.07 
10434.9 1811.01 6219.46 345.268 0.523077 6662.47 7422.39 
10320.7 1794.04 6179.65 347.724 0.492308 6570.18 7389.99 
10236.7 1797.53 6184.44 347.346 0.553846 6516.22 7322.23 
10228 1806.86 6165.73 343.323 0.553846 6511.88 7337.03 
10165.7 1847.75 6189.57 355.133 0.523077 6543.36 7356.1 
10026.1 1833.07 6229.1 357.351 0.523077 6589.66 7402.98 
10015.8 1831.67 6206.64 356.695 0.523077 6631.83 7364.71 
9956.54 1840.83 6246.29 352.32 0.523077 6630.51 7606.26 
9950.76 1842.7 6244.4 349.179 0.553846 6642.03 7457.88 
9836.62 1827.05 6265.41 347.546 0.553846 6647.95 7497.62 
9783.12 1822.14 6294.08 345.853 0.553846 6770.12 7463.96 
9782.67 1835.16 6294.05 344.225 0.553846 6773.06 7433.01 
9292.48 1721.37 6355.06 340.306 0.553846 6849.17 7595.67 
9376.77 1715.51 6434.32 341.971 0.553846 6885.55 7604.42 
9470.85 1711.85 6428.12 340.684 0.553846 6860.86 7545.31 
9482.39 1718.42 6423.54 352.151 0.523077 6740.69 7401.54 
9521.2 1706.12 6453.59 349.99 0.523077 6781.3 7409.04 
10110.5 1725.17 6468.98 349.158 0.553846 6815.47 7272.22 
10074.6 1730.66 6499.45 350.79 0.523077 6889.41 7274.64 
9470.94 1708.8 6560.6 353.48 0.523077 6934.56 7282.86 
9417.39 1687.53 6571.61 351.422 0.553846 7009.09 7314.8 
9392 1692.52 6619.59 348.946 0.553846 6946.28 7361.54 
9354.42 1679.28 6638.67 350.44 0.523077 6924.95 7389.15 
9289.38 1681.85 6607.29 353.878 0.523077 6931.87 7447.93 
9105.94 1547.39 6753.45 354.859 0.523077 6908.15 7687.32 
9098.04 1556.07 6755.22 360.22 0.523077 6874.65 7742.31 
9051.16 1559.73 6776.6 356.331 0.553846 6832.37 7756.72 
8999.91 1568.16 6680.29 346.332 0.553846 6768.55 7704.32 
8793.64 1522.27 6649.79 343.03 0.553846 6828.76 7681.56 
8758.73 1523.2 6614.76 346.437 0.523077 6712.86 7676.32 
8920.42 1548.61 6566.39 350.359 0.523077 6784.35 7498.72 
8936.21 1544.54 6596.48 346.767 0.553846 6781.69 7494.05 
8884.15 1565.54 6630.38 343.573 0.584615 6725.75 7434.78 
8774.03 1552.55 6625.5 342.104 0.584615 6751.48 7415.49 
8827.77 1560.78 6657.82 340.944 0.584615 7182.18 7525.86 
8940.51 1564.32 6658.8 333.461 0.646154 6865.46 7465.58 
8960.84 1553.32 6690 331.576 0.646154 6794.09 7470.07 
8848.84 1534.17 6727.9 329.568 0.646154 6782.51 7518.75 
8780.37 1529.38 6683.09 344.517 0.584615 6638.25 7486.74 
8405.72 1428.81 6797.56 338.841 0.615385 6669.58 7436.86 
8356.18 1412.29 6755.95 339.745 0.584615 6673.76 7499.74 
8362.89 1362.55 6727.53 340.196 0.584615 6612.44 7566.69 
8320.33 1364.69 6750.86 339.857 0.615385 6603.06 7561.19 
8358.37 1364.29 6629.69 338.305 0.615385 6570.44 7553.98 
8477.74 1387.37 6533.25 338.275 0.584615 6630.26 7501.29 
8693.27 1399.56 6527.85 342.652 0.584615 6683.61 7421.75 
8757.51 1419.99 6515.9 343.061 0.584615 6756.34 7477.62 
8600.04 1580.18 6326.31 347.514 0.523077 6812.84 7502.81 
8414.25 1657.13 6410.35 344.368 0.523077 6888.08 7480.58 
8258.15 1653.69 6418.48 342.352 0.523077 6782.6 7544.86 
8251.64 1674.34 6399.85 340.865 0.523077 6760.76 7500.25 
8200.06 1675.06 6377.86 342.136 0.492308 6597.42 7470.27 
8168.86 1699.45 6342.22 344.599 0.492308 6496.44 7356.77 
7872.28 1677.18 6445.53 342.161 0.523077 6608.99 7393.4 
8084.42 1669.75 6454.72 344.331 0.523077 6609.95 7426.46 
8234.59 1677.84 6429.04 334.549 0.553846 6643.42 7481.41 
8481.76 1762.94 6444.95 334.983 0.553846 6620.47 7444.74 
8343.95 2025.07 6374.88 342.869 0.523077 6476.82 7321.57 
8335.19 2017.4 6385.85 342.469 0.523077 6529.78 7285.19 
8363.3 2004.96 6377.18 343.321 0.553846 6615.79 7300.97 
8386.1 2003.37 6384.81 342.735 0.553846 6628.68 7300.8 
8653.68 1999.05 6364.42 335.169 0.553846 6582.21 7298.67 
8616.69 1999.66 6444.94 334.482 0.553846 6658.33 7209.17 
8704.99 1968.95 6439.27 334.662 0.553846 6684.93 7243.97 
8672.31 1937 6459.76 333.354 0.553846 6716.41 7287.76 
8588.04 1922.5 6448.4 332.464 0.553846 6713.73 7353.27 
8579.9 1921.94 6432.71 333.062 0.553846 6719 7314.71 
8638.15 1924.62 6424.34 333.153 0.553846 6703.48 7309.17 
8638.95 1914.62 6455.84 334.404 0.584615 6692.87 7307.13 
8720.67 1906.91 6433.71 337.988 0.584615 6673.17 7255.23 
8699.71 1899 6524.78 339.238 0.584615 6838.04 7364.54 
8677.27 1915.84 6421.46 347.556 0.553846 6693.12 7384.33 
8677.98 1909.3 6423.64 347.366 0.584615 6697.13 7378.43 
9260.43 1985.91 6428.77 337.645 0.615385 6734.22 7356.96 
9095.09 1954.23 6408.74 334.363 0.615385 6724.34 7411.71 
9158.62 1921.77 6396.21 330.921 0.615385 6673.19 7390.03 
9195.77 1931.4 6390.63 331.511 0.615385 6660.04 7367.11 
9022.83 1872.78 6407.81 331.914 0.615385 6662.13 7335.32 
8868.63 1820.98 6421.76 334.031 0.584615 6679.17 7358.74 
8846.13 1821.53 6393.51 331.089 0.646154 6626.45 7297.2 
8899.17 1814.26 6353.8 331.731 0.615385 6546.07 7211.13 
8678.11 1799.31 6337.67 332.578 0.615385 6539.34 7187.29 
8598.4 1798.87 6301.59 333.997 0.615385 6425.88 7136.8 
8692.11 1808.61 6292.01 327.22 0.646154 6403.14 7158.02 
9092.43 1817.92 6284.49 330.386 0.615385 6394.98 7205.46 
9291.07 1875.1 6106.83 335.542 0.615385 6296.71 7316.39 
9857.17 2006.53 6078.74 339.945 0.615385 6267.64 7344.28 
9591.42 1977.84 6152.1 340.084 0.584615 6341.09 7407.21 
9545.7 1972.59 6131.11 345.245 0.553846 6337.96 7456.51 
9539.16 1957.01 6143.81 345.141 0.553846 6334.07 7509.93 
9580.46 1979.03 6291.36 337.605 0.553846 6414.39 7427.63 
9407.09 1989.34 6280.49 338.64 0.553846 6372.07 7387.73 
9348.59 1994 6302.35 337.763 0.553846 6358.04 7478.58 
9286.51 1954.41 6296.9 342.976 0.584615 6337.02 7466.16 
9236.91 1936.47 6325.95 345.717 0.584615 6371.24 7452.32 
9207.53 1949.38 6356.26 345.519 0.584615 6341.55 7474.13 
9187.53 1953.65 6441.15 347.338 0.584615 6346.19 7425.68 
8854.15 1871.05 6476.55 348.495 0.584615 6374.34 7472.05 
8781.16 1863.38 6475.81 342.901 0.615385 6343.95 7476.38 
8710.48 1877.95 6582.77 343.486 0.615385 6290.5 7587.15 
8545.02 1876.55 6577.25 354.534 0.584615 6359.18 7415.17 
8456.39 1905.56 6562.98 344.616 0.615385 6343.18 7351.7 
8398.86 1904.84 6568.24 344.324 0.584615 6328.11 7350.01 
8482.16 1909.97 6509.27 342.669 0.584615 6179.58 7394.48 
8729.69 1914.46 6544.4 342.482 0.584615 6295.7 7438.48 
8817.74 1907.31 6578.12 343.398 0.584615 6302.67 7562.25 
8843.45 1912.79 6588.04 342.455 0.584615 6251.73 7529.38 
8903.51 1923.18 6589.23 343.397 0.553846 6249.88 7535.9 
8025.45 1785.2 6621.2 344.843 0.553846 6341.32 7691.53 
8439.5 1771.57 6602.52 345.877 0.553846 6297.5 7663.95 
7551.26 1751.9 6609.09 349.798 0.523077 6319.53 7743.41 
7427.69 1754.23 6589.5 344.807 0.553846 6221.21 7670.53 
7294.63 1779.83 6603.07 343.506 0.553846 6229.97 7697.22 
7285.87 1760.57 6839.43 348.012 0.553846 6169.5 7683.94 
7117.12 1767.12 6643.87 348.803 0.553846 6101.73 7676.07 
7049.44 1776.31 6736.89 348.27 0.553846 6167.21 7735.18 
6768.88 1789.28 6795.32 345.602 0.553846 6057.52 7828.84 
6764.08 1803.56 6820.63 341.115 0.584615 6094.76 7854.8 
7020.06 1799.43 6784.87 340.715 0.584615 6049.8 8328.06 
7817.09 1922.87 6790.34 340.393 0.584615 5999.37 8302.47 
8137.51 1967.72 6772.54 341.464 0.584615 5905.34 8329.73 
8128.08 1952.34 6794.75 340.846 0.584615 5822.73 8048.47 
8080.35 2004.87 6766.18 340.704 0.584615 5779.5 7887.02 
8149.02 1999.78 6718.64 342.671 0.584615 5715.02 7783.36 
8275.21 1975.19 6734.24 341.819 0.584615 5723.1 7733.8 
8239.12 1996.89 6717.79 343.723 0.584615 5685.92 7659.6 
8256.98 1994.37 6748.42 339.08 0.615385 5710.01 7753.24 
8240.75 1987.81 6742.5 341.092 0.615385 5725.6 7680.95 
8234.87 1964.91 6671.05 341.637 0.615385 5749.46 7763.81 
8237.38 1975.23 6660.61 341.466 0.584615 5740.35 7948.42 
8405.08 1978.72 6662.1 351.959 0.523077 5797.64 7965.41 
8362.75 1972.61 6693.4 349.061 0.553846 5889.73 8312.59 
8268.53 1976.24 6694.3 348.237 0.553846 5869.52 8396.5 
8222.63 1966.27 6812.59 347.177 0.553846 5923.78 8436.1 
8790.46 2075.95 6806.59 347.708 0.584615 5915.15 8413.27 
8783.26 2083.74 6852.65 348.784 0.584615 6031.6 8291.86 
8681.14 2084.3 6832.72 348.584 0.584615 6043.13 8293.85 
8657.99 2094.55 6832.28 349.087 0.584615 6075.5 7996.29 
8647.46 2101.99 6717.05 349.837 0.584615 6049.34 7691.68 
8633.32 2082.19 6765.19 349.662 0.584615 6059.93 7749.22 
8622.89 2080.47 7072.8 348.552 0.584615 5993.12 7754.9 
8650.71 2084.99 6990.17 351.268 0.553846 6013.83 7597.5 
8676.69 2076.66 6958.34 351.755 0.553846 6018.15 7640.85 
8635.11 2075.43 7208.09 351.78 0.553846 6009.8 7901.82 
8657.77 2109.46 7206.1 351.82 0.553846 6035.27 7921.5 
8688.35 2098.32 7171.4 352.533 0.553846 6083 8049.4 
8625.33 2121.71 7114.63 351.495 0.553846 6113.19 7913.64 
8604.65 2124.16 7113.41 354.283 0.553846 6141.95 7841.42 
8629.17 2141.86 6982.18 365.335 0.523077 6144.21 7584.93 
8547.4 2153.42 7009.84 366.175 0.523077 6137.33 7550.8 
8539.49 2143.36 6894.53 364.707 0.523077 6132.09 7590.61 
8535.05 2164.3 6873.8 364.322 0.523077 6242.73 7616.49 
8553.54 2141.09 6844.52 364.834 0.523077 6133 7571.87 
8576.29 2148.31 6872.6 364.407 0.523077 6128.52 7633.81 
8659.78 2140.42 6867.11 354.881 0.553846 6141.22 7684.81 
8606.4 2125.56 6835.66 356.005 0.523077 6269.62 7654.83 
8595.41 2122.85 6798.58 356.975 0.523077 6191.13 7617.99 
8587.01 2125.85 6810.25 360.079 0.523077 6254.44 7658.08 
8333.16 2057 6844.4 355.82 0.553846 6274.07 7635.12 
8284.95 2040.3 6829.96 356.335 0.553846 6284.54 7649.19 
8240.31 2020.23 6868.42 355.649 0.553846 6309.31 7743.76 
8242.97 2012.01 6842.22 359.369 0.523077 6314.35 7707.79 
8144.86 2004.18 6938.2 363.127 0.523077 6297.34 7606.5 
8184.08 2025.68 6993.34 363.935 0.523077 6319.81 7574.13 
8231.06 2021.76 7042.17 356.109 0.553846 6304.75 7578.98 
8273.91 2075.62 7148.8 364.238 0.523077 6414.73 7707.49 
8218.32 2114.71 7162.21 364.801 0.523077 6381.65 7732.25 
8153.86 2112.89 7082.28 365.253 0.523077 6333.58 7736.11 
8130.09 2120.79 7046.22 365.227 0.523077 6327.23 7795.19 
8268.78 2135.15 7019.22 360.19 0.553846 6281.3 7778.19 
8411.82 2146.1 7043.71 374.536 0.492308 6227.7 7790.95 
8401.25 2160.23 7201.11 366.581 0.523077 6182.59 7839.91 
8498.93 2157.59 7163.99 366.149 0.523077 6165.89 7856.17 
8535.34 2153.6 7279.59 359.329 0.553846 6252.48 7975.91 
8623.79 2128.32 7555.18 372.823 0.553846 6139.4 7979.95 
8469.68 2103.1 7598.97 372.726 0.492308 6165.4 7952.55 
8579.39 2119.44 7432.09 369.954 0.492308 6026.57 7915.08 
8654.16 2090.32 7292 369.079 0.523077 6016.36 8007.22 
8657.94 2071.09 7362.43 364.325 0.553846 6055.92 8171.11 
8722.09 2047.58 7362.7 363.099 0.553846 6098.24 8058.51 
8799.95 2045.08 7326.48 361.01 0.553846 6079.49 8031.81 
8752.53 2052.18 7139.93 360.974 0.553846 6000.07 7894.52 
8774.02 2058.88 7155.63 361.9 0.553846 5969.92 7906.43 
8883.85 2053.12 7160.9 354.632 0.584615 5963.33 7999.9 
8934.71 2048.14 7116.73 360.76 0.553846 5916.47 8009.11 
8943.05 2048.8 7262.73 361.242 0.553846 6191.92 8552.14 
9044.67 2049.18 7166.11 368.748 0.523077 5978.77 8178.27 
10103.4 2197.44 7135.61 363.16 0.584615 5968.79 7933.3 
10127.9 2207.11 7165.34 370.854 0.523077 6064.05 8022.89 
10188.1 2167.57 7146.65 374.687 0.523077 6071.09 7908.45 
10140.8 2131.51 7100.02 377.026 0.492308 6087.8 7941.32 
10282.8 2114.86 6864.08 375.206 0.461538 6075.14 7689.08 
10281.9 2120.66 6868.11 369.353 0.492308 6053.38 7726.36 
10368.4 2005.94 6891.46 367.874 0.492308 6079.36 7718.33 
10427 2038.38 6847.35 365.901 0.523077 6058.9 7670.31 
10261.2 2061.98 6769.87 375.166 0.461538 5960.72 7694.19 
10286.9 1919.39 6639.69 384.3 0.430769 5902.39 7551.77 
10343 1929.01 6664.83 374.513 0.492308 5927.94 7645.4 
10733.2 2053.66 6777.1 366.638 0.523077 5972.8 7643.88 
10741.6 2039.95 6803.64 365.746 0.523077 5969.43 7717.33 
10658.8 2004.8 6828.61 369.581 0.523077 5972.14 7748.04 
10544.9 1893.98 6831.38 369.599 0.523077 5979.28 7787.44 
9890.82 1930.61 6705.86 365.433 0.523077 5913.1 7725.65 
9807.47 1865.39 6916.78 368.001 0.523077 6055.57 7922.82 
9896.4 1848.39 7031.82 370.002 0.553846 6082.62 8104.49 
9784.9 1830.67 7018.16 372.762 0.553846 6202.4 8177.22 
8960.59 1826.28 7090.85 366.804 0.553846 6331.52 8349.47 
9021.5 1710.31 7155.1 366.141 0.553846 6362.96 8277.49 
8976.65 1712.05 7036.42 370.665 0.553846 6276.56 8135.1 
9000.86 1731.83 6923.98 373.974 0.523077 6226.77 7977.42 
8893.78 1711.28 6905.17 383.292 0.461538 6079.72 7835.17 
8906.91 1728.26 6992.52 371.164 0.492308 6048.79 7979.83 
8903.68 1713.24 7084.35 375.835 0.461538 6310.64 8234.98 
8898.89 1705.11 7077.4 376.188 0.461538 6307.44 8203.8 
8888.25 1698.04 7348.42 376.569 0.461538 6724.84 8855.59 
8859.08 1697.29 7421.83 383.292 0.461538 6351.43 8082.3 
8972.86 1636.17 7417.94 385.225 0.430769 6321.27 8007.66 
8944.57 1642.87 7401.42 385.907 0.430769 6330.82 7979.99 
8938.19 1625.2 7415.73 387.191 0.430769 6346.19 7956.68 
8899.51 1620.93 7356.53 393.214 0.4 6245.48 7939.88 
8923.81 1602.76 7388.11 393.982 0.4 6265.36 7925.55 
8917.47 1573.04 7399.22 393.857 0.4 6302.64 7870.44 
8842.31 1552 7379.74 393.665 0.369231 6262.36 7852.22 
8633.13 1507.03 7367.78 389.042 0.4 6257.13 7855.37 
8605.83 1483.99 7470.9 389.581 0.369231 6299.82 7868.76 
8694.43 1446.12 7457.19 388.826 0.4 6303.42 7888.32 
8686.33 1429.62 7590.96 389.708 0.4 6329.54 7926.42 
8748.65 1420.22 7659.1 390.676 0.4 6320.85 7925.39 
8695.04 1398.29 7653.23 390.492 0.4 6321.21 7922.08 
8714.81 1369.52 7711.42 390.965 0.4 6331.29 7927.04 
8766.05 1372.64 7562.29 388.308 0.4 6232.84 7885.2 
8837.5 1327.82 7550.7 388.224 0.4 6268.06 7936.65 
8835.32 1285.52 7613.83 387.157 0.4 6261.03 7950.62 
8895.09 1274.03 7579.58 386.585 0.4 6215.37 7941.62 
8920.85 1233.46 7621 386.625 0.4 6212.18 7947.65 
8934.19 1233.45 7595.08 387.336 0.4 6161.86 7911.94 
8923.39 1218.32 7620.18 388.676 0.4 6205.96 7964.65 
8778 1219.31 7660.23 390.16 0.4 6235.27 8044.01 
8780.57 1216.04 7632.79 389.531 0.4 6191.82 8021.21 
8746.85 1204.2 7716.74 390.794 0.4 6351.97 8148.44 
8743.36 1197.24 7817.17 388.89 0.4 6409.26 8147.28 
8808.4 1200.66 7787.7 389.264 0.4 6420.88 8160.18 
8782.18 1182.04 7821.07 391.321 0.369231 6418.23 8263.6 
8801.89 1172.9 7819.96 390.089 0.4 6468.38 8199.8 
8806.16 1174.95 7830.39 390.918 0.369231 6497.23 8196.57 
8825.67 1163.04 7831.95 392.312 0.4 6510.13 8133.75 
8627.08 1141.49 7815.82 397.151 0.369231 6685.8 8231.72 
8618.77 1148.17 7855.32 397.263 0.369231 6710.86 8322.54 
8601.38 1137.47 8025.94 397.175 0.4 6711.95 8030.66 
8582.35 1151.98 8033.29 397.432 0.4 6747.27 8095.12 
8596.75 1144.77 8056.33 401.409 0.4 6718.32 8103.73 
8924.72 1325.19 8185.08 396.602 0.369231 6859.84 8295.94 
8873.51 1327.7 8080.62 397.308 0.369231 6849.27 8308.79 
8835.92 1312.13 8170.78 396.659 0.369231 6835.57 8309.38 
8853.52 1313.68 8194.01 395.416 0.369231 6883.28 8328.19 
8781.75 1312.73 8216.82 396.482 0.369231 6871.29 8327.34 
8744.48 1324.03 8259.73 394.302 0.369231 6820.77 8336.41 
8664.74 1343.11 8487.59 392.871 0.369231 6787.24 8376.42 
8570.9 1347.98 8346.07 393.06 0.369231 6862.85 8138.6 
8590.65 1345.81 8406.77 392.308 0.369231 6909.01 8163.74 
8576.65 1335.14 8266.34 391.737 0.369231 6923.88 7867.88 
8542.63 1333.15 8271.36 401.817 0.338462 6936.9 7887.06 
8578.51 1336.52 8289.42 394.726 0.369231 6980.22 7861.25 
8691.52 1336.19 8282.27 394.809 0.4 7063.84 7895.41 
8723.03 1332.59 8292.81 400.8 0.4 7111.64 7879.87 
8804.5 1332.94 8312.24 402.855 0.4 7125.44 7907.79 
8786.54 1328.71 8258.53 402.81 0.4 7246.61 7933.65 
8789.02 1322.51 8283.85 403.671 0.4 7313.97 7989.96 
8802.48 1318.71 8290.63 406.543 0.4 7345.36 7966.92 
9556.83 1448.24 8271.18 403.042 0.4 6972.47 7912.84 
9561.14 1451.65 8204.84 395.857 0.4 6973.33 7879.4 
9606.76 1452.45 8191.79 395.544 0.4 7031.96 7884.58 
9608.86 1466.61 8249.9 401.299 0.4 7097.65 7959.89 
9644.97 1475.01 8244.12 399.774 0.4 7105.08 7953.68 
9648.12 1473.79 8197.34 404.82 0.4 7102.51 7908.03 
9587.69 1451.35 8143.84 393.082 0.4 7204.87 7875.2 
9570.73 1457.76 8068.09 390.067 0.4 7184.61 7826.19 
9536.35 1470 7979.39 396.379 0.369231 6958.61 7700.15 
9458.56 1471.42 7843.38 407.439 0.369231 6849.96 7567.78 
9503.15 1471.94 7820.27 405.237 0.369231 6813.07 7560.14 
9461.43 1477.82 7918.61 400.96 0.4 6897.61 7625.29 
9487.13 1502.69 7938.92 403.254 0.369231 6896.21 7607.99 
9464.49 1507.74 7760.46 393.493 0.4 6752.08 7522.51 
9554.06 1522.72 7995.2 388.641 0.430769 7058.2 8001.7 
9596.2 1521.83 8119.13 389.906 0.4 6828.27 7567.07 
9528.89 1512.89 8380.2 388.273 0.369231 7037.64 7623.9 
9530.72 1513.25 8339.5 391.176 0.369231 7085.57 7650.31 
9453.08 1532.6 8178.02 397.798 0.338462 6854.66 7489.14 
9457.49 1528.44 8169.95 402.78 0.338462 6828.88 7520.4 
9431.24 1543.88 8170.85 407.367 0.338462 6836.65 7508.71 
9456.7 1527.7 8170.07 409.392 0.307692 6840.47 7495.51 
9576.61 1530.56 8121.95 409.955 0.307692 6721.85 7390.4 
9562.12 1526.78 8123.5 403.508 0.338462 6683.85 7391.97 
9500.04 1504.61 8044.66 402.813 0.369231 6749.64 7346.96 
9499.04 1510.35 8128.06 403.072 0.369231 7128.02 7556.46 
9462.63 1511.2 8117.5 400.989 0.369231 7115.53 7546.1 
9425.62 1505.94 8150.63 398.306 0.369231 7150.87 7579.63 
9419.37 1501.75 8364.2 402.982 0.338462 7126.35 7551.55 
9463.07 1509.17 8451.34 404.652 0.338462 7153.61 7603.98 
9460.71 1516.43 8469.14 398.715 0.338462 7143.44 7606.04 
9310.4 1538.95 8459.57 398.813 0.338462 7241.64 7728.67 
9248.95 1536.61 8565.89 399.053 0.338462 7323.81 7835.76 
9308.62 1530.66 8451.59 404.273 0.338462 7256.8 7795.51 
9248.99 1544.83 8406.65 405.051 0.307692 7199.43 7726.05 
9225.88 1546.65 8386.79 407.438 0.307692 7197.45 7712.68 
9149.61 1621.54 8276.72 411.585 0.307692 7029.18 7691.73 
9144.38 1616.96 8203.36 415.273 0.307692 6891.81 7586 
9139.56 1616.27 8165.9 416.737 0.307692 6971.36 7570.16 
8774.56 1612.6 8150.34 407.118 0.338462 6826.62 7567.14 
8783.45 1606.84 8143.78 400.147 0.369231 6827.26 7591.97 
7843.74 1473.56 8400.9 397.365 0.338462 7184.69 8341.39 
7585.2 1475.95 8404.27 394.596 0.4 7136.57 8437.25 
7359 1469.56 8390.74 395.426 0.369231 7242.76 8510.73 
7371.46 1464.57 8332.73 394.25 0.369231 7265.19 8486.49 
7376.88 1463.99 8441.91 392.27 0.4 7333.74 8365.42 
7410.45 1465.85 8451.19 384.713 0.4 7375.33 8258.75 
7393.45 1478.99 8431.62 385.381 0.4 7373.44 8247.2 
7205.08 1483.63 8455.78 391.223 0.369231 7321.04 8115.19 
7194.37 1485.81 8390.89 400.684 0.307692 7278.51 8079.14 
7278.07 1488.4 8386.35 393.073 0.369231 7305.55 8090.73 
7739.69 1588.05 8241.12 401.045 0.307692 7171.52 8027.42 
7790.41 1583.06 8229.39 404.316 0.307692 7184.86 8038.76 
7839.32 1589.58 8259.91 403.611 0.276923 7188.24 8031.27 
7907.94 1601.84 8369.58 408.455 0.246154 7479.85 8455.81 
8093.1 1620.75 8610.92 412.32 0.246154 7353.82 8328.94 
7938.17 1621.97 8609.59 421.106 0.246154 7344.26 8293.66 
7725.52 1626.83 8530.11 418.828 0.246154 7324.46 8226.19 
7692.22 1611.44 8476.29 420.43 0.184615 7317.55 8225.7 
7883.81 1607.21 8478.45 420.165 0.215385 7314.02 8190.47 
7890.83 1600.78 8497.36 421.833 0.184615 7338.47 8235.91 
7901.04 1606.53 8379.79 419.994 0.184615 7333.77 8197.19 
7922.26 1593.98 8134.73 419.058 0.184615 7197.88 8331.61 
7945.05 1595.71 8159.39 418.783 0.153846 7235.63 8336.86 
7673.14 1594.75 8200.89 418.393 0.153846 7224.01 8300.46 
7715.56 1593.63 8148.98 420 0.153846 7256.28 8307.41 
7708.77 1595.09 8107.18 418.946 0.153846 7252.27 8339.35 
8650.95 1737.73 8046.79 419.329 0.153846 7085.43 8308.67 
8080.37 1920.72 8009.77 420.445 0.153846 7113.62 8364.94 
8081.38 1935.99 8011.84 419.791 0.184615 7148.64 8322.03 
8087.38 1930.8 8044.4 419.725 0.184615 7154.02 8334.65 
8059.47 1925.63 8073.12 422.085 0.184615 7173.87 8390.05 
8023.8 1930.87 8038.81 422.723 0.184615 7208.24 8511.95 
8012.6 1924.6 8002.77 415.532 0.215385 7192.32 8473.76 
8424.35 1935.73 8007 415.282 0.153846 7211.77 8521.24 
8382.31 1931.33 7995.4 415.184 0.153846 7277.04 8557.39 
8929 2014.51 7981.71 410.726 0.184615 7296.21 8539.68 
9745.23 2208.57 7856.93 412.049 0.215385 7142.51 8472.34 
9733.37 2213.16 7836.08 411.274 0.184615 7127.97 8487.79 
9734.26 2206.77 7846.68 407.302 0.215385 7085.77 8519.44 
9689.19 2217.62 7869.39 409.589 0.184615 7101.32 8486.46 
9647.25 2219.84 7933.58 413.306 0.184615 7189.23 8636.96 
9625.4 2215.28 7925.16 421.525 0.184615 7136.35 8646.41 
9576.83 2201.26 7925.63 422.755 0.184615 7126.28 8659.26 
9561.69 2200.24 7849.32 424.926 0.184615 7071.77 8468 
9574.26 2223.4 7847.69 424.136 0.215385 7089.78 8413.77 
10399.9 2302.91 7649.68 416.662 0.215385 6841.67 8211.81 
10359.2 2294.87 7652.96 415.745 0.184615 6834.23 8258.34 
10354.9 2299.54 7657.66 410.616 0.215385 6877.22 8279.24 
10360.4 2287.31 7634.37 409.446 0.215385 6833.82 8246.86 
11321.2 2446.04 7409.48 409.091 0.215385 6421.87 8036.96 
11353.9 2446.79 7391.94 411.505 0.184615 6461.55 8017.75 
10911.7 2494.21 7431.01 408.404 0.215385 6523.81 8164.14 
10860 2506.76 7357.38 415.791 0.184615 6317.31 8078.81 
10731.7 2512.64 7354.14 408.729 0.184615 6351.87 8033.71 
10541.6 2381.91 7355.96 419.526 0.153846 6361.25 8014.52 
10531.2 2414.92 7277.97 411.212 0.184615 6313.91 8102.6 
10518.4 2454.79 7253.75 413.989 0.153846 6291.29 8076.69 
10533.6 2492.01 7207.3 418.663 0.153846 6290.98 8056.69 
10541.5 2468.49 7086.5 413.398 0.184615 6242.83 8029.61 
10546.4 2462.7 7093.65 409.097 0.184615 6280.7 8041.95 
10482.8 2326.63 6966.96 394.285 0.246154 6154.4 7933.29 
10469.1 2305.45 6966.31 395.381 0.246154 6195.42 7736.78 
10542.4 2333.56 6930.26 411.767 0.184615 6408.24 7749.86 
10552.3 2284.91 6987.15 407.834 0.215385 6430.51 7839.65 
10545.5 2279.92 7224.15 408.084 0.215385 6562.3 7970.36 
10583.1 2282.02 7191.02 404.901 0.215385 6469.78 7879.42 
11434.1 2357.79 7123.68 404.566 0.215385 6424.82 7956.52 
12846.6 2563.55 6699.89 417.134 0.123077 6022.46 7364.58 
13788.8 2689.23 6567.26 409.583 0.184615 5901.68 7133.58 
16268.8 2963.93 6149.87 415.446 0.123077 5503.86 6527.25 
18001 3260.12 5947.89 416.944 0.153846 5072.33 6030.32 
18013.2 3292.86 5993.85 411.154 0.153846 5027.92 5940.75 
19060.5 3478 5513.3 435.119 0.0923077 4810.31 5778.21 
20168.4 3692.9 5286.47 416.37 0.123077 4594.58 5560.43 
20329.8 3733.06 5342.5 421.35 0.123077 4574.09 5594.74 
23856 4247.52 4915.91 420.005 0.123077 4089.07 5172.94 
26017.2 4686.7 4925.77 423.937 0.123077 4082.45 5224.63 
27957 5154.64 4559.85 423.965 0.123077 3953.83 4734.53 
28660.6 5412.11 4118.57 418.717 0.123077 3737.1 4528.69 
29489.2 5645.87 4082.74 421.833 0.0923077 3679.79 4516.78 
30186 5777.07 3891.56 418.814 0.0923077 3672.07 4341.62 
32114.1 6271.05 3319.35 419.24 0.0615385 3361.01 3993.98 
35567.6 6818.09 2588.17 429.699 0 2600.6 2960.38 
36142.2 7091.11 2448.79 421.103 0.0307692 2270.14 2725.09 
38714.6 7396.82 1995.68 414.282 0.0307692 2011.81 2413.51 
41936.3 7907.8 1375.82 408.783 0.0615385 1590.7 2049.86 
44953 8452.14 1199.82 411.003 0.0615385 1374.76 1794.93 
