827
52193.6 7857.62 982.851 481.029 0.0571429 1812.77 766.407 
52186.9 7927.99 980.427 480.815 0.0571429 1835.88 769.99 
53820.5 8316.88 951.529 478.893 0.0571429 1386.28 723.127 
53498 8420.39 946.599 479.874 0.0571429 1386.93 716.131 
53346.4 8501.44 948.694 480.703 0.0571429 1384.4 711.349 
53189.4 8600.26 949.67 480.618 0.0571429 1392.75 710.68 
52933 8735.46 965.602 481.881 0.0571429 1401.86 743.047 
53458.5 8992.61 822.812 482.271 0.0571429 1238.71 652.963 
53270.7 9103 846.012 482.86 0.0571429 1242.75 676.826 
52934.4 9238.27 852.08 482.657 0.0571429 1238.12 682.039 
52542.8 9329.12 850.553 484.147 0.0571429 1204.09 666.957 
53329.1 9668.23 769.486 484.842 0.0571429 1107.97 645.718 
52994.3 9770.27 788.229 483.06 0.0571429 1139.03 690.329 
52673.3 9949.18 805.504 483.032 0.0571429 1138.46 701.188 
52559.7 10058.4 809.759 482.866 0.0571429 1145.17 715.234 
52253.1 10195.8 804.094 483.612 0.0571429 1177.16 722.084 
52115.9 10299.4 788.044 484.881 0.0571429 1149.92 704.689 
51984.3 10421 789.527 485.34 0.0571429 1160.63 701.547 
51955.6 10528.8 784.893 486.198 0.0571429 1168.4 711.781 
51832.7 10674 747.827 486.288 0.0571429 1176.89 739.889 
51836.7 10771.1 753.133 486.254 0.0571429 1177.55 758.956 
51668 10943.5 742.226 487.284 0.0571429 1194.8 806.463 
51459.3 11102.5 739.787 486.835 0.0571429 1175.55 787.983 
51247 11175.8 738.816 487.613 0.0571429 1184.1 785.749 
51359.2 11250.4 760.981 486.824 0.0571429 1190.9 817.866 
51161.6 11389.3 738.724 487.756 0.0571429 1230.91 789.873 
51445 11479.5 733.152 486.807 0.0571429 1245.44 814.637 
51620 11490.5 730.87 490.549 0.0571429 1223.07 838.48 
51566.1 11557.3 735.247 489.648 0.0571429 1194.22 802.667 
51455 11612 739.374 489.544 0.0571429 1182.78 801.237 
52074.6 11668.4 657.949 492.243 0.0571429 1117.9 757.333 
51187.3 11991.5 633.278 491.873 0.0571429 1128.94 746.372 
50698.8 12247.6 628.926 492.479 0.0571429 1118.74 734.144 
52050.2 12725.8 561.769 491.077 0.0571429 802.865 661.653 
51426.8 12876.6 549.055 490.662 0.0571429 835.263 658.525 
51432.7 13061.7 549.981 490.724 0.0571429 841.618 665.689 
51152.8 13149 546.007 491.314 0.0571429 830.929 673.013 
51019.9 13345.2 549.263 492.26 0.0571429 835.586 701.784 
51000.2 13332.8 553.867 491.653 0.0571429 833.625 725.873 
51212.7 13386.5 554.81 492.013 0.0571429 838.22 777.244 
51067 13290.9 565.283 493.116 0.0571429 845.593 838.366 
51258.1 13197.6 577.229 492.469 0.0571429 846.286 883.092 
51519.5 13040.1 596.479 492.129 0.0571429 844.162 925.142 
51551.2 12964.4 591.302 492.438 0.0571429 826.733 944.699 
52052.9 12539.9 628.806 491.71 0.0571429 849.881 993.94 
52177.2 12489.9 632.267 492.877 0.0571429 864.393 1017.29 
51815.2 12168.1 640.619 494.254 0.0571429 836.005 966.661 
51909.2 12236.5 655.224 493.494 0.0571429 800.64 982.852 
51509.9 12282.6 665.655 494.248 0.0571429 807.231 960.85 
50131.9 11814.6 633.303 494.935 0.0571429 772.17 850.287 
50207.1 11731.9 680.378 495.613 0.0571429 733.23 867.675 
49664.2 11119.3 666.066 495.111 0.0571429 732.362 806.549 
49235.7 11032.3 808.594 494.051 0.0571429 947.738 1050.9 
49213.8 10995.5 815.483 493.875 0.0571429 959.094 1120.93 
49317.9 10877.2 842.246 493.722 0.0571429 972.608 1111.93 
49477.4 10644.5 857.285 493.993 0.0571429 971.674 1133.61 
49569.6 10519 916.895 493.853 0.0571429 987.451 1045.5 
48914.1 9581.15 933.014 494.862 0.0571429 1002.29 1006.12 
48302.8 9059.33 922.858 494.144 0.0571429 1032.15 999.903 
48003.4 8955.26 916.673 494.665 0.0571429 1054.03 1025.58 
47691 8905.59 917.886 494.534 0.0571429 1128.21 1024.28 
45975.7 8830.79 1036.96 496.091 0.0571429 1322.59 1140.11 
45869.1 8693.9 1063.9 495.559 0.0571429 1357.35 1125.22 
45925.3 8628.35 1073.35 497.213 0.0571429 1386.88 1129.72 
45441.1 8448.6 1074.97 497.538 0.0571429 1397.68 1124.47 
45391.3 8419.9 1133.64 497.857 0.0571429 1351.62 1113.46 
45250.8 8405.7 1150.92 499.11 0.0571429 1364.98 1145.01 
45276.7 8300.87 1147.6 499.243 0.0571429 1409.56 1186.61 
44475.9 8571.96 1146.87 498.46 0.0571429 1387.66 1173.62 
44291.4 8462.25 1144.88 498.833 0.0571429 1455.54 1225.28 
43084.2 8207.7 1153.07 497.52 0.0571429 1484.27 1260.91 
42809.8 8207.22 1167.76 499.231 0.0571429 1517.2 1246.84 
42195.1 7898.54 1216.57 496.675 0.0571429 1531.97 1313.14 
41998.9 7964.04 1243.79 489.491 0.0571429 1506.82 1307.24 
41622.6 7993.51 1240.82 485.577 0.0571429 1546.87 1296.08 
41760.5 7977.04 1251.05 486.51 0.0571429 1564.35 1273.93 
41713.9 7936.26 1254.35 487.747 0.0571429 1553.38 1272.27 
41772.5 7930.1 1262.11 487.609 0.0571429 1579.39 1259.93 
43348 8104.86 987.115 482.32 0.0571429 1285.71 1051.52 
42655.5 7981.46 990.659 481.324 0.0571429 1299.98 1034.65 
43139.9 7838.8 1001.38 477.17 0.0571429 1307.27 1026.87 
43221.2 7810.37 971.648 478.698 0.0571429 1289.42 1037.06 
43110.2 7750.07 955.779 480.997 0.0571429 1309.2 1087.19 
42703.6 7596.39 942.17 492.04 0.0571429 1301.45 1025.76 
42697.2 7583.09 952.063 481.098 0.0571429 1323.51 1036.05 
42795.6 7495.47 961.585 488.284 0.0571429 1332.44 1065.77 
42711.6 7382.24 1127.21 479.187 0.0571429 1713.27 1102.74 
42882.9 7353.32 1128.65 479.384 0.0571429 1718.16 1112.18 
43252.9 7133.67 1170.17 480.916 0.0571429 1692.02 1108.43 
43789.9 6996.13 1169.42 478.122 0.0571429 1684.38 1107.35 
44095 6990.34 1182.11 480.875 0.0571429 1631.93 1087.22 
44389.6 6942.08 1170.72 477.531 0.0571429 1629.65 1082.72 
44475.4 6923.42 1017.27 475.855 0.0571429 1572.06 976.17 
44735.1 6841.8 1001.37 475.677 0.0571429 1539.46 970.287 
44686 6822.23 1009.02 485.927 0.0571429 1567.41 982.81 
45106.2 6762.37 1059.03 475.511 0.0571429 1517.9 959.385 
45254.4 6779.3 1130.89 473.445 0.0571429 1559.04 977.389 
44870.7 7799.19 1080.96 474.525 0.0571429 1544.61 972 
44854.2 7790.75 1086.91 474.85 0.0571429 1556.71 993.167 
45083.1 7758.49 1115.36 472.99 0.0571429 1503.62 1080.33 
45165.7 7764.59 1115.45 474.339 0.0571429 1521.49 1099.07 
45188.9 7713.76 1045.66 474.408 0.0571429 1543.83 1121.08 
42461.2 7729.93 1474.83 462.319 0.0571429 1927.06 1396.41 
42475.9 7749.36 1459.4 464.894 0.0571429 1882.39 1452.15 
42074.3 8184.42 1456.91 476.85 0.0571429 1878.14 1450.19 
41875.6 8216.41 1423.37 468.806 0.0571429 1922.56 1476.62 
41673.6 8251.42 1367.3 473.058 0.0571429 1936.72 1483.65 
41762.5 8328.54 1364.95 468.798 0.0571429 1988.49 1493.68 
41836.6 8330.69 1300.5 460.657 0.0571429 1977.76 1464.83 
41615.2 8334.1 1297.69 464.61 0.0571429 1970.14 1482.15 
41611.1 8375.25 1290.31 469.964 0.0571429 2002.89 1489.85 
42391.5 8470.01 1275.22 457.643 0.0571429 1870.32 1494.34 
40711.9 8190.6 1429.57 461.196 0.0571429 2071.8 1621.59 
38375.9 8439.64 1564.71 461.184 0.0571429 2268.98 1851.87 
38155 8674.55 1573.96 447.898 0.0571429 2277.14 1865.79 
38059.9 8728.03 1585.95 456.467 0.0571429 2262.9 1854.53 
38054.1 8696.35 1543.62 457.5 0.0571429 2287.87 1872.16 
37880.3 8814.17 1561.37 473.976 0.0571429 2272.11 1887.23 
37674.7 8858.67 1585.89 481.367 0.0571429 2285.35 1954.8 
37677.4 8995.26 1647.64 472.621 0.0571429 2362.58 1989.57 
37840.4 9148.29 1670.43 471.59 0.0571429 2375.1 2016.24 
38049.8 9102.02 1686.58 460.482 0.0571429 2425.84 2042.01 
37917.5 9141.32 1712.17 457.913 0.0571429 2432.39 2048.04 
37883.4 9231.81 1740.24 460.775 0.0571429 2387.9 2104.52 
37862.1 9335.01 1668.63 467.869 0.0571429 2384.62 2135.27 
37807.3 9332.28 1732.5 469.968 0.0571429 2436.75 2141.45 
37726.9 9320.12 1729.25 479.876 0.0571429 2478.92 2137.87 
37624.8 9283.07 1716.84 479.071 0.0571429 2509.71 2095.32 
37592.1 9338.17 1704.68 472.344 0.0571429 2540.59 2074.77 
37602.9 9370.37 1681.9 471.802 0.0571429 2543.26 2075.36 
37430.6 9399.87 1689.32 471.809 0.0571429 2558.17 2069.9 
38473.3 9361.36 2078.39 477.403 0.0571429 2723.47 2234.24 
38509.3 9388.1 2059.92 484.439 0.0571429 2704.14 2216.47 
37319 8808.8 2364.79 486.936 0.0571429 2951.17 2477.39 
35931.7 8708.42 2542.54 492.55 0.0571429 3208.43 2684.18 
36073.1 8638.01 2561.04 491.997 0.0571429 3241.46 2728.67 
36128.3 8660.81 2562.64 489.233 0.0571429 3226.52 2743.39 
36110.4 8651.7 2563.89 499.711 0.0571429 3256.79 2774.95 
36034.8 8744.72 2580.58 491.339 0.0571429 3277.33 2725.31 
36879.6 8774.1 2527.88 490.966 0.0571429 3258.94 2698.43 
37256.2 8517.22 2540.75 488.858 0.0571429 3293.77 2746.58 
37389.9 8485.23 2541.76 488.059 0.0571429 3327.01 2799.08 
37342 8476.45 2582.69 488.576 0.0571429 3385.07 2778.05 
37688.7 8691.27 2562.46 480.453 0.0571429 3280.59 2798.16 
37714.3 8712.58 2556.7 475.542 0.0571429 3283.98 2810.24 
37651.8 8415.67 2571.27 474.652 0.0571429 3657.17 2960 
37676 8373.18 2544.79 477.352 0.0571429 3664.03 2970.92 
37857.2 8367.77 2627.15 479.614 0.0571429 3503.01 2922.52 
37819.3 8359.94 2608.5 480.265 0.0571429 3518.89 2918.59 
37889.1 8355.88 2600.09 479.196 0.0571429 3511.66 2921.24 
37991.6 8298.72 2572.33 500.727 0.0571429 3501.84 2921.24 
36814.9 8118.59 2550.07 504.511 0.0571429 3488.52 2906.94 
36772 8116.59 2524.42 491.267 0.0571429 3466.71 2861.85 
36892.4 8091.94 2500.93 489.455 0.0571429 3477.42 2856.36 
36969.2 8121.75 2488.32 489.81 0.0571429 3452.48 2831.48 
37016.7 8108.48 2495.98 492.428 0.0571429 3447.81 2827.01 
37013.2 8090.96 2463.64 494.796 0.0571429 3436.65 2857.12 
36982.8 8108.44 2498.18 497.043 0.0571429 3426.06 2870.87 
36967.6 8089.53 2490.94 501.771 0.0571429 3396.24 2856.56 
37062.4 8090.34 2499.18 501.918 0.0571429 3368.12 2853.54 
35258.3 9647.39 2689.84 500.596 0.0571429 3357.85 3196.73 
35330 9667.49 2699.59 502.075 0.0571429 3357.4 3208.87 
33522.2 9549.52 3018.89 501.874 0.0571429 3608.62 3549.69 
31817.5 9133.75 3039.89 509.468 0.0571429 3943.79 3703.36 
31835.2 9132.79 3090.05 506.11 0.0571429 3958.68 3721.24 
29500 9164.02 3019.22 504.542 0.0571429 4158.25 3885.6 
29378.3 9211.63 3026.82 511.142 0.0571429 4173.7 3861.25 
29354.7 9237.76 3026.25 507.594 0.0571429 4209.23 3876.04 
29657.7 8977.94 2986.43 505.62 0.0571429 4245.57 3846.09 
29466.7 9023.43 2963.57 503.962 0.0571429 4248.22 3793.54 
29334.8 9062.06 2948.65 503.444 0.0571429 4281.54 3762.09 
29342.3 9015.29 2947.19 511.213 0.0571429 4224.31 3697.72 
29370.2 9011.77 2926.34 496.286 0.0571429 4237.21 3667.18 
29349.2 9088.34 2606.9 493.934 0.0571429 4098.78 3450.1 
29320.1 8953.55 2629.04 490.178 0.0571429 4087.25 3392.43 
29313.3 8888.97 2610.39 494.309 0.0571429 4106.72 3383.83 
29170.7 8889.76 2790.32 499.127 0.0571429 4174.99 3510.55 
29094.8 8818.19 2787.82 491.52 0.0571429 4214.2 3552.39 
29130.5 8859.37 2808.81 478.367 0.0571429 4453.71 3457.86 
29034.6 8886.11 2820.3 486.331 0.0571429 4417.15 3445.43 
28899.7 8889.77 2842.97 474.14 0.0571429 4486.69 3458.68 
28954.2 8928.99 2847.59 481.448 0.0571429 4529.08 3460.59 
28849.5 8925.79 2846.45 475.273 0.0571429 4564.46 3462.16 
27485.8 8605.76 2910.42 485.868 0.0571429 4864.77 3632.43 
27470 8573.23 2865.8 480.165 0.0571429 5057.55 3513.57 
27311.7 8502.28 2867.69 493.324 0.0571429 5031.01 3508.1 
27353.7 8444.82 2903.18 495.044 0.0571429 4782.08 3467.72 
25858.8 8184.6 3328.82 499.431 0.0571429 5125.22 3715.01 
25756.8 8179.86 3267.28 499.552 0.0571429 5235.77 3773.14 
24525.9 8076.66 3412.75 503.135 0.0571429 5850.34 3955.6 
24009.1 7027.53 3482.63 502.057 0.0571429 6580.62 4061.25 
23909 7099.24 3503.8 498.989 0.0571429 6340.6 4114.97 
23941.8 7147.33 3504.86 498.014 0.0571429 6373.38 4170.45 
23963.8 7105.84 3516.94 498.291 0.0571429 6327.05 4161.03 
23885.5 7137.8 3531.11 508.663 0.0571429 6253.7 4159.33 
23813.1 7137.54 3533.58 503.516 0.0571429 6262.15 4173.91 
23420.7 7064.53 3495.35 501.913 0.0571429 6200.67 4190.04 
23454.2 7076.16 3494 508.163 0.0571429 6162.89 4178.15 
23310.9 7098.69 3480.7 496.044 0.0571429 6197.03 4180.37 
23057.6 7051.73 3443.92 483.713 0.114286 6544.29 4146.34 
22948.6 7045.78 3460.35 489.121 0.114286 6479.46 4170.98 
22791.3 7036.68 3485.23 497.779 0.0571429 6462.35 4207.56 
22725.7 7002.02 3494.36 498.031 0.0571429 6457.27 4218.71 
22681.5 6985.24 3533.82 500.975 0.0571429 6475.42 4172.87 
22463.9 6946.28 3540.1 488.672 0.114286 6436.52 4161.26 
22191.4 6992.68 3709.61 495.831 0.114286 6569.9 4462.24 
22339.3 6982.35 3598.47 510.295 0.0571429 6436.74 4113.92 
21009.9 6389.89 3829.26 499.136 0.0571429 6795.69 4435.03 
20980.9 6415.59 3836.7 485.399 0.0571429 6775.05 4415.57 
20848.6 6322.07 3847.6 485.161 0.0571429 6840.97 4422.72 
20811.1 6298.86 3846.75 486.803 0.0571429 6898.07 4450.57 
21128.1 6363.37 3860.2 486.6 0.0571429 6958.92 4447.65 
20829.7 6449.9 3850.42 484.276 0.114286 6981.46 4473.47 
20638.7 6421.04 3861.91 481.852 0.114286 6949.95 4597.26 
20778.9 6393.18 3822.85 470.228 0.171429 6897.55 4508.77 
20756.6 6364.85 3868.04 472.11 0.171429 6911.75 4527.98 
19164.3 6151.81 3950.53 482.418 0.171429 7203.55 4522.98 
19093.7 6117.49 3998.45 479.367 0.171429 7221.49 4561.01 
19001.9 5979.91 4027.23 473.395 0.171429 7361.8 4550.56 
18991 5976.95 3984.68 471.587 0.171429 7500.35 4492.12 
18783.6 5984.43 3952.96 488.777 0.0571429 7305.2 4338.97 
18765 6000.73 3966.46 487.683 0.0571429 7447.03 4370.1 
17260.7 5739.32 4039.62 485.138 0.0571429 7911.73 4788.31 
17209.6 5729.39 3942.03 467.18 0.0571429 7869.11 4832.16 
17287.7 5703.82 3938.83 448.049 0.228571 7964.64 4810.44 
19934.9 5731.16 4060.62 455.764 0.171429 8951.94 5247.01 
19975 5759.12 4045.21 460.128 0.171429 7901.17 5073.97 
20107.3 5698.51 3960.05 460.751 0.171429 7680.75 4898.04 
20095.8 5718.41 3986.25 462.169 0.171429 7685.41 4884.01 
18672 5114.58 4000.79 485.286 0.114286 7515.72 4969.68 
18642.6 4102.15 4046.41 465.285 0.114286 7972.91 4874.26 
18705.3 4070.26 4019.83 453.311 0.171429 8061.44 4833.78 
18851.2 4074.02 4007.14 446.574 0.171429 8059.98 4789.8 
20099 3798.07 4076.74 448.139 0.171429 8272.69 4888.48 
20147.5 3813.24 4065.88 450.414 0.171429 8226.81 4896.17 
20226.5 3807.93 4047.3 450.91 0.171429 8241.18 4959.93 
20279 3759.32 4089.44 447.724 0.171429 8225.87 5032.48 
20437.3 3725.46 4077.66 447.59 0.171429 8087.56 5011.07 
20384.2 3715.72 4040.51 457.895 0.228571 7945.96 4954.6 
20442.1 3694.94 4056.89 456.902 0.228571 7901.7 4876.21 
20460.7 3700.5 4000.67 459.533 0.228571 7884.06 4791.04 
20551.8 3672.09 4007.31 450.201 0.228571 7814.78 4632.73 
18723.1 3486.15 4127.1 451.924 0.228571 7933.89 4778.72 
18714.6 3463.48 4128.05 444.938 0.171429 7958.14 4801.09 
18705.7 3452.73 4150.83 452.846 0.114286 7931.19 4841.61 
18708 3447.74 4212.53 452.645 0.114286 8015.65 4945.87 
18806.9 3431.68 4205.58 445.894 0.171429 8049.01 5043.45 
17118.3 3323.87 4278.6 448.17 0.171429 8255.61 5149.91 
17335.8 3271.89 4307.1 460.053 0.171429 8310.54 5257.73 
17460.3 3273.51 4452.42 459.374 0.171429 8115.69 5428 
17694 3262.36 4440.02 451.848 0.171429 8100.21 5447.92 
17753.4 3233.99 4524.03 452.47 0.171429 8174.45 5445.75 
18182.5 3226.03 4532.4 452.849 0.171429 8110.38 5380.55 
18471.5 3242.09 4540.23 456.367 0.171429 8076.72 5397.11 
18501.8 3245.09 4566.05 460.869 0.171429 7993.28 5402.07 
18891.8 3219.4 4602.51 461.853 0.171429 8151.81 5276.32 
19020.5 3178.96 4610.18 460.843 0.171429 8177.87 5252.7 
19108.9 3191.88 4646.32 460.14 0.171429 8118.43 5335.43 
18944.9 3159.94 4683.46 460.503 0.171429 7978.03 5335.06 
18618.1 3163.45 4746.05 460.513 0.171429 7967.72 5314.88 
18546.2 3165.78 4768.65 457.842 0.171429 7951.28 5281.94 
19571.8 3196.74 4764.62 457.614 0.171429 7732.67 5426.42 
19529.5 3155.48 4800.6 456.955 0.228571 7670.35 5471.75 
19278.6 3140.76 4655.14 441.12 0.285714 7674.09 5377.24 
18663 3000.08 4892.04 451.596 0.228571 7876.94 5649.86 
18483.5 2996.26 4848.57 452.28 0.285714 7905.73 5602.45 
18463.1 3009.9 4860.33 450.782 0.285714 7921.23 5638.2 
18697.4 3011.5 4830.4 463.244 0.228571 7804.89 5528.91 
18541.5 3019.84 4800.58 458.856 0.228571 7774.48 5643.03 
18540.9 3014.25 4728.4 477.119 0.171429 7684.13 5304.8 
18355.1 3027.17 4840.97 465.556 0.171429 7717.47 5442.72 
18478 3016.88 4945.03 465.105 0.228571 7764.17 5502.07 
18421.1 3024.61 4917 458.883 0.228571 7784.44 5581.83 
18440.4 3037.31 4905.69 458.191 0.228571 7751.2 5647.27 
17557.4 2857.77 4801.86 458.686 0.228571 8301.51 5687.91 
17581.1 2834.72 4720.66 457.188 0.228571 8254.97 5695.74 
17676.2 2739.95 4756.11 461.085 0.228571 8365.96 5757.22 
17658.9 2692.9 4831.98 473.994 0.171429 8420.63 5873.24 
17679 2694.33 4876.45 467.962 0.171429 8496.47 5791.82 
16920.3 2666 4910.45 465.481 0.171429 8552.13 5755.44 
15414 2421.8 4887.99 460.616 0.228571 8861.88 5792.39 
15350.3 2388.55 4966.11 460.793 0.228571 9014.5 5820.53 
15406.6 2354.26 4867.91 466.431 0.171429 8904.74 5777.4 
15639.3 2324.3 4868.44 472.423 0.171429 8739.66 5637.47 
15667 2309.8 4884.33 476.256 0.171429 8770.48 5732.56 
16737.3 2264.54 4943.61 476.853 0.171429 8752.59 5818.12 
16711.3 2338.37 4969.53 458.317 0.228571 8773.06 5877.33 
16935 2351.06 5046.17 460.298 0.228571 9343.42 6223.65 
17266.4 2307.77 5080.9 458.2 0.228571 9041.61 6139.13 
17263.8 2683.69 5029.46 466.895 0.228571 8984.67 6116 
17168.8 2674.7 4986.73 462.077 0.228571 9023.46 6088.88 
17099.8 2708.45 4670.23 459.313 0.228571 9398.89 6051.27 
17075.8 2653.7 4682.27 451.788 0.228571 9361.68 6027.63 
17017.9 2584.28 4683.12 452.705 0.228571 9381.86 6243.61 
17024 2554.12 4627.01 449.633 0.228571 9394.28 6222.6 
16966.5 2549.92 4637.47 453.705 0.228571 9454.96 6218.07 
16976.8 2560.12 4577 453.362 0.228571 9469.88 6241.15 
14942 2460.74 4817.68 453.066 0.228571 9920.65 6330.53 
14875.5 1956.36 4851.1 450.097 0.228571 9964.78 6391.51 
14162.2 1961.42 4871.55 441.605 0.285714 10034.1 6339.02 
13886.8 1970.5 4880 446.302 0.228571 10169.5 6179.87 
13586.4 1894.06 4811.58 441.999 0.285714 10193.7 6148.26 
13546.5 1845.34 4818.91 439.087 0.285714 10296.1 6088.06 
13670.1 1819.25 4855.02 438.798 0.285714 10311.7 6074.98 
13123.9 1787.02 4858.97 458.745 0.228571 10365.2 5957.21 
13783.6 1774.68 4745.35 444.093 0.285714 10334.7 5809.9 
14025.9 1780.77 4780.62 447.634 0.228571 10411 5797.08 
14021.4 1677.66 4778.85 447.931 0.228571 10336.9 5736.56 
10962.2 1619.88 4830.6 433.531 0.285714 10707.7 5871.91 
11534.7 1632.96 4829.98 435.298 0.285714 10645.7 5830.84 
11725.3 1647.63 4862.44 439.178 0.285714 10688.5 5906.2 
10973.9 1623.02 5157.21 433.249 0.285714 10514.7 6144.01 
10960.7 1664.71 5153.89 436.568 0.285714 10525.1 6181.23 
11044.3 1670.47 5084.69 440.356 0.285714 10469.1 5991.75 
11006.9 1644.3 5076.46 459.638 0.228571 10441.3 5830.66 
11074.8 1646.44 5090.52 453.85 0.228571 10433.9 5850.17 
11200.9 1415.84 5102.98 450.13 0.228571 10512.2 5771.74 
11175.8 1413.82 5096.51 438.808 0.285714 10797 6098.98 
11271.2 1435.61 5154.17 441.648 0.285714 10667.6 5966.13 
11329 1413.76 5173.54 440.82 0.285714 10700.5 5956.44 
11265.8 1348.84 5116.53 429.99 0.342857 10673.7 5909.9 
11094.9 1356.76 5114.96 429.322 0.342857 10653.6 5893.89 
11058.1 1333.49 5113.25 429.479 0.342857 10550.2 5955.81 
10842 1332.9 5071.69 427.757 0.342857 10432.7 5954.83 
10797.5 1224.06 4967.2 414.192 0.4 10464.1 5844.67 
10792.9 1228.27 4890.85 419.477 0.4 10460.6 5800.37 
10229.4 937.313 5202.6 422.987 0.342857 10760.1 5976.54 
10127.3 947.468 5207.65 425.023 0.342857 10701.4 5997.02 
10106.8 958.195 5227.7 417.855 0.4 10617.5 5997.6 
9744.63 957.191 5320.17 440.912 0.342857 10665.7 6166 
9574.99 959.77 5396.82 431.26 0.342857 10721.9 6243.51 
9522.05 953.675 5449.06 427.393 0.342857 10766.6 6224.01 
9525.16 920.813 5391.79 421.684 0.342857 10930.5 6263.34 
9458.45 941.739 5425.41 425.144 0.4 10917 6371.35 
9433.01 929.202 5363.79 418.176 0.4 10980 6190.47 
9314.77 920.489 5280.12 419.181 0.4 11166.4 6175.73 
8950.38 928.19 5240.59 428.246 0.342857 11189.2 6159.77 
8701.82 921.472 5419.43 417.868 0.4 11183.4 6198.93 
8556.52 918.668 5350.88 419.915 0.4 10994.6 6055.59 
8447.87 901.656 5174.3 446.689 0.342857 10828.1 6042.38 
8454.75 894.31 5154.51 444.504 0.342857 10789.2 6027.6 
7920.78 890.694 5243.72 447.879 0.342857 10406.3 6050.46 
7942.69 889.716 5320.33 450.24 0.342857 10362 6007.27 
7981.01 875.151 5578.71 435.954 0.4 10504.1 6330.73 
9399.2 996.892 5431.19 453.332 0.342857 10364 5995.71 
9317.17 1014.1 5495.51 439.201 0.4 10514.4 6077.82 
9292.7 1015.43 5433.94 435.595 0.4 10550.4 6113.33 
9972.81 1036.28 5303.51 416.96 0.457143 10611.7 5971.88 
10519.4 1047.67 5289.08 418.592 0.457143 10710.5 5877.35 
9687.08 1023.8 5245.01 416.537 0.457143 10959.8 5928.45 
9396.33 1031.56 5284.14 411.232 0.457143 10981.3 5905.22 
9448.66 1026.4 5296.53 409.069 0.457143 10944.5 5935.27 
9501.78 1021.66 5277.83 418.959 0.4 10812.8 5993.44 
10497.2 1041.88 5268.15 426.522 0.4 10697.7 5975.64 
9734.67 1038.48 5363.4 418.933 0.4 10699.6 5944.39 
9965.65 1036.56 5493.27 416.197 0.4 10967.1 6386.59 
10670.6 1054.53 5460.64 423.151 0.4 10746.8 6017.62 
10565.8 1041.61 5533.24 409.124 0.457143 10574.8 6002.98 
10775.5 1071.39 5521.37 415.564 0.457143 10499 6069.8 
10332.7 1078.88 5454.68 418.768 0.4 10387.5 6111.41 
9778.11 1069.34 5361.03 419.453 0.4 10301.7 6120.56 
9714.07 1075.88 5284.05 409.689 0.4 10337 6079.61 
9668.89 1088.86 5298.72 409.73 0.457143 10384.3 6179.86 
9182.75 1100.48 5430.58 401.274 0.514286 10568.2 6433.26 
8968.26 1108.51 5695.31 404.94 0.514286 10543.3 6798.23 
8751.5 1106.32 5570.24 425.085 0.457143 10213.2 6361.81 
8795.78 1161.46 5603.2 412.53 0.457143 10275 6113.74 
8554.78 1202.49 5749 420.306 0.457143 10147.4 6158.92 
6761.03 1072.46 6013.74 419.154 0.457143 10596.1 6615.97 
6626.73 1063.01 5968.73 435.222 0.4 10653.2 6474.53 
6601.69 1114.92 5983.82 434.765 0.457143 10617.9 6672.97 
6359.68 1122.44 6042.91 429.441 0.457143 10535.5 6631.49 
6298.04 1126.79 6032.65 428.837 0.457143 10604.4 6681.24 
6297.1 1125.05 6021.99 411.832 0.514286 10747.6 6740.44 
6103.99 1126.09 6001.47 411.921 0.514286 10690 6683.07 
5939.97 1131.18 6090.73 402.774 0.514286 10963 6793.1 
5621.04 1130.09 5923.64 397.697 0.571429 10691.1 6440.8 
5263.82 1138.52 5852.88 402.599 0.514286 10703.5 6477.18 
5021.25 1134.91 5810.93 412.524 0.514286 10535.2 6366.49 
5009.67 1160.16 5840.45 408.693 0.514286 10486.9 6385.92 
4792.81 1145.35 5965.61 419.576 0.457143 10516.8 6628.15 
4796.25 1148.62 5988.51 431.182 0.4 10585.9 6602.84 
4749 1140.92 5990.6 436.264 0.4 10399.4 6441.17 
5170.65 1162.19 5865.14 431.683 0.457143 10242.9 6046.69 
5295.91 1154.09 6349.11 444.694 0.457143 11562.7 6695.45 
4893.69 1133.91 6401.35 443.165 0.457143 10425.6 6122.16 
4861.85 1144.52 6481.37 437.383 0.457143 10346.6 6153.22 
4936.89 1158.86 6503.36 434.593 0.457143 10254.8 6120.86 
6759.22 1237.53 6538.79 427.73 0.457143 9574.12 6048.75 
6420.8 1227.97 6621.71 423.135 0.457143 9540.36 6206.69 
6444.1 1232.1 6543.49 418.634 0.457143 9470.14 6101.77 
6473.49 1221.86 6490.82 412.016 0.514286 9416.87 5989.44 
6401.83 1228.09 6469.35 403.353 0.514286 9370.1 5943.32 
6460.17 1249.83 6510.3 414.832 0.4 9417.11 6036.64 
6417.66 1258.76 6519.95 417.256 0.457143 9417.64 6034.16 
6570.2 1248.34 6518.38 402.43 0.514286 9399.23 6102.04 
6647.39 1270.78 6457.79 398.065 0.457143 9321.34 6097.35 
7898.58 1642.56 6454.55 390.994 0.514286 9318.95 6083.22 
7942.88 1686.05 6537.75 394.953 0.514286 9458.3 6167.23 
8130.08 1667.82 6507.57 398.247 0.514286 9490.11 6091.49 
8197.53 1656.09 6556.52 398.384 0.571429 9541.59 6106.81 
8191.43 1667.53 6566.92 404.627 0.571429 9649.8 6090 
8264.91 1668.33 6600.8 394.57 0.571429 9408.55 6136.88 
8348.17 1630.84 6622.01 392.118 0.571429 9485.77 6203.89 
8452.03 1618.71 6624.22 390.513 0.571429 9544.95 6133.26 
8596.59 1600 6632.22 392.682 0.571429 9443.18 6029.2 
8656.39 1595.83 6325.22 394.814 0.571429 9626.36 5627.01 
8687.99 1585.44 6295.17 396.477 0.571429 9618.98 5564.42 
9054.23 1603.46 6337.59 397.536 0.571429 9549 5572.22 
9084.53 1575.4 6341.54 394.43 0.571429 9480 5550.47 
9065.42 1591.44 6455.58 396.24 0.571429 9615.53 5715.52 
9110.06 1576.17 6894.62 394.226 0.571429 9484.04 5917.94 
9332.15 1569.67 6933.6 395.778 0.571429 9502.23 5930.45 
9313.55 1566.92 6885.56 397.546 0.571429 9537.27 5945.04 
9339.55 1566.93 6861.39 403.612 0.571429 9710.13 6005.57 
9456.28 1573.72 6812.9 404.085 0.571429 9719.49 5943.49 
10008.9 1578.55 6800.59 401.707 0.571429 9717.77 5940.73 
10165 1551.01 6832.16 400.526 0.571429 9751.19 5975.33 
10161.5 1550.2 6849.13 399.781 0.571429 9701.37 5995.75 
10311.6 1546.51 6897.5 396.553 0.571429 9688.35 6048.63 
10586.3 1531.5 6905.52 396.65 0.571429 9728.71 5997.38 
10606.2 1522.22 6840.19 396.31 0.571429 9681.66 5930.45 
10471.1 1525.88 6868.93 390.982 0.628571 9706.1 5851.93 
10507.6 1526.25 6824.34 389.293 0.628571 9696.31 5825.56 
10346.8 1567.33 6885.09 391.295 0.628571 9736.79 5817.36 
10244.8 1535.42 6897.17 391.127 0.628571 9705.19 5823.03 
10142.8 1522.65 6901.58 392.439 0.628571 9777.77 5949.44 
9974.39 1538.62 6894.24 392.809 0.628571 9849.46 5892.93 
9779.89 1546.14 6927.51 396.24 0.571429 9841.75 5871.76 
9670.9 1524.18 6926.98 395.251 0.571429 9917.68 5913.18 
9594.88 1524.22 7005.47 396.283 0.571429 9956.89 5995.49 
9548.47 1522.38 7015.5 394.648 0.571429 9919.93 5989.2 
9576.39 1545.83 7005.06 397.507 0.571429 9833.23 6027.02 
9606.8 1531.13 6953.59 399.63 0.571429 9797.16 6040.39 
9598.86 1537.95 7082.72 397.9 0.571429 9648.03 6071.43 
9850.03 1539.12 7151.35 397.157 0.571429 9637.17 6119.93 
9850.65 1546.5 7161.52 399.386 0.571429 9595.92 6138.02 
9843.2 1517.1 7175.32 406.786 0.571429 9522.28 6180.23 
10945.7 1565.55 7239.91 403.699 0.571429 9340.61 6179.09 
10169.9 1557.8 7332.76 411.212 0.514286 9432.66 6227.41 
9782.09 1524.55 7376.01 404.909 0.571429 9418.32 6311.68 
9623.12 1525.78 7492.13 404.221 0.571429 9468.38 6277.18 
9550.38 1519.08 7550.74 407.564 0.571429 9564.77 6267.75 
9535.44 1493.68 7531.49 405.816 0.571429 9633.45 6260.68 
9495.24 1490.54 7453.96 408.809 0.571429 9797.51 6122.21 
9229.7 1338.66 7423.7 401.198 0.571429 9839.23 6144.25 
9243.77 1344.02 7424.56 398.451 0.571429 9901.65 6079.83 
9149 1341.87 7443.1 396.909 0.571429 9905.52 6044.47 
9124.82 1361.27 7453.86 394.629 0.571429 9965.96 6020.54 
8736.18 1285.1 7521.39 393.77 0.571429 9985.04 6096.04 
8687.9 1296.93 7497.68 390.685 0.571429 10014.1 6100.05 
8690.21 1312.98 7520.27 390.963 0.571429 9970.98 6101.21 
8650.94 1313.86 7592.11 392.356 0.571429 9934.65 6142.26 
8500.1 1303.92 7661.88 394.417 0.571429 9886.49 6135.88 
8493.37 1303.64 7674.87 393.485 0.571429 9831.91 6184.03 
8530.43 1304.95 7668.74 394.155 0.571429 9785.44 6198.04 
8564.11 1291.81 7645.73 394.699 0.571429 9816.26 6172.24 
8575.27 1292.52 7646.19 393.412 0.571429 9734.46 6107.19 
8394.95 1280.56 7633.15 392.294 0.571429 9766.5 6141.53 
8324.04 1277.57 7631.84 395.949 0.571429 9846.3 6099.2 
8392.22 1284.7 7685.04 399.256 0.571429 9918.46 6181.26 
8378.09 1265.65 7722.75 406.092 0.514286 9992.3 6237.88 
8402.57 1245.13 7778.71 406.513 0.514286 10102.4 6264.03 
8315.19 1246.27 7797.81 404.935 0.571429 10111.7 6285.01 
8348.94 1260.41 7747.72 403.814 0.571429 10119.9 6354.83 
8342.61 1303.3 7761.53 401.574 0.571429 10195 6532.66 
8254.64 1301.02 7753.34 404.723 0.571429 10131.5 6494.12 
8274.57 1342.16 7761.19 402.72 0.571429 10109.2 6532.76 
8215.92 1364.9 7789.31 404.357 0.571429 10107.3 6627.53 
8138.08 1403.98 7856.76 406.245 0.514286 10026.2 6564.85 
7929.86 1394.38 7860.47 406.453 0.514286 10073.6 6473.74 
7858.62 1413.05 7854.26 406.743 0.514286 10016.5 6434.14 
7785.66 1414.81 7873.95 403.254 0.514286 10018.7 6327.47 
7807.49 1429.68 7877.68 403.804 0.514286 10094.6 6296.63 
7204.72 1394.27 8041.41 402.867 0.514286 10167.3 6503.28 
7202.64 1378.99 8082.4 403.906 0.514286 10146.7 6537.06 
7299.52 1358.84 8044.32 404.38 0.514286 10274.4 6504.28 
7255.34 1364.23 8022.15 406.897 0.514286 10279.5 6529.84 
7190.5 1362.1 7886.89 422.856 0.457143 10055.6 6214.46 
7160.34 1346.79 7939.78 423.316 0.457143 10024.1 6304.74 
7116.83 1338.96 7877.74 425.096 0.457143 9994.39 6249.13 
7098.38 1332.61 7922.05 425.92 0.514286 10032.3 6308.03 
7114.17 1336.55 7899.95 426.067 0.514286 10084.1 6237.61 
7620.68 1322.83 8098.54 409.382 0.571429 9952.15 6438.3 
7598.6 1337.48 8038.62 412.5 0.514286 10004.9 6447.32 
7509.43 1319.67 8032.45 410.833 0.514286 10029.7 6499.6 
7482.06 1312.15 8049.75 409.566 0.514286 10069.6 6559.05 
7249.58 1266.66 7984.31 408.591 0.514286 10128.4 6539.93 
7206.54 1284.99 7957.48 409.414 0.514286 10074.9 6505.57 
7239.61 1292.33 7933.9 407.811 0.514286 10053.1 6512.55 
7180.26 1237.87 7992.55 407.837 0.571429 10053.2 6476.15 
7274.88 1237.77 7941.86 405.933 0.571429 10001.8 6447.49 
7109.79 1211.51 8103.27 405.505 0.571429 10161 6748.65 
7107.25 1231.66 7904.23 418.242 0.514286 10164.9 6487.67 
7091.99 1235.33 7889.21 419.073 0.514286 10149 6501.51 
8225.49 1405.13 7904.1 404.774 0.571429 10174.1 6545.66 
7931.93 1360.74 7907.97 402.58 0.571429 10265.9 6543.65 
7979.57 1334.42 7873.37 402.907 0.571429 10207.3 6464.52 
8022.59 1318.05 7867.46 405.115 0.571429 10188 6437.16 
7628.56 1205.52 7874.46 406.652 0.571429 10103.9 6482.39 
7292.53 1133.27 7952.17 409.792 0.514286 10147.3 6549.23 
7243.63 1119.05 7880.44 408.355 0.571429 10073.5 6463.74 
7289.63 1115.61 7791.06 409.483 0.514286 9852.82 6398.63 
6869.3 1088.61 7771.59 410.956 0.514286 9822.37 6388.27 
6606.52 1077.46 7734.56 426.084 0.457143 9763.06 6282.37 
6613.9 1061.18 7718.45 406.181 0.571429 9808.98 6294.58 
7260.98 1046.68 7703.5 407.235 0.514286 9942.53 6330.98 
7444.57 1041.05 7608.86 408.086 0.514286 9963 6285.39 
9104.32 1386.64 7330.82 419.955 0.514286 10102.3 6064.98 
9096.26 1376.74 7268.4 415.609 0.514286 10171.2 6039.95 
9173.76 1322.1 7231.22 421.853 0.514286 10201.9 6027.21 
9129.63 1296.47 7197.55 418.795 0.514286 10285.8 6009.73 
9215.11 1292.59 7200.98 418.59 0.514286 10359.8 5974.53 
9245.17 1328.16 7517.91 404.877 0.514286 10083.9 6008.06 
9257.76 1362.59 7523.03 401.248 0.514286 10049.5 5907.03 
9213.61 1349.82 7559.77 402.989 0.514286 10098.3 5840.26 
9234.48 1349.3 7557.2 419.732 0.514286 10028.6 5852.33 
9248 1349.17 7613.03 418.506 0.514286 10003.5 5897.34 
9215.77 1368.1 7748.84 422.012 0.514286 9967.13 5928.26 
9192.06 1380.79 7758.82 420.321 0.514286 9938.33 5887.56 
8827.05 1214.92 7801.16 418.971 0.514286 10006.6 5969.92 
8840.44 1220.75 7891.96 418.558 0.514286 9983.97 5851.32 
8848.85 1237.98 7908.73 419.092 0.514286 10026 5836.83 
8645.08 1229.59 8018.01 423.198 0.514286 9927.16 6173.2 
8433.57 1277.13 7948.36 421.646 0.457143 9959.6 6077.55 
8413.33 1274.59 7950.29 417.66 0.457143 9928.5 6043.46 
8586.2 1259.54 7837.32 415.39 0.457143 9934.75 5801.8 
8709.7 1245.21 7869.01 422.454 0.457143 10025.6 5883.76 
8718.48 1223.03 7889.8 420.097 0.457143 10086.7 5923.29 
8730.43 1216.9 7892.64 421.942 0.4 10117.8 5908 
8806.15 1228.43 7878.21 421.307 0.4 10158.5 5885.93 
7254.89 963.035 7889.57 422.92 0.4 10405.4 5929.36 
6966.02 909.615 7861.05 433.281 0.342857 10319 5900.5 
6867.14 915.073 7829.56 433.625 0.342857 10386.8 5846.37 
6843 909.171 7842.26 428.641 0.4 10353.3 5892.71 
6873.21 905.719 7813.45 428.52 0.4 10330.1 5885.28 
6883.46 909.558 7818.29 426.888 0.457143 10275.5 5889.5 
6590.54 909.04 7817.22 427.863 0.457143 10302.1 5863.16 
6483.27 915.689 7816.13 426.876 0.457143 10396.9 5852.37 
6352.17 929.266 7803.88 426.049 0.457143 10382.6 5834.39 
6277.29 922.492 7885.1 425.977 0.457143 10422.6 5910.31 
6201.95 930.376 7735.27 424.767 0.457143 10374.5 5854.68 
6204.36 940.001 7745.66 425.725 0.457143 10397.5 5801.67 
6907.03 991.44 7698.3 427.644 0.457143 10357.7 5682.97 
6935.95 1000.14 7706.26 426.673 0.457143 10303.3 5664.17 
6905.37 1025.7 7703.44 425.463 0.457143 10265.5 5640.45 
6913.34 1029.54 7656.93 427.716 0.457143 10240 5608.7 
6933.92 1052.36 7707.29 427.649 0.457143 10235.3 5622.38 
6892.88 1060.91 7696.84 428.914 0.457143 10104.1 5580.37 
6878.64 1061.46 7664.79 419.716 0.514286 10058.9 5535.39 
6783.91 1071.66 7659.55 420.767 0.514286 9968.83 5520.46 
6758.21 1067.54 7564.45 419.289 0.514286 9911.42 5476.94 
6708.46 1092.61 7551.97 418.394 0.514286 10108.2 5478.24 
7179.02 1092.8 7591.46 428.534 0.457143 10154.8 5546.28 
7177.31 1091.69 7550.65 427.967 0.457143 10245.2 5542.86 
7168.63 1098.31 7582.11 425.394 0.457143 10436.8 5521.9 
7128.81 1087.82 7571.74 425.405 0.457143 10449.2 5554.03 
8272.72 1282.76 7726.38 432.329 0.457143 10636.6 5452.85 
8269.28 1265.15 7737.16 434.183 0.457143 10339 5484.66 
8240.25 1258.28 7731.01 436.382 0.457143 10328.5 5452.03 
8241.2 1267.73 7678.16 438.98 0.457143 10226.1 5400.51 
8263.29 1222.16 7779.04 437.11 0.457143 10203.3 5418.74 
8250.22 1216.02 7768.84 436.812 0.457143 10171.6 5391.97 
8265.69 1194.03 8114.71 434.287 0.457143 10213.4 5436.65 
8242.42 1200.33 8105.73 433.715 0.457143 10073.6 5529.69 
8255.13 1206.75 8102.98 435.586 0.457143 9998.47 5521.39 
8257.83 1206.36 8236.24 436.024 0.457143 10319.5 5702.87 
8252.64 1217.98 8242.46 435.814 0.457143 10317.1 5711.12 
8320 1237.53 8136.17 437.082 0.457143 10455.6 5801.97 
8315.78 1231.22 8086.19 437.924 0.457143 10530.6 5866.06 
8318.55 1269.57 7986.37 435.621 0.457143 10277.2 5853.9 
8298.96 1262.78 7971.02 437.244 0.457143 10177.9 5908.42 
8312.93 1276.24 8084.23 437.283 0.457143 10114.7 5951.62 
8303.01 1276.49 8023.07 438.011 0.457143 10073.2 5840.78 
8341.78 1219.62 7898.21 437.776 0.457143 10083.3 5777.5 
8329.03 1227.12 7669.64 452.962 0.4 10033.9 5671.25 
8384.53 1181.91 7785.92 441.043 0.457143 10006.2 5796.46 
8420.52 1178.86 7836.4 441.829 0.457143 10052.1 5814.81 
8576.42 1135.49 7748.08 440.711 0.457143 10048.4 5814.57 
8525.46 1092.95 7738.47 439.396 0.4 9988.32 6016.83 
8523.62 1083.79 7695.67 440.902 0.4 9940.29 5852.31 
8534.65 1086.53 7661.46 442.857 0.4 9827.59 5890.99 
8238.51 1054.05 7720.44 443.129 0.4 9793.73 5909.14 
8181.43 1049.11 7718.39 442.151 0.4 9747.6 5916.39 
8052.6 1025.14 7720.13 440.905 0.4 9827.27 5924.75 
8039.26 1018.44 7685.32 450.508 0.342857 9721.27 5902.49 
7907.05 985.22 7807.94 458.669 0.342857 9420.83 5823.33 
7848.88 993.796 7853.65 460.969 0.342857 9402.23 5857.75 
7894.19 994.768 7916.1 446.9 0.4 9329.17 5835.7 
7800.77 1028.39 8061.78 456.35 0.342857 9899.61 6109.58 
7901.07 1110.93 8121.39 463.057 0.342857 9651.6 5914.89 
7729.03 1120.37 8042.68 463.75 0.342857 9692.3 5818.82 
7700.29 1120.51 8026 464.76 0.342857 9733.88 5834.71 
7721.54 1115.01 8016.66 463.508 0.342857 9784.35 5859.59 
7767.62 1103.89 7998.48 465.516 0.342857 9806.5 5862.88 
7691.62 1130.97 8033.63 481.197 0.285714 9764.58 5808.36 
7582.02 1125 7955.27 462.708 0.342857 9838.09 5834.44 
7579.5 1130.76 7983.76 461.709 0.342857 9831.72 5836.19 
7497.59 1088.09 8106.85 458.766 0.342857 9932.76 5855.09 
7464.47 1093.46 8304.09 456.598 0.4 10085.1 5813.05 
7250.04 1060.95 8317.24 460.178 0.342857 10091.5 5875.64 
7293.68 1077.15 8274.14 461.671 0.342857 10075 5845.83 
7202.77 1077.79 8076.2 457.761 0.4 10309.1 5848.06 
7193.54 1061.6 8136.55 459.807 0.4 10325.6 5877.85 
7181.9 1055.47 8035.98 458.965 0.4 10244.5 5826.21 
7167.92 1056.99 7989.56 454.865 0.4 10147 5751.45 
7164.08 1051.08 8116.18 462.338 0.342857 10217.7 5925.43 
7153.16 1047.91 8102.63 467.8 0.342857 10235.3 5759.99 
7150.48 1041.49 8120.6 459.862 0.342857 10405.3 5726.24 
7152.4 1037.11 8146.06 461.694 0.342857 10457 5709.1 
7154.65 1042.22 8421.6 459.99 0.4 11443.4 6189.43 
7170.1 1036.04 8278.26 473.041 0.342857 10897.3 5918.83 
9053.8 1291.4 8203.69 471.598 0.342857 10434.6 5877.24 
9066.61 1283.52 8211.59 474.714 0.342857 10494.4 5903.83 
9110.19 1271.11 8144.81 473.017 0.342857 10295.2 5936.15 
9107.33 1272.93 8053.67 473.399 0.285714 10392.4 5980.04 
9096.7 1290.65 7604.9 468.602 0.285714 9988.32 5953.04 
9109.41 1291.58 7603.09 467.64 0.285714 10042.4 5895.47 
9125.36 1291.69 7610.98 468.238 0.285714 10029.4 5956.75 
9123.12 1292.95 7615.11 468.786 0.285714 10049.4 5961.28 
9063.91 1303.46 7361.87 487.076 0.228571 9831.56 5678.97 
9081.33 1314.42 7273.79 488.494 0.228571 9879.55 5649.7 
9084.79 1305.19 7318.09 472.835 0.285714 9995.7 5643.66 
9669.43 1324.57 7530.04 473.339 0.285714 9974.26 5718.61 
9624.51 1286.41 7566.69 472.852 0.285714 10104.7 5724.37 
9445.84 1352.39 7596.55 472.961 0.285714 10124.9 5755 
9448.62 1340.65 7585.2 472.158 0.285714 10141.7 5781.14 
9725.06 1426.68 7290.53 465.626 0.285714 9884.78 5655.47 
9755.47 1440.75 7476.27 468.474 0.285714 9959.13 5668.24 
9768.28 1452.12 7522.19 469.248 0.285714 10124 5631.82 
9755.2 1466.64 7458.6 468.979 0.285714 10169 5694.97 
9757.47 1475.22 7478.47 469.065 0.285714 10188.8 5704.09 
9760.13 1470.68 7493.73 470.163 0.285714 10203.2 5631.42 
9731.77 1452.7 7441.1 469.132 0.285714 10189.5 5541.77 
9765.45 1451.72 7247.85 476.879 0.285714 9883.14 5475.64 
9754.95 1436.21 7252.11 481.133 0.285714 9735.65 5251.05 
9736.52 1429.91 7452.03 473.602 0.228571 9911.21 5213.64 
9728.6 1443.36 7440.87 475.156 0.228571 9973.53 5163.02 
9731.02 1428.04 7468.63 476.095 0.228571 10002.2 5148.06 
9724.48 1404.08 7919.89 476.337 0.228571 11208 5922.52 
9754.64 1403.87 8043.44 482.126 0.228571 10021.3 5327.1 
9768.05 1391.65 8032.75 484.62 0.228571 9915.33 5312.53 
9746.94 1387.09 8050.7 484.64 0.228571 9858.97 5298.58 
9749.84 1410.2 8020.74 485.1 0.228571 9749.31 5276.5 
9731.63 1424.19 8006.39 490.37 0.228571 9731.26 5240.18 
9736.9 1431.65 7988.77 488.544 0.228571 9752.66 5220.03 
9742.25 1379.8 8053.88 490.48 0.228571 9711.89 5275.16 
9740.08 1354.08 8014.16 489.34 0.228571 9739.43 5348.78 
9744.75 1310.33 7950.76 483.837 0.228571 9708.85 5373.8 
9756.64 1297.38 7905.63 483.927 0.228571 9737.88 5362.5 
9792.22 1294.95 7900.84 481.188 0.285714 9676.72 5381.82 
9769.86 1303.76 7909.9 481.124 0.285714 9663.65 5360.5 
9767.24 1309.58 7941.06 480.909 0.285714 9685.3 5322.14 
9748.81 1314.03 7991.98 481.153 0.285714 9702.22 5304.63 
9631.07 1322.15 7966.87 480.319 0.285714 9762.91 5316.01 
9627.63 1341.31 7992.78 479.122 0.285714 9724.66 5315.27 
9596.32 1352.81 8038.59 476.759 0.285714 9702.9 5241.09 
9629.88 1316.99 8052.83 475.713 0.285714 9771.62 5239.14 
9553.36 1304.39 8098.75 473.678 0.285714 9770.17 5246.87 
9520.51 1302.1 8062.99 472.068 0.285714 9819.21 5213.79 
9546.96 1251.26 8083.68 471.814 0.285714 9808.85 5180.56 
9573.82 1257.84 8097.82 472.989 0.285714 9815.21 5191.72 
9488.91 1250.7 8163.59 473.632 0.285714 9886.76 5239.25 
9416.89 1246.46 8071 476.376 0.285714 9996.37 5237.72 
9428.12 1247.99 8013.76 477.16 0.285714 9987.18 5190.36 
9389.18 1232.54 8044.34 476.713 0.285714 10039 5199.53 
9554.46 1236.5 8150.42 479.401 0.228571 9980.71 5301.1 
9573.65 1239.8 8109.36 481.072 0.228571 10001.4 5312.8 
9580.28 1241.41 8087.81 483.238 0.228571 9965.29 5347.61 
9632.76 1244.1 8126.3 483.744 0.228571 9924.27 5360.35 
9581.38 1249.33 8097.49 484.894 0.171429 9873.25 5378.36 
9601.89 1258.03 8096.56 485.042 0.228571 9811.67 5383.89 
9614.17 1240.4 8115.78 487.531 0.171429 9772.91 5433.61 
9626.76 1241.11 8158.72 489.635 0.171429 9751.31 5443.91 
9628.45 1230.29 8432.18 490.572 0.228571 9498.08 5820.85 
9640.3 1228.56 8461.81 488.629 0.228571 9472.07 5850.27 
9661.41 1229.27 8527.26 488.476 0.228571 9462.72 5806.1 
9662.37 1225.64 8619.48 487.136 0.228571 9484.55 5853.74 
9635.33 1229.01 8563.89 487.53 0.228571 9483.25 5860.7 
9644.45 1231.48 8676.52 485.917 0.228571 9507.1 5889.41 
9684.92 1229.79 8694.14 486.83 0.228571 9477.03 5901.01 
9682.91 1228.22 8743.74 484.285 0.228571 9505.09 5908.64 
9738.15 1239.4 8732.11 481.445 0.228571 9519.17 5892.98 
9728.72 1251.32 8909.05 478.245 0.228571 9480.62 5847.76 
9787.88 1251.41 8942.34 478.091 0.228571 9456.86 5866.11 
9803.54 1250.95 8701.97 477.723 0.228571 9238.4 6048.25 
9862.29 1253.4 8764.01 476.078 0.228571 9309.44 6077.15 
9875.05 1247.03 8778.82 478.473 0.228571 9312.58 6025.69 
9882.4 1239.92 8822.38 480.376 0.228571 9362.65 6002.2 
9949.82 1240.6 8858.02 478.401 0.285714 9325.63 6089.47 
9964.69 1246.24 8834.93 481.534 0.285714 9322.86 6060.66 
10039 1248.85 8842.1 488.839 0.285714 9314.75 6078.28 
10060.1 1261.96 8843.32 493.64 0.285714 9385.87 6088.69 
10036.6 1260.14 8868 494.192 0.285714 9418.55 6080.77 
10041.3 1267.59 8934.97 495.293 0.285714 9421.25 6133.64 
10076.5 1273.66 8970.71 499.475 0.285714 9471.54 6196.74 
10087.3 1273.25 8894.84 494.114 0.285714 9462.96 6102.91 
10115.4 1274.09 8808.8 479.598 0.285714 9406.13 6101.08 
10146.7 1272.91 8811.01 480.159 0.285714 9440.95 6146.15 
10186.6 1289.65 8854.14 484.116 0.285714 9464.28 6160.1 
10234.8 1288.82 8861.91 482.886 0.285714 9455.89 6169.44 
10263.9 1294.49 8770.61 492.006 0.285714 9394.13 6168.44 
10274.8 1296.76 8800.46 478.349 0.285714 9323.79 6226.73 
10210.3 1300.08 8790.62 475.651 0.285714 9324.98 6283.29 
10252.1 1318.62 8687.72 482.811 0.228571 9157.29 6026.17 
10177.4 1299.26 8498.89 500.404 0.228571 9126.04 5927.32 
10208.1 1309.62 8430.1 504.031 0.228571 9104.11 5882.8 
10157.2 1336.82 8582.1 496.521 0.285714 9225.55 6045.76 
10177.9 1369.34 8699.91 499.571 0.228571 9257.4 6080.25 
10176.4 1379.1 8419.37 483.522 0.285714 9145.04 5947.77 
10212.9 1395.49 8270.11 467.515 0.342857 9049.08 5803.84 
10242.1 1401.57 8247.89 467.898 0.342857 9048.36 5807.14 
10299.5 1385.61 8435.22 465.428 0.285714 9003.72 5906.43 
10145.5 1399.6 8732.66 467.855 0.285714 9183.32 6146.33 
10047.2 1433.16 8524.88 487.87 0.228571 9085.86 5994.79 
10065.8 1418.19 8358.67 489.797 0.228571 9019.94 5813.21 
10113 1419.54 8308.33 494.562 0.228571 9000.14 5803.19 
10146.9 1387.77 8286.88 503.21 0.228571 8991.86 5755 
10345.1 1395.92 8201.86 504.699 0.228571 8760.5 5579.36 
10347.3 1380.74 8373.84 496.714 0.228571 8752.67 5704.77 
10375.3 1392.99 8168.07 477.203 0.285714 8779.19 5539.43 
10122.9 1399.35 8218.96 487.926 0.285714 9141.64 6266.55 
10083.4 1402.83 8163.1 475.105 0.285714 9092.76 6244.71 
10046.8 1400.46 8133.14 475.052 0.285714 9050.39 6232.51 
10035.7 1396.88 8547.21 480.837 0.228571 9003.62 6174.02 
10009.1 1387.18 8539.97 481.284 0.228571 9013.79 6178.67 
10108 1405.17 8644.98 480.176 0.228571 9033.73 6194.29 
9986.39 1416.13 8687.49 471.684 0.228571 9103.64 6358.83 
9995.04 1407.19 8842.72 472.037 0.228571 9234.5 6714.78 
10026.5 1413.73 8575.53 482.027 0.228571 8892.82 6356.16 
10087.4 1397.7 8578.79 479.608 0.228571 8920.63 6314.16 
10126 1398.72 8560.57 479.618 0.228571 8855.82 6319.5 
10154.7 1405.23 8511.41 463.175 0.285714 9103.08 6241.39 
10179.8 1403.73 8507.48 465.077 0.285714 9090.2 6162.52 
10168.6 1395.15 8308.07 482.399 0.228571 8784.63 6141.92 
10230.4 1390.53 8224.67 472.911 0.228571 8675.75 5889.21 
10265.6 1397.92 8210.06 473.913 0.228571 8804.1 5929.61 
10286 1391.14 8240.99 462.677 0.285714 8839.42 5939.74 
8864.27 1143.38 8681.77 473.031 0.228571 10303.7 6501.36 
8877.7 1143.86 8666.66 469.773 0.228571 10277.1 6500.72 
8912.15 1145.09 8658.48 471.077 0.228571 10510.6 6726.39 
8919.95 1137.17 8598.95 469.307 0.228571 10537.1 6709.74 
8917.27 1133.7 8644.37 472.084 0.228571 10097.2 6684.81 
8928.47 1134.05 8613.5 471.712 0.228571 9936.59 6727.58 
8949.25 1141.42 8583.14 473.214 0.228571 9964.15 6715.48 
8977.76 1160.22 8519.85 487.679 0.171429 9585.5 6515.13 
8888.28 1155.86 8559.4 481.218 0.171429 9781.63 6532.9 
8901.97 1168.46 8538.86 472.872 0.228571 9932.46 6539.07 
8952.12 1172.76 8559.5 480.404 0.228571 10098.6 6726.4 
8983.47 1175.85 8547.59 497.311 0.171429 10156.6 6746 
9071.26 1185.45 8568.27 494.284 0.114286 10098.9 6722.59 
9116.4 1199.37 8717.7 503.547 0.114286 10477.8 6775.27 
9031.92 1229.43 9054.73 508.819 0.114286 10598.7 6763.08 
9094.17 1231.25 9051.82 511.95 0.0571429 10469.9 6689.66 
9053.54 1239.81 8986.71 510.189 0.0571429 10435.2 6620.07 
9010.24 1226.69 8890.98 509.28 0.0571429 10411.4 6584.25 
9067.66 1211.4 8845.87 508.213 0.0571429 10394.6 6525.35 
9083.81 1205.61 8813.9 508.754 0.0571429 10401.9 6550.2 
9117.15 1213.65 8800.19 509.891 0.0571429 10451.7 6573.33 
9120.58 1209.01 8226.77 511.218 0.0571429 10658.9 6254.45 
9188.26 1188.78 8114.4 508.838 0.0571429 10610.7 6309.98 
9206.71 1190.68 8102.99 508.321 0.0571429 10513.8 6304.66 
9230.1 1186.3 8078.73 509.331 0.0571429 10474.9 6320.22 
9249.5 1189.63 7994.16 510.075 0.0571429 10493.5 6344.11 
9268.31 1182.46 7921.56 509.539 0.0571429 10561.8 6266.54 
8189.83 1502.3 7878.69 506.896 0.0571429 10655.6 6374.26 
8204.33 1493.89 7834.58 505.547 0.0571429 10685.8 6394.56 
8173.91 1494.64 7871.39 502.92 0.0571429 10703 6426.38 
8228.18 1467.82 7905.52 502.207 0.0571429 10718.6 6467.83 
8192.97 1475.84 7967.64 503.186 0.0571429 10776.6 6488.63 
8228.65 1459.56 7876.16 502.075 0.0571429 10902.1 6528.05 
8177.09 1453.63 7844.04 501.682 0.0571429 10857.8 6515.55 
8153 1456.68 7826.6 503.009 0.0571429 10859.8 6545.13 
8165.11 1456.48 7802.12 497.984 0.0571429 10872.3 6592.98 
8169.69 1446.5 7781.61 498.034 0.0571429 10902.8 6607.5 
9758.08 1784.25 7530.8 495.768 0.114286 10771.3 6461.31 
9788.72 1775.15 7560.99 493.434 0.114286 10760.2 6432.41 
9796.59 1748.08 7582.62 491.933 0.171429 10803.3 6442.46 
9793.64 1773.33 7602.13 492.892 0.114286 10805.6 6458.95 
9780.63 1772.47 7613.02 494.279 0.114286 10850.4 6453.84 
9767.61 1758.57 7615.67 496.038 0.114286 10866.7 6493.87 
9741.51 1736.78 7593.78 495.793 0.114286 10880.5 6452.79 
9727.52 1724.17 7677.57 502.267 0.114286 10852.9 6441.13 
9727.34 1734.44 7666.99 503.348 0.114286 10789.9 6442.74 
9716.87 1735.22 7699.77 501.041 0.114286 10835.6 6341.54 
9684.15 1727.99 7724.83 500.144 0.0571429 10854.3 6256.97 
9684.49 1727.99 7729.77 494.819 0.114286 10823.7 6261.74 
9688.03 1693.37 7748.56 493.996 0.114286 10860.5 6239.39 
11425.9 2043.36 7607.66 492.403 0.114286 10154.5 5925.84 
11432.3 2039.68 7252.81 496.726 0.0571429 10441.8 5629.07 
10331.5 2110.89 7204.01 494.946 0.114286 10506.5 5635.77 
10286.5 2111.49 7212.3 494.155 0.114286 10516.4 5566.13 
10249.7 2113 7172.51 496.361 0.0571429 10442.4 5577.32 
10252.3 2108.98 7202.05 493.666 0.0571429 10382.6 5562.65 
10264 2087.43 7132.75 494.957 0.0571429 10556.6 5474.2 
10234.2 2097.11 7086.69 492.653 0.0571429 10486.4 5470.41 
10236.8 2074.48 7068.07 494.315 0.0571429 10501.1 5518.47 
10250.4 2055.83 7038.53 496.823 0.0571429 10500.2 5560.39 
10263.8 2016.89 6870.9 498.623 0.0571429 10463.9 5572.84 
10214.4 2006.22 6776.05 491.391 0.114286 10313.8 5582.84 
10229.4 1995.47 6793.86 490.803 0.114286 10212.8 5539.28 
10208.9 2015.43 6869.9 492.073 0.114286 10063.9 5642.81 
10208.2 1984.93 6851.33 495.652 0.114286 10104.8 5690.89 
10233.9 1966.32 6962.35 493.68 0.114286 10162.3 5639.95 
10244.7 1971.51 7002.55 492.283 0.114286 10204.4 5584.59 
11704.7 2162.5 6847.01 490.665 0.114286 10069.8 5581.24 
11693.9 2147.33 6829.96 493.486 0.114286 10169.9 5562.18 
14695.2 2489.97 6358.67 492.797 0.0571429 9163.56 5166.56 
16322 2517.31 6134 500.723 0 8701.36 4892.46 
17836.2 2759.18 6142.91 494.886 0.0571429 8315.99 4844.9 
19588.6 3010.66 6034.6 499.977 0.0571429 8018.59 4700.29 
19555.3 3023.94 6224.9 504.019 0.0571429 8004.48 4774.21 
19578.7 3026.71 5878.43 510.394 0.0571429 7927.14 4653.18 
19651.2 3039.44 5900.48 505.971 0.0571429 8012.14 4683.37 
19614.6 3079.58 5944.95 518.168 0.0571429 8110.69 4670.12 
25107 3958 5071.14 516.481 0.0571429 7274.31 3766.03 
26276.2 4182.25 5085.57 518.534 0.0571429 7167.17 3755.32 
29143.6 4829.72 4751.58 523.637 0.0571429 6470.21 3651.48 
29019.2 4889.24 4727.19 513.303 0.0571429 6312.79 3522.85 
29035 4937.28 4767.19 511.083 0.0571429 6354.78 3515.82 
30679.6 5176.87 4367.67 503.396 0.0571429 5943.79 3413.47 
35153.8 6075.14 3246 509.581 0 4995.63 3007 
38532.5 6568.23 2973.15 513.445 0 3911.1 2173.23 
38447.9 6672.64 2932.39 500.296 0 3802.21 2159.37 
42078 7341.14 2098.26 488.203 0.0571429 3261.75 1703.98 
47323.7 7978.79 946.048 483.937 0.0571429 2593.06 916.191 
49141.8 8356.9 914.636 483.419 0.0571429 2144.87 824.533 
