1034
54961.7 8026.73 309.199 501.362 0 414.157 389.063 
54996.5 8124.17 309.908 501.951 0 417.536 389.808 
54723.7 8154.13 312.058 503.731 0 425.325 405.22 
54712.3 8288.61 320.75 504.56 0 448.108 408.153 
54467.9 8391.93 322.792 503.137 0 438.218 409.702 
54638.2 8490.42 319.758 503.841 0 448.727 408.422 
54549.7 8575.32 311.381 503.209 0 458.311 401.472 
54432.7 8663.92 318.299 504.01 0 439.835 407.86 
54368.2 8911.21 318.822 504.942 0 446.163 427.83 
54225 9076.63 325.321 505.449 0 433.311 456.393 
54135 9177.22 318.824 505.913 0 430.981 454.965 
54563.9 9303.88 326.926 505.571 0 435.31 448.985 
53844.9 9505.79 331.72 505.755 0 428.059 462.289 
53585.2 9640.36 329.015 506.197 0 421.665 463.083 
53462.6 9719.07 333.282 507.582 0 431.455 472.791 
53206.3 9881.49 328.997 508.257 0 430.339 459.22 
53315.1 10044.4 326.742 508.731 0 450.238 450.259 
53387.7 10126.3 332.523 510.064 0 460.691 450.394 
53022.2 10244.2 344.649 509.997 0 464.935 498.7 
52807.4 10467.7 350.079 510.113 0 472.394 523.983 
52563.1 10509.6 358.133 510.686 0 505.513 517.985 
52685 10581.5 362.378 511.364 0 532.915 546.295 
52778.1 10652.5 360.257 511.444 0 522.493 540.208 
52555.9 10926 366.389 518.648 0 525.058 554.771 
52460.5 10940.9 377.245 517.281 0 571.772 602.609 
52097.7 11251 395.469 518.911 0 561.193 632.494 
52145.6 11301.2 394.766 519.052 0 588.066 659.576 
52659.7 11384.7 389.019 520.084 0 590.745 648.333 
52631.4 11497.2 390.781 519.133 0 592.336 658.448 
53059.2 11553.3 392.523 518.768 0 616.106 654.365 
52967.3 11834.1 394.425 520.051 0 614.124 674.173 
53622.9 11785.4 403.504 519.356 0 622.083 676.743 
53941.7 12620.7 356.037 521.063 0 479.369 510.255 
53132.9 12678 365.361 518.277 0 499.546 557.846 
53011.6 12680.3 371.362 517.472 0 479.939 535.401 
52633.9 12887.5 385.053 520.857 0 486.645 569.75 
52828.8 13128.1 387.665 519.48 0 487.52 550.434 
50733.2 13143 391.892 518.96 0 494.799 581.882 
50587 13232.9 390.502 519.777 0 504.175 564.561 
50540.9 12613 380.972 520.006 0 525.303 551.467 
51474.3 12203.5 360.635 519.108 0 476.846 543.173 
50281.1 11108.7 304.97 526.129 0 338.962 405.745 
50120.4 10844.6 301.876 523.503 0 347.972 418.804 
46874.5 10421.9 301.033 522.498 0 335.187 421.067 
47382.3 9956.88 346.622 523.011 0 376.999 514.346 
47417 9720.7 356.516 529.162 0 391.791 551.022 
44209.8 8224.03 676.651 529.249 0 697.439 552.006 
46956.2 7667.2 715.818 530.512 0 773.581 529.18 
46706.8 7661.08 738.709 530.352 0 876.472 517.46 
45826.7 7393.07 1020.58 529.476 0 1060.27 828.135 
44197.2 7289.1 1274.07 530.162 0 1193.21 887.674 
42691.3 6743.92 1649.55 529.801 0 1409.43 947.966 
42731.8 5887.38 1789.12 528.928 0 1502.24 824.368 
41915.8 5930.31 1815.53 527.705 0 1516.82 907.92 
39377.3 5863.25 2087.48 526.634 0 1790.21 1042.72 
36348.6 5947.55 2511.06 526.651 0 2088.67 1239.18 
34571.5 6029.24 2745.76 527.914 0 2201.03 1280.68 
33031.1 6020.09 2924.03 530.02 0 2396.25 1369.78 
31519.9 6114.35 3171.77 529.664 0 2576.59 1462.66 
29941 6197.66 3633.93 528.958 0 2747.56 1763.85 
29519.1 6192.35 3702.33 528.93 0 2811.44 1773.97 
28095.1 6389.93 3966.52 530.785 0 3053.03 1822.7 
26584.3 6486.53 4172.45 533.225 0 3276.85 2011.04 
25025.5 6686.85 4620.42 530.117 0 3391.81 2114.28 
23794.2 6913.24 4800.38 526.663 0 3441.39 2092.24 
22890.3 7074.08 4926.33 528.62 0 3523.42 2138.55 
22109.3 7287.72 5034.78 527.84 0 3581.2 2178.26 
21468.9 7553.11 5215.21 525.358 0 3718.14 2238.58 
20804.3 7678.99 5455.7 528.016 0 3753.81 2251.73 
20587.7 7909.35 5599.92 529.787 0 3846.53 2278.81 
20526.5 7955.02 5744.91 530.065 0 3978.34 2330.84 
20150.7 7971.73 5921.85 530.37 0 4059.13 2412.81 
20354.9 8043.71 5971.51 531.574 0 4050.62 2425.64 
20562.9 8057.37 6080.89 532.382 0 4254.08 2440.5 
20763.9 7933.95 6207.33 533.644 0 4320.6 2457.45 
21054.8 7891.73 6307.12 529.443 0 4444.08 2439.63 
21192.9 7952.76 6427.35 527.267 0 4487.56 2453.45 
21354.7 7764 6480.98 528.083 0 4502.43 2497.12 
21551.6 7724.57 6439.54 531.047 0 4495.42 2477.87 
21607.6 7646.46 6545.01 529.947 0 4614.62 2523.5 
21755.8 7539.27 6609.43 531.115 0 4616.49 2582.02 
21852.7 7568.75 6656.02 533.956 0 4618.67 2556.22 
21745.6 6287.91 6616.52 532.688 0 4658.87 2479.33 
21563.9 6222.15 6701.68 534.947 0 4658.71 2450.26 
20668.4 6040.21 6717.78 525.65 0 4609.66 2488.3 
19347.5 5824.57 6860.68 524.82 0 4649.38 2524.7 
17552.5 3839.14 6744.65 522.801 0 4427.03 2321.06 
15095.2 3622.34 6981.34 535.621 0 4589.85 2479.39 
14254.8 3370.71 7117.55 542.967 0 4655.81 2595.82 
13808.2 3227.32 7361.42 537.832 0 4959.5 2692.4 
13234 3108.6 7437.74 525.14 0 5235.92 2772.89 
12920.4 3091.09 7453.32 536.107 0 5341.37 2778.36 
12342 2756.12 7638.79 544.717 0 5716.72 2866.78 
11555.5 2620.91 8158.71 534.05 0 6176.23 3049.19 
10995.7 2542.61 8268.65 536.823 0 6432.03 3193.16 
10490.7 2345.28 8671.97 532.954 0 6549 3252.82 
10359.3 2254.21 8900.44 536.516 0 6750.5 3325.73 
10403.2 2277.39 8871.3 530.194 0 6720.69 3356.04 
8573.64 2163.1 9412.12 513.928 0 7033.84 3595.82 
8357.44 2195.99 9639.07 519.175 0 7143.14 3742.78 
7705.31 2218.55 9888.56 525.334 0 7354.98 3835.71 
7623.12 2220.01 9885.16 554.314 0 7508.8 3889.19 
7490.39 2223.71 10019.5 511.814 0 7615.92 3922.29 
7116.3 2218.87 10167.2 511.74 0 7594.35 4022.69 
6802.12 2226.91 10396 553.252 0 7870.31 4090.72 
6638.75 2232.66 10580.5 512.873 0 8034.52 4184 
6544.12 2301.45 10463.4 511.324 0 8169.38 4169.62 
6517.58 2302.52 10464.5 523.227 0 8212.55 4190.1 
6312.12 2317.04 10497.4 534.523 0 8232.15 4134.98 
6321.74 2320.53 10376.9 532.236 0 8346.59 4191.22 
6239.78 2287.26 10744 539.478 0 8232.6 5482.58 
6203.15 2309.46 10636.9 541.31 0 8327.49 5305.34 
6082.47 2369 10630.4 537.713 0 8295.1 5410.78 
6080.42 2376.08 10641.6 542.123 0 8320.31 5511.83 
6060.8 2345.06 10671.2 548.013 0 8379.58 5551.35 
6085.24 2315.59 10653.3 558.032 0 8336.27 5527.66 
6008 2313.05 10558.7 554.734 0 8325.58 5626.63 
6020.68 2317.67 10633.3 592.44 0 8317 5649.65 
6063.96 2348.74 10365.1 545.279 0 8414.96 5529.06 
6063.23 2345.07 10143.7 542.234 0 8534.66 5427.38 
6067.13 2351.98 10074.2 544.204 0 8606.88 5417.16 
6067.64 2358.54 10057 548.888 0 8656.57 5436.88 
6082.24 2358.29 9927.52 552.645 0 8635.64 5418.29 
6068.45 2362.13 9796.85 560.37 0 8586.77 5538.35 
6094.91 2353.93 9563.58 567.88 0 8526 5547.56 
6076.43 2362.03 9579.06 571.993 0 8542.74 5483.04 
6068.05 2369.1 9249.87 569.222 0 8418.51 5415.66 
6077.15 2367.88 9003.48 572.214 0 8353.84 5386.96 
6086.63 2364.98 9070.49 571.151 0 8340.23 5445.86 
6087.51 2365.37 8921.73 574.122 0 8238.89 5529.69 
6015.79 2449.38 9055.13 575.877 0 8280.76 5477.99 
6028.73 2462.75 9092.24 559.194 0 8206.25 5526.25 
6021.02 2454.35 9078.33 544.553 0 8228.53 5742.79 
6009.36 2407.43 8152.14 532.856 0 9031.42 5384 
6010.28 2398.89 8101.46 532.386 0 9019.96 5310.52 
6017.81 2396.47 7966.37 538.685 0 9069.63 5371.7 
5906.34 2390.65 7964.39 544.164 0 9040.71 5486.38 
5919.3 2389.83 8021.26 551.924 0 9073.97 5644.29 
5912.38 2392.75 8119.14 557.475 0 9074.81 5823.47 
5908.97 2395.25 8130.63 557.604 0 9199 5738.87 
5928.55 2389.96 8244.83 545.05 0 9141.62 5983.59 
5891.3 2407.28 8221.79 540.688 0 9284.36 6037.11 
5879.87 2413.88 8165.48 536.447 0 9278.45 5722.5 
5901.32 2415.95 8221.46 545.358 0 9188.35 5697.39 
5896.74 2422.36 8272.21 537.933 0 9217.7 5630.17 
5939.96 2374.32 8215.79 536.978 0 9085.76 7388.56 
5995.54 2368.15 8159.64 526.802 0 8980.86 7580.18 
6072.32 2404.28 8765.59 523.942 0 8461.68 8065.9 
6054.97 2413.28 8869.59 538.273 0 8264.06 8519.34 
6089.88 2413.91 8861.75 535.057 0 8086.8 8735.97 
5944.9 2412.98 8637.08 520.412 0 7891.26 8469.75 
5972.4 2405.38 8590.4 532.186 0 8129.35 8536.47 
5950.74 2402.38 8607.25 546.104 0 8170.65 8410.77 
6055.33 2365.3 7991.44 542.919 0 8810.43 7706.95 
6050.96 2373.32 7793.92 545.273 0 8957.06 7360.43 
6056.68 2374.32 7548.64 550.148 0 8915.02 7160.03 
6030.88 2376.47 7505.92 551.737 0 8898.25 7067.69 
6001.74 2370.49 7645.79 554.39 0 8856.75 6963.26 
6000.02 2376.07 7679.8 553.122 0 8724.12 7010.56 
6005.63 2381.66 8031.95 554.295 0 8370.51 7260.7 
6006.13 2374.17 8199.84 553.815 0 8109.5 7477.16 
6029.38 2382.43 8680.3 548.421 0 8292.14 7655.7 
6030.66 2395.19 9125.64 551.171 0 8493.04 7835.63 
6045.48 2422.47 9361.88 553.153 0 8640.36 7907.45 
6071.21 2559.88 9642.75 549.097 0 8848.58 8071.33 
6141.74 2613.56 10126.3 513.232 0 9028.25 8208.94 
6141.79 2661.3 10329.9 513.701 0 9209.62 7975.28 
6131.97 2656.42 10522.6 507.017 0 9137.11 7888.79 
6117.44 2569.42 10894 506.491 0 9322.58 8169.02 
6122.1 2498.19 11164.9 508.102 0 9518.87 8352.71 
6104.75 2467.27 11084.4 500.917 0 9603.62 8191.66 
6166.73 2429.74 11093.1 494.397 0 9556.8 8247.78 
6145.26 2386.07 11816.3 508.555 0 9771.32 8925.77 
6135.54 2369.44 12084.8 562.612 0 9732.26 9067.08 
6121.09 2340.9 12162.1 569.404 0 9739.94 9185.89 
6072.19 2320.5 12639.2 512.882 0 10209.8 9776.79 
6074.87 2322.08 12834.5 495.529 0 10169.2 10245.8 
5938.94 2467.41 11917.1 495.239 0 10637.3 9643.11 
5944.71 2467.97 11447.4 496.958 0 10558 9425.2 
5942.79 2469.33 11263.8 509.561 0 10464.2 9468.31 
5937.75 2464.86 11318.3 542.136 0 10428.5 9499.79 
5940.8 2470.16 11430.8 549.426 0 10282.1 9426.03 
5938.09 2460.66 11385.1 549.881 0 10143.1 9375.09 
5821.35 2514.91 10254 545.894 0 10246.1 8366.38 
5833.23 2512.44 9823.37 554.355 0 10313.9 7863.28 
5831.94 2515.79 9651.04 561.327 0 10351.4 7812.01 
5839.52 2514.69 9405.03 554.03 0 10374.6 7822.38 
5839.14 2518.97 9361 546.408 0 10653.9 7922.75 
5790.37 2512.78 9401.2 539.04 0 10993.5 8055.51 
5808.41 2533.11 9064.27 539.673 0 11334.8 7912.05 
5888.69 2591.09 8552.12 543.7 0 11657.6 7451.33 
5883.82 2611.01 8553.44 540.215 0 11697.2 7318.86 
5861.02 2607.85 8479.86 553.773 0 11824.2 7270.01 
5855.21 2577.59 8312.48 546.242 0 11841.8 7135.54 
5858.83 2647.66 8394.25 541.773 0 11841.3 7140.33 
5860.74 2682 8420.77 546.324 0 11869.9 7145.8 
5848.56 2664.29 8079.37 540.203 0 12047.4 6869.75 
5836.68 2642.16 8185.04 536.965 0 12094 6730.27 
5834.8 2653.28 8147.43 553.037 0 11943.7 6520.09 
5879.17 2569.58 7710.43 557.68 0 11979.1 5974.08 
5447.01 2696.51 7713.67 553.505 0 11847.5 6093.42 
5449.89 2690.21 7640.74 542.36 0 11894.3 5968.59 
5447.12 2684.76 7707.3 534.305 0 11995.7 5997.78 
5438.4 2675.71 8022.97 535.919 0 12349.8 6232.55 
5490.14 2716.61 7900.05 535.587 0 10671 6913.95 
5513.25 2690.78 8123.77 554.599 0 10541.9 7182.7 
5238.87 2727.74 8196.82 541.222 0 10562.4 6979.95 
5206.65 2722.28 8485.45 526.345 0 10673.5 7512.37 
5201.81 2721.57 8414.93 523.161 0 10727.8 7344.51 
5182.52 2721.55 8415.24 521.358 0 10820.8 7059.9 
5184.35 2722.6 8274.43 527.779 0 10706.6 6995.85 
5192.06 2725.85 6775.82 523.742 0 11318.6 6520.3 
5010.69 2750.73 6408.14 514.819 0 11327 6391.69 
4997.16 2755.12 6625.94 519.514 0 11052.1 6468.82 
5006.24 2764.17 6722.39 505.37 0 10901.1 6571.5 
5011.01 2776.54 6803.07 550.638 0 10785.7 6648.21 
5013.68 2767.62 6780.46 535.309 0 10105.9 7044.97 
5019.47 2803.05 6827.84 527.955 0 9697.51 6641.04 
5199.51 2829.1 6802.48 529.871 0 9383.71 6642.92 
5229.23 2880.66 6722.96 519.416 0 9163.79 6751.46 
5218.86 2903.97 6727.49 514.024 0 9025.87 6682.75 
5226.27 2906.06 6858.34 515.143 0 8983.01 6460.67 
5217.74 2930.19 6709.38 539.988 0 9196.49 6168.56 
5226.35 2863.2 6657.65 538.795 0 9563.39 6139.27 
5150.35 2746.83 9216.81 541.804 0 10401.2 7046.67 
5187.09 2762.94 9371.5 542.899 0 10439.4 7246.26 
5234.13 2868.22 10663.7 547.306 0 9710.77 8968.17 
5223.17 2860.14 10361 545.291 0 9325.5 8810.5 
5245.02 2856.55 10298.1 547.357 0 9098.83 8513.47 
5257.01 2846.81 10381.3 549.93 0 8887 8811.33 
5264.74 2858.91 10324.8 549.075 0 8896.45 9058.49 
5245.43 2880.89 10751.8 553.799 0 8981.16 9206.59 
5249.71 2895.4 9672.41 554.818 0 9210.92 9218.92 
5255.42 2898.48 9659.38 553.647 0 9170.28 9104.73 
5228.5 2903.9 9465.64 553.757 0 9157.99 8858.67 
5167.11 2836.39 9082.82 545.63 0 8953.36 8438.74 
5176.36 2816.7 8827.88 542.092 0 8668.67 7945.19 
5140.23 2813.53 8763.37 541.791 0 8505.36 8107.41 
5134.78 2818.15 8742.5 541.473 0 8385.67 8035.16 
5137.45 2818.79 8777.72 541.605 0 8332.49 8029.15 
5165.23 2874.58 8608.64 543.547 0 8082.24 7755.32 
5402.7 2885.11 8633.48 540.85 0 8136.09 7757.93 
5377.87 2951.98 8547.7 547.257 0 8307.77 7836.27 
5418.4 2959.67 8399.14 546.141 0 8315.03 7488.53 
5413.42 2972.31 8247.32 544.218 0 8393.58 7419.78 
5425.55 2897.85 8505.01 541.041 0 8568.47 7405.29 
5403.13 2871.54 8490.93 540.937 0 8419.7 7341.09 
5309.7 2705.41 8527.89 540.01 0 8674.09 7276.12 
5326.78 2695.54 8548.79 544.053 0 8843.82 7626.7 
5325.36 2698.71 8618.93 543.978 0 8859.4 7629.47 
5326.9 2682.91 8604.55 544.403 0 9008.34 7635.98 
5332.77 2685.67 8678.41 541.532 0 8887.89 7488.53 
5336.47 2684.84 8911.77 541.415 0 8900.85 7492.13 
5332.05 2546.29 8923.88 541.493 0 8744.99 7526.46 
5322.24 2535.87 8902.33 539.704 0 8937.34 8014.34 
5315.22 2525.16 10689.9 544.449 0 9245.53 8424.79 
5341.66 2474.85 10923.8 546.486 0 9210.38 9206.24 
5346.58 2507.9 10891.3 543.155 0 9021.47 9324.12 
5353.38 2517.26 10663 538.802 0 8579.66 9240.7 
5211.99 2362.08 10661.5 538.664 0 8377.07 9326.3 
5218.48 2376.46 10622.6 540.841 0 8267.97 9547.31 
5182.63 2366.78 10517.3 537.106 0 8237.54 9292.62 
5191.31 2382.02 10515.4 526.441 0 8156.42 9097.63 
5208.12 2387.61 10484.4 527.475 0 7958.63 9115.69 
5219.43 2348.56 9957.38 551.502 0 9133.81 8058.14 
5199.38 2363.32 9952.44 548.556 0 9119.97 7986.1 
5178.82 2438.13 10094.3 535.974 0 8901.38 8101.65 
5162.11 2554.55 10090.1 533.704 0 8539.62 8373.8 
5168.02 2448.06 10124.7 532.402 0 8494.18 8462.45 
5220.73 2360.43 10197.1 527.621 0 8498.88 8640.95 
5181.37 2322.27 9888.12 564.045 0 8682.14 8682.8 
5346.48 1993.27 9531.08 569.91 0 8743.2 8084.25 
5325.41 1977.09 10305.9 566.439 0 9210.21 8398.47 
5318.76 1942.23 10319.9 567.674 0 9222.17 8364.79 
5347.7 1963.68 10192.4 565.255 0 9059.99 8384.85 
5349.3 1961.75 10108.2 563.897 0 8937.84 7870.06 
5360.4 1962.45 10029.9 563.218 0 8785.32 7573.8 
5450.24 1997.07 9709.05 566.936 0 8607.83 7832.38 
5433.09 1963.2 9865.42 566.44 0 8670.74 7913.25 
5396.57 1955.06 10267.5 568.614 0 10124 8165.57 
5412.92 1987.06 10271.1 577.97 0 9987.99 7996.24 
5419.26 1982.51 10350.7 584.18 0 9937.86 8274.63 
4828.63 943.845 10422.8 582.249 0 9028.5 8430.47 
4733.07 924.624 10778.9 582.04 0 8896.07 8615.22 
4755.11 881.117 10712.6 582.459 0 8868.48 8700.25 
4689.56 872.374 10613.5 576.249 0 9052.04 8536.09 
4675.49 865.827 10621.4 574.846 0 9076.22 8416.7 
4687 941.999 10503.5 573.747 0 8985.41 8798.73 
4302.92 883.584 10796.7 569.708 0 9147.26 9126.65 
4411.67 864.539 10821.4 567.12 0 9311.11 9191.11 
4437.7 833.846 10779.1 566.057 0 9341.89 9114.22 
4423.2 849.141 10781.3 565.802 0 9288.03 9064.19 
4449.61 857.105 10738.9 564.301 0 9293.54 9039.72 
4417.2 1242.78 10239 566.614 0 9131.96 8225.43 
4164.4 1226.37 9946.19 566.232 0 9277.26 7937.81 
4180.13 1234.71 9833.22 568.595 0 9368.78 8090.88 
4178.91 1238.34 10090.6 570.913 0 9299.44 8223.25 
4172.42 1255.07 10116 574.194 0 9353.7 8246.33 
4104.83 1210.5 7474.09 562.808 0 9167.14 7176.45 
4137.59 1257.23 7423.9 562.935 0 9087.72 7304.28 
4130.74 1270.62 7778.33 564.186 0 9112.37 7669.95 
4112.95 1263.33 7703 566.243 0 9122.96 7786.19 
4096.19 1252.43 7677.86 570.536 0 9105.35 7693.89 
4083.99 1228.38 7787.29 565.792 0 9224.31 7319.01 
4062.4 1206.68 7886.33 567.487 0 9219.55 7057.81 
4073.3 1232.91 7794.35 568.52 0 8909.22 7329.78 
2655.81 1083.64 7950.68 573.977 0 9643.76 7246.02 
2618.17 1066.1 8004.32 575.229 0 9633.75 7074.95 
2588.12 1071.53 8055.38 576.173 0 9510.76 6609.91 
2574.19 1154.08 8029.59 575.811 0 9640.29 6680.51 
2569.05 1045 7865.42 571.443 0 9542.41 6678.63 
2568.26 1032.63 7961.01 570.79 0 9484.79 6665 
2849.62 979.97 8239.25 570.313 0 9579.71 6865.36 
2842.34 995.854 8360.11 568.684 0 9618.29 7120.07 
2838.17 991.777 9156.07 570.561 0 8688.81 7741.11 
2820.2 1010.2 8998.59 571.77 0 8532.09 7720.13 
2812.09 993.024 8911.55 572.369 0 8996.95 7824.18 
2846.18 972.367 8921.03 571.958 0 9068.91 7763.51 
2937.36 861.102 9032.08 574.197 0 9490.77 8162.43 
2903.47 828.924 9615.87 561.133 0 9324.38 8336.48 
2928.93 836.54 9548.67 562.257 0 9323.14 8204.74 
2912.74 836.827 9490.25 564.019 0 9547.01 7907.68 
2908.6 835.898 9439.88 564.947 0 9381.69 7664.98 
2895.39 810.186 9418.43 564.494 0 9374.7 7554.5 
2272.74 773.517 9349.91 564.723 0 9478.57 6876.94 
2285.26 783.319 9425.3 555.111 0 9402.53 6945.28 
2294.38 743.675 9430.75 558.703 0 9305.85 6882.99 
2285.52 795.236 9404.29 559.027 0 9275.83 6734.56 
2283.48 799.629 9455.85 560.556 0 9261.48 6882.88 
2003.89 789.105 9624.09 564.871 0 9294.14 7043.45 
2009.28 1031.21 9847.92 565.915 0 9113.48 7369.42 
1999.03 1004.91 9886.8 566.555 0 9251.44 7631.64 
1987.58 923.249 9900.1 566.277 0 9359.97 7732.94 
1990.69 618.393 9712.93 569.22 0 9700.57 8053.07 
1985.77 554.326 9630.27 568.22 0 9665.78 8019.74 
2015.92 562.941 10451.8 575.757 0 9164.07 9900.14 
2004.61 518.022 10505.7 577.772 0 9118.47 10098.6 
1999.39 520.257 10644.6 577.289 0 9080.42 9827.72 
2048.77 526.353 10765.8 577.982 0 8918.44 9946.57 
2042.75 516.359 10754.9 577.771 0 9038.79 9987.98 
2020.57 490.806 10499.9 575.243 0 8900.23 10355 
1356.1 326.754 10745.8 580.071 0 8966.82 10304.9 
1345.56 333.736 10700.4 578.509 0 9036.35 10124.4 
1335.16 321.885 10659.6 580.864 0 8856.2 10135 
1349.95 327.323 11086.2 585.541 0 8543.89 10624.4 
1369.82 314.209 11362.9 582.01 0 8446.43 10719.2 
1355.34 310.665 11327.6 581.037 0 8331.72 10455.4 
1281.33 253.488 11496 577.846 0 8481.71 10861.7 
1286.88 246.333 11464 578.712 0 8342.75 11394.6 
1285.84 252.602 11527.2 575.646 0 8415.01 11562.5 
1290.77 241.987 11828.9 575.615 0 8321.06 12179.3 
1303.71 239.945 12008 582.013 0 8467.01 12590 
1301.91 223.287 11903.7 572.152 0 8563.81 12597.4 
990.192 211.887 15461 577.638 0 8587.14 14468 
978.25 207.618 15424.8 580.652 0 8344.07 14340.5 
997.525 198.779 15452.1 583.732 0 8338.23 14256.2 
1005.6 200.625 15480.4 581.438 0 8320.72 13693.6 
1003.5 191.083 15094.3 583.488 0 8322.01 13448.3 
1000.37 190.632 15069.7 574.799 0 8268.75 13473.2 
762.629 178.964 15073.3 572.292 0 8397.63 13444.6 
753.558 178.902 14701.9 577.219 0 8404.25 13256.8 
762.979 183.855 14662.1 576.052 0 8451.87 13196 
743.22 172.478 14380 568.532 0 9397.4 13007.6 
741.222 179.982 14452.4 569.244 0 9448.93 13355.9 
743.912 183.426 14515.8 565.973 0 9458.73 13423.1 
629.427 189.183 14487.1 568.115 0 9389.57 13585.8 
633.029 174.541 14527.7 568.414 0 9186.45 13649.5 
627.732 163.429 14350.5 564.678 0 9174.53 13485 
637.058 164.903 14261.4 564.745 0 9196.42 12982.9 
630.214 156.961 14072.2 565.301 0 9363.08 13181.4 
629.189 148.66 14069.4 566.694 0 9242.98 12993.8 
620.438 157.318 14265.7 560.659 0 9197.88 13107.2 
627.217 147.155 14295.4 561.89 0 9071 13283.6 
628.593 144.058 14267.5 564.183 0 8965.79 13261.2 
611.065 144.487 14325.3 562.465 0 8892.88 13445.6 
623.887 161.946 13487.9 559.965 0 9794.93 13525.5 
155.4 144.076 13975.1 563.309 0 10078.2 13530.8 
172.94 155.275 14343.5 563.461 0 10195.2 13295 
172.43 145.357 14284.2 564.451 0 9922.04 13208.5 
113.861 155.15 14055.9 560.487 0 9838.21 13512.1 
115.164 133.413 14035.1 558.976 0 9756.38 13625.1 
111.267 164.54 14057.9 556.579 0 9837.3 14305.2 
110.795 166.856 13961.8 557.328 0 10100.6 13646.4 
112.648 149.947 13726.6 560.484 0 9795.68 12922.7 
92.6456 161.948 13463.2 561.281 0 9872.26 12413.2 
101.454 151.442 13466.6 562.83 0 9708.8 12348.7 
93.8676 154.601 13474.3 564.303 0 9828.45 12553.1 
78.7736 156.346 13353.9 566.198 0 10043.3 12056.1 
76.8336 154.001 13503.7 561.375 0 9881.95 12098.2 
49.9873 129.281 14995.6 562.363 0 10135.4 11909.7 
44.7917 130.1 14456.8 563.453 0 10642.5 11227.5 
43.4267 127.807 14699.7 566.743 0 10767.1 11659.7 
46.3086 128.675 14731.3 567.56 0 10694.8 11660.1 
60.9588 126.924 14740 570.08 0 10778.8 11763.4 
73.5314 139.915 14937.3 569.212 0 10753.9 11935.1 
55.0853 121.895 14834.8 566.665 0 10605.1 11659.3 
64.6371 138.318 14743.5 566.955 0 10595.2 11379.5 
73.0065 139.459 14805.1 569.354 0 10585.9 11429.4 
46.7936 137.578 14420.2 566.908 0 10390.6 11086.2 
56.6771 141.531 14468.6 570.386 0 10316.5 11309.1 
59.5058 199.89 14568.5 569.079 0 10300.5 11637.3 
57.1977 237.887 14587.7 572.193 0 10259.8 11491.6 
73.8546 156.967 14452.7 573.128 0 10524.7 11237.3 
66.4092 159.805 16397.3 572.441 0 10689.3 11482.1 
63.6803 157.518 16397.6 570.913 0 10696.1 11609 
51.6859 164.356 16590.6 570.297 0 10593.3 11963 
52.0926 156.627 16708.8 571.281 0 10528.8 12089.5 
48.5958 178.01 16600.1 571.552 0 10370.7 12036 
59.7515 189.743 16585.4 571.552 0 10490.4 12102.5 
46.9588 214.298 16702.8 567.714 0 10365.7 12186.9 
68.8557 204.979 16708.2 568.072 0 10016.2 12215.6 
260.533 205.906 16629.8 572.496 0 9821.68 11967.2 
360.189 133.197 15608.4 579.272 0 10902.1 11149 
409.133 126.229 15554.8 576.528 0 10875.2 10977.9 
251.002 125.473 15522.9 572.183 0 10791.4 11180.5 
187.988 156.35 15658.8 577.304 0 10930.8 11252.9 
216.081 157.737 15512.8 582.594 0 10981.5 10846.7 
185.978 166.733 15468.2 582.747 0 11077.4 10788.3 
167.638 182.17 15632.5 580.504 0 11331.7 10776.9 
138.06 331.753 15519 574.04 0 11384.1 10732.9 
129.596 404.727 15476 570.658 0 11437.7 10691.8 
117.479 482.936 15405.2 569.858 0 11428.3 10590.4 
73.745 288.127 15894.2 572.041 0 11486.6 10967 
41.6921 245.655 15929 573.147 0 11350.3 10939.2 
46.8683 191.709 15874.6 577.616 0 11299.5 11002.6 
45.5602 199.844 15938.5 576.119 0 11468.9 10779.3 
25.4151 228.293 15985.1 571.585 0 11435.8 10734.4 
27.3294 194.138 16091.6 577.005 0 11444.1 10497.4 
23.5752 130.624 16040.9 577.555 0 11423.4 10401.2 
21.0946 108.516 16108.4 575.95 0 11546.2 10261.6 
15.7113 111.875 15962.2 581.257 0 11466.3 10319 
15.1804 99.7274 15897.1 581.294 0 11512.1 10533.4 
17.9075 105.381 15979.6 580.31 0 11479 10769.2 
28.99 106.754 16187.9 574.623 0 11436.3 11238.3 
26.5215 103.569 16373.7 575.139 0 11268.9 11509.9 
20.6121 102.421 16378.1 576.563 0 11214.9 11630.4 
34.3931 106.12 16417.8 576.193 0 11120.8 11388.3 
36.3426 100.686 16167.3 575.706 0 11266.9 11286.3 
25.0027 91.0165 16252 575.97 0 11112.8 11011.3 
19.2735 89.3949 16286.4 582.524 0 11122.6 10778.7 
29.0079 99.1401 16552.5 579.494 0 11050.3 10883.1 
29.4938 98.4363 16334.8 582.625 0 11009 10918.1 
68.8173 91.0955 16265.2 578.36 0 11026.8 10912.7 
55.6922 116.143 16263.5 579.005 0 11033.7 11216.2 
21.1778 180.215 16201.6 581.115 0 11068.9 11288.2 
36.8358 175.794 16181 577.182 0 11085.6 11702.9 
58.4476 130.877 16166.1 578.02 0 11055.3 11503.2 
43.2328 155.482 15869.8 579.281 0 11026.4 11393.6 
39.8816 152.059 15831.5 576.57 0 11027.9 11308.2 
61.2926 161.62 15545.7 571.919 0 11385.7 9852.81 
56.4038 120.814 15600.4 576.578 0 11281.7 9665.65 
49.4309 115 15251.8 579.721 0 11384.3 9557.75 
80.6267 121.143 15129.8 578.445 0 11310.4 9556.76 
78.8505 123.01 15465.8 577.549 0 11415 10335 
75.1374 128.677 15413.2 578.073 0 11394.7 10250 
77.3866 130.751 15272.6 576.112 0 11570.9 10148.4 
87.8835 137.782 15088.6 577.245 0 11562.6 9907.26 
92.0493 128.034 14051.7 489.693 0.285714 11154.4 9517.56 
89.6911 124.504 13118.8 504.624 0.285714 12155.8 10089.1 
77.681 117.853 13063.9 498.661 0.285714 12114 9649.58 
76.8704 114.272 12989.6 500.62 0.285714 12033.6 9581.86 
65.5549 69.7969 11946.2 483.303 0.285714 12025.8 9785.83 
59.9993 65.4942 12323.5 474.823 0.285714 12162.6 10099.1 
37.3966 60.2972 12831.1 488.912 0.285714 12006.1 10885.3 
26.4544 47.6257 12372.2 570.96 0 11319.1 8439.28 
21.8225 47.0585 12224.8 576.076 0 11355.8 8503.68 
23.0977 49.4382 13038.9 499.725 0.285714 12231.7 9531.51 
27.4474 38.0169 13579.8 499.639 0 12848 10090.9 
30.4965 37.8293 12008.7 481.831 0.285714 12353.5 8916.7 
34.9128 43.8731 11173.8 472.154 0.285714 12139.6 8683.59 
36.0303 41.1775 10742.1 411.675 0.571429 12015.6 8735.32 
41.093 41.2629 9908.17 450.261 0.285714 12894.5 9143.31 
37.56 79.7006 9803.49 482.334 0.285714 12673.5 8883.38 
32.5979 37.3023 9462.51 496.76 0.285714 12566.8 7505.51 
33.8181 31.1859 9668.64 512.816 0.285714 12086.6 7734.91 
37.7997 36.367 9070.66 599.088 0 11196.7 5751.83 
38.3316 38.3605 9102.72 599.901 0 10832.2 5870.33 
36.6712 43.9165 9018.03 490.185 0.285714 10747.4 6617.67 
37.5791 44.9141 8808.3 429.956 0.571429 9970.51 6841.52 
190.358 90.731 9180.17 341.748 0.857143 11553.4 8937.63 
165.768 82.3064 9134.91 325.037 0.857143 11926.3 9205.63 
159.729 100.739 9297.76 364.173 0.571429 10487.1 8490 
2248.07 301.204 8913.41 423.887 0.571429 10083.9 7914.35 
2424.5 292.58 8720.51 427.231 0.571429 10290.6 7726.27 
2597.11 269.399 8799.72 478.741 0.285714 9400.17 7384.97 
3200.86 338.445 8894.21 407.999 0.571429 8945.91 7781.99 
3224.22 343.835 9146.28 356.239 0.571429 9248.54 8212.35 
4381.83 365.653 9468.67 349.401 0.571429 10037.7 9166.41 
4853.1 357.361 9256.28 314.508 0.857143 8383.75 9106.2 
6756.34 552.171 8981.67 342.686 0.857143 8180.6 8692.02 
7234.69 552.848 8948.24 364.148 0.571429 7564.74 8570.52 
7285.64 584.601 8964.17 389.357 0.571429 7372.36 7911.56 
7394.96 583.139 8997.44 393.881 0.571429 7259.99 8051.3 
6929.35 559.455 9037.83 425.844 0.571429 7772.92 8204.6 
6517.45 554.599 9126.48 520.757 0.571429 7429.94 8310.78 
5645.48 597.988 9074.2 390.003 0.571429 6977.53 8039.8 
5499.24 587.303 9063.36 338.949 0.857143 7054.89 7611.6 
5547.85 555.214 8943.14 333.715 0.857143 7193.8 7475.48 
4908.36 1362.58 8493.35 310.993 0.857143 7270.32 6790.02 
6745.01 6385.46 8287.41 303.482 0.857143 7035.88 6699.48 
5731.15 6476.75 7970.51 304.446 0.857143 6914.26 6028.92 
6366.46 6373.18 8054.65 306.256 0.857143 6963.85 6124.64 
6959.25 6410.32 7419.57 305.905 0.857143 6636.05 6047 
7024.22 6437.94 7449.73 308.046 0.857143 6712.5 6408.43 
6972.15 6478.98 6867.41 251.572 1.14286 6524.52 6337.47 
7077.77 6544.75 5869.3 258.652 1.14286 7086.29 6518.27 
7285.05 6523.01 5170.07 254.101 1.14286 6281.32 6199.22 
7518.35 6555.4 5473.93 256.329 1.14286 6332.95 6195.5 
7502.39 6616.3 5599.49 258.82 1.14286 6303.44 6176.93 
7570.31 6650.46 6544.23 266.455 1.14286 6729.25 6492.04 
6989.47 6711.23 6663.55 268.166 1.14286 6648.24 6869.81 
6397.17 6683.25 6505.68 343.586 0.857143 6302.38 5184.52 
6372.16 6724.23 6770.73 298.892 0.857143 6631.86 5405.92 
6358.55 6710.51 6753.21 298.175 0.857143 6592.44 5147.52 
6017.44 6821.5 6699.15 291.002 0.857143 6744.86 5242.96 
5960.37 6830 6848.67 274.938 1.14286 7773.46 6288.8 
5718.23 6859.65 5453.59 253.971 1.14286 6606.88 5392.22 
5431.88 6856.92 5254.49 241.369 1.14286 6473.15 5522.41 
5275.04 6883.13 5190.75 273.385 1.14286 6873.45 5835.09 
4791.49 6987 5165.51 275.875 1.14286 6958.45 5497.25 
4646.17 6951.91 5160.81 275.649 1.14286 6910.21 5534.12 
4393.09 6998.75 4980.03 314.87 0.857143 6461.76 4543.53 
4333.85 6969.3 4951.68 354.768 0.857143 6560.23 4180.27 
4138.74 6960.53 4950.45 358.933 0.857143 6914.75 4164.47 
5988.83 6873.34 4747.64 445.018 0.857143 6390.54 4075.22 
6274.03 6838.33 4715.7 447.91 0.857143 6422.77 4304.55 
7794.68 7299.78 4721.76 448.831 0.857143 6407.84 4473.12 
9862.94 7189.42 4854.38 270.642 1.14286 6071.1 4520.44 
11560.6 7031.27 5801.92 258.281 1.14286 6127.72 5313.45 
15386.2 6873.06 6422.51 320.134 0.857143 7495.23 7667.65 
16208.6 6838.22 6239.59 296.537 1.14286 7756.01 6943.91 
15939.2 6835.74 6679.05 294.548 1.14286 8001.81 7553.37 
14292 6874.02 6784.38 295.816 1.14286 8125.02 7551.83 
13308.2 6839.6 6889.82 298.008 1.14286 8224.24 7995.08 
13177.8 6896.55 6822.68 286.304 1.14286 8283.3 7706.08 
10335.4 6933.76 6133.58 280.383 1.14286 8652.93 8449.12 
9474.3 6972.25 6171.84 277.345 1.14286 8656.92 8506.67 
9011.92 6923.61 6262.57 281.008 1.14286 8711.07 8692.73 
9174.41 6951.95 6196.73 280.621 1.14286 8819.54 8602.33 
9179.15 7027.96 6252.61 310.388 1.14286 8707.76 8752.24 
8818.17 7027.11 6306.18 300.025 1.14286 8404.87 8682.47 
8669.04 7182.6 6257.69 307.944 1.14286 8321.15 8348.35 
8400.35 7157.77 6228.86 312.506 1.14286 8200.3 8287.94 
8319.75 7218.64 6213 305.052 1.14286 7736.07 8004.63 
8256.57 7205.13 6194.02 308.605 1.14286 7613.4 7977.71 
8162.91 7174.39 6042.22 315.625 1.14286 7192.28 7531.41 
8195.34 7155.09 5967.05 314.031 1.14286 7054.57 7432.04 
8099.25 7164.29 5868.87 327.587 1.14286 6934.72 7479.56 
8081.05 7125.76 5926.91 334.016 1.14286 7038.49 7875.57 
8236.23 7214.49 5858.85 336.732 0.857143 7065.52 7932.82 
8043.71 7212.94 5893.73 329.797 0.857143 7076.93 7731.04 
7889.59 7299.47 5867.9 327.474 0.857143 7122.89 7339.3 
7450.27 7366.24 5794.12 326.619 0.857143 6996.53 7422.28 
6917.75 7376.13 5764.11 329.036 0.857143 6958.93 7434.79 
6910.75 7332.8 5790.96 325.804 0.857143 6813.88 7133.06 
6921.14 7341.51 5806.63 317.042 0.857143 6575.48 6999.61 
5770.11 7379.07 5760.44 305.762 0.857143 6616.06 6988.39 
5364.73 7303.97 5686.86 301.877 0.857143 6336.07 6790.57 
4997.92 7325.6 5668.81 302.094 0.857143 6437.08 7199.34 
5015.17 7211.25 5671.92 306.706 0.857143 6427.59 7214.11 
5111.66 7111.11 5719.65 304.43 0.857143 6431.09 7271.14 
4447.19 7097.5 5788.61 309.734 0.857143 6326.73 7359.33 
4651.58 6944.01 5745.97 306.785 0.857143 6257.05 7554.43 
4674.24 6871.12 5708.61 308.094 0.857143 6360.18 7845.97 
4551.41 6884.06 5633.25 308.033 0.857143 6286.58 7839.58 
5517.51 6727.66 5800.7 314.59 0.857143 6318.72 8351.03 
6543.84 6282.52 5643.25 314.824 0.857143 6349.4 8032.15 
7954 5849.01 5703.6 303.539 0.857143 6339.56 7937.92 
8487.92 5685.16 5776.87 301.424 0.857143 6379.25 7814.39 
8556.97 5680.67 5700.88 298.577 0.857143 6433.68 7701.27 
10440.4 3935.05 5727.23 299.035 0.857143 6467.48 7794.87 
10005.7 3314.4 5643.64 305.821 0.857143 6615.23 7657.44 
9919.2 2881.15 5901.97 299.303 0.857143 6710 7860.89 
9919.34 2711.44 5929.25 298.892 0.857143 6719.28 7718.61 
9491.21 1790.08 6561.6 296.412 0.857143 6940.99 7950.7 
9502.6 1687.62 6842.12 294.841 0.857143 7070.54 8444.11 
8983.08 1432.83 7175.94 298.387 0.857143 7165.32 8611.33 
12974.6 1249.08 7522.64 294.887 0.857143 7107.2 8901.74 
16517.9 1280.34 7620.81 293.066 0.857143 6663.76 8440.25 
16182.8 1380 7442.37 292.435 0.857143 6569.88 8195.53 
14904.8 1474.47 7427.19 292.327 0.857143 6627.02 8209.15 
14800.3 1427.34 7255.8 293.956 0.857143 6607.05 7961.49 
11236.4 3671.78 7082.66 294.758 0.857143 6640.06 7968.7 
10280.9 4123.44 7064.31 296.606 0.857143 6684.89 7968.09 
7472.42 5331.58 6942.33 299.24 0.857143 6831 8157.94 
6890.26 5352.76 6599.81 289.264 0.857143 6253.1 7463.74 
6622.76 5294.98 6763.61 290.263 0.857143 6517.78 7615.62 
6521.38 5422.98 6898.88 290.684 0.857143 6654.58 7625.35 
6676.03 5504.72 7069.27 314.3 0.857143 6614.43 7669.71 
5891.82 5508.48 7204.76 316.658 0.857143 6626.75 7870.76 
8507.58 5437.46 6549.19 305.84 0.857143 6283.68 7053.94 
9339.52 5544.08 6478.82 304.196 0.857143 6425.02 6826.97 
10108 5587.86 6460.73 308.283 0.857143 6360.12 6428.98 
10120.9 5689.7 6552.29 308.052 0.857143 6382.07 6193.88 
10089.9 6763.88 6844.25 313.784 0.857143 6396.97 6030.83 
10100.3 6725.66 6898.37 315.148 0.857143 6374.6 6004.45 
9961.46 6793.75 7168.23 330.494 0.857143 6596.96 5818.69 
9990.73 6805.26 7083.26 338.892 0.857143 6523.52 5952.95 
10045.2 6922.51 7139.49 330.074 0.857143 6840.69 5967.72 
9996.08 7054.6 7257.5 321.605 0.857143 6781.76 6032.05 
10036.5 7325.59 7162.46 324.078 0.857143 7053.3 6019.13 
10318.9 7369.71 7278.39 323.932 0.857143 7075.57 6088.26 
10107.4 7359.51 7257.93 323.129 0.857143 7254.8 6198.59 
10066.9 7299.92 7251.88 328.122 0.857143 7279.49 6174.06 
10002.1 7157.02 7069.11 323.085 0.857143 7219.64 5967.17 
10261.5 7022.94 6911.65 328.214 0.857143 7227.76 5567.75 
10336.8 7121.18 6769.72 319.64 0.857143 7240.24 5596.82 
10332.9 7198.66 6785.7 309.976 0.857143 7178.18 5487.27 
10880.2 7470.97 6691.87 307.371 0.857143 7000.27 5241.53 
11231.1 7583.95 6633.62 306.417 0.857143 7042.76 5184.03 
11472.9 7855.56 6541.74 299.022 0.857143 6854.16 5287.16 
11594.8 8321.29 6572.24 290.792 0.857143 6488.97 5201.11 
11555.4 8667.66 6561.3 290.312 0.857143 6368.52 5405.13 
11436.1 8691.42 6455.83 290.832 0.857143 6384.59 5368.6 
11305 9929.9 6292.24 294.268 0.857143 6512.75 5327.26 
11686.3 10473.4 6218.77 297.506 0.857143 6458.36 5267.31 
11637 10793.5 6183.8 307.986 0.857143 6601.44 5462.57 
11683.6 11181.3 6053.15 308.996 0.857143 6816.45 5589.24 
11698.7 11465.4 6083.14 311.435 0.857143 6995.26 5699.46 
11154.7 12316.1 5942.73 310.524 0.857143 6992.33 5596.6 
11173.8 12920.7 5839.83 333.094 0.571429 6688.39 6315.03 
11134.4 13026.8 5779.77 332.706 0.571429 6676.36 6319.14 
10186.8 13897 5573.15 341.176 0.571429 6479.24 6494.35 
10004.9 15119.2 5511.63 330.26 0.857143 6399.87 6894.17 
9857.2 15302.5 5524.03 314.95 0.857143 6523.67 7067.41 
9943.92 15855.2 5307.99 314.534 0.857143 6595.19 6845.12 
9433.9 16806.5 5293.29 314.783 0.857143 6519.28 6817.32 
8797.02 17828.4 5424.53 321.363 0.857143 6977.31 6773.38 
8697.18 18221.8 6740.44 325.345 0.857143 6574.88 6738.07 
9240.79 18864.5 6946.57 324.781 0.857143 6083.17 6764.21 
8933.37 19854.4 6809.29 326.444 0.857143 6073.51 6597.8 
9205.35 20503.5 6863.09 325.146 0.857143 6342.47 6592.77 
9081.28 20269.4 6837.13 330.797 0.857143 6335.22 6612.42 
9089.75 19940.1 6807.76 338.613 0.857143 6093.84 6026.45 
8979.67 18926.6 6961.27 364.508 0.857143 6278.65 6018.14 
8765.05 17969.4 6982.54 353.481 0.857143 6429.09 6213.15 
8669.59 17377.3 7155.55 354.138 0.857143 6428 6532.1 
8782.44 17028.5 7336.83 342.674 0.857143 6532.5 6630.75 
8613.31 16815.1 7392.25 341.099 0.857143 6521.43 6691.51 
8003.92 16562.7 7534.18 354.552 0.857143 6776.38 7026.19 
8148.04 16101.3 7625.82 366.322 0.857143 6855.17 7128.66 
7872.72 15898.1 7574.87 372.735 0.857143 6846.48 7042.6 
8943.15 14748.2 7531.09 386.429 0.857143 6989.54 7017.32 
10536.7 13645.5 7510.44 386.925 0.857143 6902.81 7078.5 
12207.4 11714.4 7539.95 387.181 0.857143 6923.37 7101.4 
12559 10990.2 7420.8 389.129 0.857143 6609.83 7213.08 
11945.1 9795.38 7569.21 396.797 0.857143 6625.69 7258.11 
11929.4 9693.58 7533.62 400.565 0.857143 6653.01 6990.3 
10211.8 8710.54 7515.23 395.76 0.571429 6615.9 6985.78 
10117.9 8628.6 7520.98 396.201 0.571429 6576.77 6974.7 
9900.72 8102.68 7662.19 398.127 0.571429 6741.86 7098.94 
9477.03 8074.61 7770.06 398.055 0.571429 6888.01 7367.42 
8319.28 7825.69 7947.97 402.814 0.571429 7010.35 7499.34 
8001.17 7804.23 8090.37 408.638 0.571429 7049.8 7706.17 
6634.02 7719.64 8069.23 408.718 0.571429 7158.81 7474.96 
6424.79 7763.87 8074.78 404.075 0.571429 7187.1 7455.68 
5412.73 7658.46 8170.34 393.703 0.571429 7291.24 7496.93 
5278.94 7685.82 8289.13 389.156 0.571429 7325.39 7651.18 
4958.89 7647.84 8374.36 410.112 0.285714 7420.62 7403.53 
4857.3 7684.23 8483.48 408.794 0.285714 7436.73 7391.84 
4346.1 7677.36 8705.31 400.396 0.285714 7656.15 7900.75 
4290.56 7718.33 8821.04 390.696 0.285714 7837.82 8052.38 
3891.79 7702.35 9006.41 379.193 0.571429 7931.33 8138.92 
3664.66 7853.66 9031.95 375.243 0.571429 7993.9 8141.87 
3450.49 7715.92 9167.39 380.744 0.571429 8442.36 8308.82 
3256.18 7707.78 9312.05 377.133 0.571429 8555.29 8359.8 
2106.27 7696.91 9480.38 378.376 0.571429 8534.38 8384.48 
1914.31 7661.24 9694.09 383.646 0.285714 8395.22 8158.4 
1907.74 7512.06 10030.3 375.618 0.571429 8326.18 8071.6 
1918.78 7542.25 10063.2 375.746 0.571429 8361.52 8064.77 
2209.65 7528.86 10077.9 352.772 0.571429 9068.11 8012.56 
2053.43 7571.83 9842.29 352.708 0.571429 9044.47 7887.79 
2678.67 7684.91 8845 348.351 0.571429 9210.05 7643.64 
2724 7773.87 8900.23 341.116 0.857143 9166.19 7555.36 
3382.27 7734.07 8811.87 341.607 0.857143 9202.29 7522.98 
3362.7 7705.52 8848.5 341.999 0.857143 9266.32 7534.99 
3441.27 7685.26 8758.33 324.272 0.857143 9416.38 7424.03 
3575.44 7283.19 8829.69 320.961 0.857143 9459.8 7471.64 
3197.63 7439.08 8852.74 323.673 0.857143 9435.11 7526.01 
3325.49 7276.56 8847.8 318.625 0.857143 9465.67 7621.85 
3420.97 7324.57 8860.26 318.528 0.857143 9552.81 7641.17 
3394.53 7339.83 8900.12 321.689 0.857143 9530.27 7593.33 
5176.61 6549.47 8968.49 330.243 0.857143 9595.51 7473.71 
7054.04 4742.42 9842.85 341.592 0.857143 9491.33 8271.44 
3811.15 1713.13 9725.05 328.57 0.857143 10335.9 8171.42 
1988.29 625.578 10549.2 326.105 0.857143 10306.1 7683.54 
1962.84 618.518 10792.5 337.867 0.857143 10203.4 6809.13 
880.588 202.848 12165.7 345.813 0.857143 10768.8 7572.18 
880.155 203.289 12172.2 355.332 0.857143 10771.7 7702.24 
785.55 188.099 10968.9 356.581 0.857143 11778.4 6909.03 
763.034 179.344 10537.3 364.867 0.857143 11723.4 6806.06 
766.028 157.526 10517.7 387.168 0.571429 11583 6701.33 
750.413 158.132 10646.7 396.817 0.571429 11555.8 6728.15 
746.696 164.265 10725.3 408.995 0.571429 11652.8 6793.24 
747.516 160.333 10849.3 414.336 0.571429 11554.7 6734.72 
733.856 161.185 10862.6 417.682 0.571429 11496.6 6821.32 
775.417 179.058 10923.8 420.12 0.571429 11385.5 6818.62 
760.11 172.081 10889.8 418.08 0.571429 11305.3 6782.99 
775.882 185.585 10815.4 414.547 0.571429 11277.2 6716.95 
793.753 163.564 10831.1 408.968 0.571429 11095.3 6833.6 
814.323 173.575 10846.5 407.561 0.571429 10957.8 6794.2 
822.138 173.598 10995.8 398.554 0.571429 10813.4 6934.41 
839.67 175.045 10985.9 398.726 0.571429 10810.5 6932.19 
826.799 181.188 10896.5 378.117 0.571429 10999.4 6928.06 
809.431 174.062 10870.6 385.196 0.571429 11039.9 6943.35 
829.616 188.45 10943.5 370.447 0.571429 11093.1 7190.32 
863.593 177.603 10940.8 367.967 0.571429 11014.7 7292.53 
874.089 187.414 11004.4 374.84 0.571429 10987 7187.96 
867.58 184.48 10706.6 362.408 0.857143 10947.1 6942.31 
879.867 184.051 10629 359.965 0.857143 10913.3 6895.28 
880.839 176.653 10662.3 354.795 0.857143 10947.6 7047.29 
956.93 171.567 10545.1 354.369 0.857143 10823.3 7007.19 
937.834 166.314 10406.8 338.283 1.14286 10868 7012.07 
961.384 179.504 10264.2 332.046 1.14286 10779.1 7027.56 
981.299 179.054 10227.8 325.432 1.14286 10906.1 7122.16 
1037.95 168.114 10353.8 321.556 1.14286 10860.7 7532.98 
1086.26 169.967 10411.8 317.025 1.14286 10797.7 7454.07 
1106.69 170.284 10513.1 315.053 1.14286 10765.4 7488.3 
1155.22 179.691 10383 316.152 1.14286 10728.6 7611.21 
1184.48 171.822 10523.7 311.093 1.14286 10860.7 7149.67 
1149.54 176.787 10378 313.818 1.14286 10863 7119.47 
1131.24 172.291 10370.5 320.22 1.14286 10656.3 6905.78 
1120.89 169.992 10452.9 322.623 1.14286 10679.5 6891.41 
1130.62 173.231 10357.8 316.559 1.14286 10622.9 6881.31 
1130.99 171.485 10360.1 316.73 1.14286 10687.5 6871.48 
1082.08 181.009 10314.3 315.125 1.14286 10608.9 6952.53 
1077.46 175.269 10308.4 318.609 1.14286 10639.5 6893.96 
1114.22 180.747 10234 320.872 1.14286 10740.4 6956.96 
1064.36 190.078 10217 327.151 1.14286 10793.1 6941.13 
991.757 207.954 10027.8 340.319 1.14286 10818.6 6812.13 
1008.24 201.254 10182.1 343.259 1.14286 10915.8 6888.59 
1003.52 188.978 9677.98 315.793 1.14286 10404.6 6840.39 
1087.36 188.931 9635.93 332.223 1.14286 10305.5 6823.38 
1102.93 181.281 9675.92 327.861 1.14286 10465.5 6965.11 
1147.36 190.184 9617.55 321.843 1.14286 10476.6 6952.95 
1191.9 179.65 10121 311.545 1.14286 10569.3 7946.26 
1197.97 183.115 9466.6 322.268 1.14286 9959.68 6669.84 
1309.73 172.204 9597.35 321.381 1.14286 10190.4 6835.32 
1335.36 171.909 9547.02 317.876 1.14286 10268.6 6823.67 
1326.72 180.838 9446.63 306.955 1.14286 10041.5 7064.11 
1331.11 168.759 9315.69 320.957 1.14286 10315.2 7063.2 
1322.93 170.41 9477.66 327.408 1.14286 10609.7 7191.86 
1341.81 169.528 9527.94 333.377 1.14286 10707.4 7144.14 
1351.82 167.048 9301.45 319.676 1.14286 10632.4 7260.55 
1343.09 158.579 8937.23 356.505 0.857143 10135 7455.92 
1346.76 156.525 8859.33 386.026 0.857143 9733.17 6636.5 
1148.02 157.013 8961.91 388.609 0.857143 9656.23 6645.75 
1209.2 158.802 8980.86 311.086 1.14286 9709.95 6585.97 
1393.96 277.462 10095 365.447 0.857143 10938.4 8207.34 
1254.66 289.02 10213.7 371.856 0.857143 10767.3 8355.13 
1222.43 301.138 10191.9 371.278 0.857143 10589.7 8263.72 
1093.51 289.542 10271.5 376.659 0.857143 10621.7 8440.22 
1119.29 273.355 10385.2 364.628 0.857143 10543 8426.59 
1083.08 264.282 10338.3 368.081 0.857143 10635.7 8526.77 
855.489 259.716 10390 361.574 0.857143 10635.6 8495.2 
857.19 239.431 10373.3 364.475 0.857143 10692.4 8450.09 
39.7135 236.534 10354.2 361.447 0.857143 10901 8727.32 
24.7183 267.891 10414.5 364.691 0.857143 10933.1 8632.24 
20.4978 264.141 10467.6 377.893 0.571429 11023.9 8707.19 
28.8255 386.994 10396.3 379.75 0.571429 11090.7 8606.82 
25.3998 348.504 10411.1 383.213 0.571429 10993.4 8530.38 
23.6764 281.228 10378.5 365.36 0.857143 11087.4 8454.22 
22.0013 269.626 10433.7 355.055 0.857143 11151.8 8443.41 
37.0864 172.037 10443.4 359.356 0.857143 10954.7 8446.46 
26.799 116.611 10453.6 363.891 0.857143 10978 8572.4 
34.0776 110.407 10421.7 362.082 0.857143 11080.2 8429.47 
42.6845 113.768 10308.3 363.423 0.857143 11115.4 8212.25 
41.6307 117.788 10238.1 359.999 0.857143 11139.9 8082.07 
30.9739 111.153 9049.38 281.05 1.14286 10614 7834.03 
29.1784 115.513 8152.77 301.947 1.14286 11004.4 7909.19 
31.385 113.425 6936.91 281.327 1.14286 10402 7656.56 
37.8336 114.401 7072.33 285.815 1.14286 10960.5 8132.77 
50.9135 139.324 7077.59 289.432 1.14286 10935.1 7963.06 
93.0711 155.342 7094.6 283.324 1.14286 10793.8 8070.63 
57.2367 294.037 8049.19 296.143 1.14286 10506.3 8619.1 
32.0355 158.714 7314.4 372.846 0.857143 9807.24 6491.23 
42.3455 162.022 7715.83 327.804 0.857143 10247.2 6791.99 
38.4872 172.076 7728.46 301.348 1.14286 10760.1 7092.26 
83.8481 248.354 7744.44 303.053 1.14286 10720.2 6920.67 
71.95 257.37 7710.64 301.851 1.14286 10695.6 6918.18 
43.7991 205.111 6794.24 288.997 1.14286 10369.5 6230.71 
88.7235 225.761 6585.75 278.966 1.14286 10072.8 5961.79 
129.91 255.176 6511.25 305.402 1.14286 10089.8 6092.04 
127.47 259.804 6517.05 320.469 0.857143 9719.4 5716.01 
124.7 287.648 6515.35 319.276 0.857143 9675.92 5789.01 
111.144 296.773 6459.75 321.569 0.857143 9813.87 5912.51 
101.648 310.253 6507.78 320.939 0.857143 9899.47 5876.06 
119.798 314.84 6052.17 377.028 0.857143 9806.52 5521.06 
135.769 309.909 5869.93 386.051 0.857143 9998.5 5446.88 
190.175 300.303 5761.19 479.161 0.857143 9498.16 5228.64 
172.625 334.877 5619.18 347.191 0.857143 9162.04 4878.22 
171.833 352.285 5630.81 353.731 0.857143 9109.13 4820.69 
100.892 326.076 6197.31 356.113 0.857143 9741.07 5585.42 
178.167 359.795 5522.67 366.037 0.857143 8757.37 4452.21 
946.846 952.952 6946.94 303.014 1.14286 9683.86 6918.98 
1227.15 679.364 7268.69 284.648 1.14286 9512.28 5421.16 
1065.1 718.335 7282.63 290.458 0.857143 9564.54 5442.45 
1019.56 691.045 7234.33 286.749 1.14286 9565.2 5454.75 
985.336 677.923 7021.77 288.541 1.14286 9480.66 5316.64 
993.687 695.03 6948.15 300.34 0.857143 9522.49 5346.36 
974.23 711.638 7221.09 313.347 0.857143 9677.75 5339.94 
977.874 699.787 7262.97 302.863 0.857143 9864.59 5323.28 
950.511 693.508 7297.81 307.511 0.857143 9861.9 5342 
922.089 680.427 6858.19 301.53 0.857143 9933.49 5357.52 
922.576 679.14 8793.98 290.387 0.857143 10293.5 6178.7 
865.057 667.478 8221.89 331.739 0.571429 9696.87 6640.23 
843.48 659.922 7942.72 361.562 0.571429 9039.5 6044.76 
817.134 655.007 7847.86 357.774 0.571429 9491.58 6033.25 
821.191 674.989 7585.68 272.55 1.14286 8872.43 5832.84 
822.558 678.684 8518.76 335.442 0.857143 11864.4 7917.77 
826.057 708.51 10453.3 358.16 0.857143 10532.3 7612.31 
839.763 711.717 10557.2 359.545 0.857143 10410.4 7281.25 
842.959 707.953 10541.8 362.112 0.857143 10229.9 7259.6 
841.964 710.795 10337.5 361.556 0.857143 10244.1 7308.03 
835.002 728.936 10253.4 362.21 0.857143 10228.2 7160.45 
841.647 746.125 10252.4 365.51 0.857143 9739.75 6926.96 
842.535 735.333 10318.9 371.704 0.857143 9589.08 6981.08 
820.729 715.089 10631.6 368.693 0.857143 9565.75 7242.47 
830.228 715.855 10457.1 370.873 0.857143 9598.31 6881.46 
830.612 717.077 10302.8 372.258 0.857143 9486.67 6764.12 
823.419 746.761 10390.3 370.553 0.857143 9569.99 6842.16 
835.75 763.863 10380.2 371.339 0.857143 9561.4 6786.39 
834.314 761.357 10439.8 371.834 0.857143 9546.6 6756.74 
839.484 738.731 10516.2 372.141 0.857143 9466.72 6766.19 
841.335 686.68 10613.2 372.069 0.857143 9391.2 6996.27 
858.685 707.411 10547.4 374.247 0.857143 9353.02 6556.43 
850.397 656.271 10560.8 374.193 0.857143 9320.19 6511.94 
854.843 675.199 10581.8 373.879 0.857143 9325 6518.05 
868.272 676.611 10468.3 375.838 0.857143 9250.98 6553.59 
862.887 673.178 10495.5 372.845 0.857143 9158.24 6415.59 
988.069 690.652 10480.7 371.552 0.857143 9115.3 6353.99 
755.727 691.447 10394.8 371.018 0.857143 9120.41 6236.01 
973.928 640.03 10423.2 365.829 0.857143 9082.35 6252.27 
946.708 614.829 10392.7 369.185 0.857143 9148.79 6237.75 
965.268 624.75 10403 372.056 0.857143 9280.12 6183.35 
964.378 616.412 10497 365.685 0.857143 9290.08 6261.93 
971.525 604.501 10606.2 372.407 0.857143 9192.1 6358.02 
852.203 568.684 10628.2 374.926 0.857143 9192.96 6418.94 
827.154 650.207 10592 378.733 0.857143 9048.8 6390.73 
986.398 618.59 10576.5 374.307 0.857143 9020.41 6329.5 
959.851 655.292 10331.2 372.178 0.857143 8790.01 6354.67 
943.408 688.095 10297.4 368.908 0.857143 8774.5 6383.22 
775.748 614.07 10420.8 361.902 0.857143 8880.92 6579.78 
972.219 570.893 10651.6 360.596 0.857143 9128.49 6813.79 
935.133 547.814 10718.2 366.898 0.857143 9408.57 6928.54 
760.068 561.168 10709 375.432 0.857143 9648.85 6850.6 
762.088 559.724 10704 366.848 0.857143 9590.49 6924.21 
771.799 569.71 10838.4 362.017 0.857143 9501.64 7363.68 
850.086 574.383 10729.1 365.981 0.857143 9270.22 7645.99 
763.824 570.933 10680.5 364.671 0.857143 9166.29 7472.34 
779.006 611.811 10696.8 367.456 0.857143 9020.46 7212.77 
771.802 634.746 10651.5 365.9 0.857143 8881.96 7344.91 
904.939 652.778 10734.2 370.61 0.857143 8916.13 7369.38 
754.781 693.604 10677.8 370.676 0.857143 8881.89 7495.64 
810.998 747.234 10589.4 370.839 0.857143 8710.84 7679.14 
823.966 813.081 10642.7 370.208 0.857143 8700.24 7687.93 
804.941 740.025 10788.5 377.941 0.857143 8744.42 7892.4 
883.286 741.483 10921.9 377.705 0.857143 8663.96 7774.78 
943.227 742.062 10921.7 377.178 0.857143 8715.64 7740.3 
944.023 764.018 11066.1 372.388 0.857143 8739.08 7931.43 
797.822 769.811 11017.1 372.46 0.857143 8685.16 7954.69 
994.667 723.117 10830.5 389.213 0.857143 8706.81 7600.55 
1014.19 699.189 10715.4 431.496 0.857143 8631.24 7518.6 
769.535 700.808 10994.3 365.598 0.857143 8688.74 7492.44 
790.536 653.777 10756.6 353.914 0.857143 8503.16 7070.73 
792.227 659.777 10663.2 360.072 0.857143 8443.53 6971.16 
990.945 622.494 10692.1 371.49 0.857143 8528.31 6871.33 
804.381 665.899 10726.7 379.754 0.857143 8550.49 6711.28 
931.298 718.21 10728.5 381.136 0.857143 8596.1 6456.13 
898.909 709.773 10740.6 366.928 0.857143 8718.27 6507.02 
911.473 682.17 11502.3 364.584 0.857143 7974.09 7984.28 
894.746 668.269 10413.5 450.333 0.571429 8020.41 6963.4 
890.936 672.299 10454 369.712 0.857143 8172.51 7181.84 
928.254 682.979 10461.8 367.328 0.857143 8176.96 7287.55 
911.546 705.485 10493.4 368.022 0.857143 8145.7 7090.83 
752.654 692.53 10839.6 379.353 0.857143 8304.97 7618.87 
941.743 687.929 10846.6 373.776 0.857143 7733.64 7253.73 
958.418 680.017 10700.5 359.038 0.857143 7481.96 6819.55 
935.922 660.04 10709.9 368.089 0.857143 7714.79 7579.6 
736.633 647.979 10861.8 363.17 0.857143 7741.69 7697.69 
910.36 619.806 10830.3 361.005 0.857143 7549.03 7969.6 
918.116 607.796 11182.7 372.165 0.857143 8399.99 8313.85 
913.595 608.386 10823.6 359.602 0.857143 7433.13 7797.81 
883.961 627.842 10890.6 351.575 0.857143 7648.67 8107.5 
898.37 655.601 10155.2 407.494 0.571429 7536.72 7176.83 
683.805 655.307 10542 397.937 0.571429 7965.54 7423.27 
702.636 628.208 10612.6 397.1 0.571429 7898.1 7391.22 
700.359 609.261 10669.3 397.88 0.571429 7868.84 7084.07 
692.369 621.373 10519.7 393.618 0.571429 7152.31 6702.51 
694.387 612.335 10569.6 353.575 0.857143 7141.59 6702.4 
670.998 595.149 11532.9 383.715 0.857143 8993.2 9394.09 
657.982 578.318 12815.1 405.575 0.571429 8597.34 9277.52 
655.888 575.009 12805.8 414.174 0.571429 8536.65 9284.39 
674.863 547.339 12717.6 413.193 0.571429 8520.41 9464.72 
931.123 537.008 12768.2 416.292 0.571429 8402.39 9793.2 
922.664 552.339 12603.1 416.027 0.571429 8275.95 9788.27 
942.883 558.92 12602.1 419.127 0.571429 8261.77 9854.65 
911.066 569.511 12633.9 420.194 0.571429 8350.91 9680.14 
1100.27 552.226 12655.9 424.555 0.571429 8293.62 9687.76 
837.124 543.97 12169.9 422.106 0.571429 7972.46 9080.08 
1053.32 524.487 12086.2 408.568 0.571429 7843.77 8805 
1088.74 520.23 11943.5 412.24 0.571429 8024.21 8871.33 
1064.22 509.237 11786.5 419.906 0.571429 7897.25 8922.03 
817.275 510.273 11832.3 418.441 0.571429 7790.99 8813.12 
879.15 494.235 11888 410.025 0.571429 8034.65 8669.47 
1136 449.919 11090.3 401.732 0.571429 9545.76 8820.06 
733.286 467.252 9947.02 412.122 0.571429 9289.48 7614 
732.498 466.309 9967.71 412.768 0.571429 9180.27 7619.08 
730.204 430.429 7272.74 403.724 0.571429 10708.4 6311.98 
1016.57 457.062 7894.35 401.633 0.571429 11139.7 6746.98 
1000.62 442.834 7184.43 390.368 0.571429 10790.9 5990.43 
749.004 437.346 7291.08 394.911 0.571429 10970.3 6561.02 
930.076 441.049 7367.38 389.771 0.571429 11065.8 6491.41 
1037.39 456.562 7390.55 390.861 0.571429 11041.4 6423.37 
1072.04 448.835 7273.44 388.919 0.571429 10751.5 5964.21 
1068.49 471.051 7237.84 385.402 0.571429 11194 6335.71 
982.594 450.859 6944.11 429.282 0.285714 10279.9 5771.96 
1138.2 438.137 7005.69 429.398 0.285714 10316.4 5775.78 
690.336 445.764 6982.39 432.619 0.285714 10040.1 5405.83 
858.826 437.471 7011.02 388.38 0.571429 10108.2 5469.66 
848.279 444.602 7521.74 436.902 0.285714 13976.5 7104.33 
853.002 444.996 7400.33 475.671 0.285714 12975 5952.62 
743.361 453.51 7425.69 470.341 0.285714 12996.6 5956.23 
864.972 480.866 7380.25 470.665 0.285714 13008.8 5890.85 
1098.11 472.154 7359.54 465.228 0.285714 13058.8 5911.6 
614.801 496.508 7325.29 469.591 0.285714 12927.2 5921.71 
609.96 491.764 7403.17 469.274 0.285714 12970.9 6030.26 
602.079 482.516 7375.2 472.31 0.285714 12957.5 6040.28 
909.367 469.876 7391.64 474.713 0.285714 13053.9 6015.75 
608.705 515.738 7346.27 475.374 0.285714 12998 6044.21 
837.42 516.901 7441.69 471.22 0.285714 13040.5 6094.04 
1014.73 496.292 7439.06 472.606 0.285714 13084.9 6082.14 
1005.94 493.301 7437.86 474.305 0.285714 13152.4 6077.4 
1010.35 434.255 7515.12 473.704 0.285714 13056.2 6042.07 
952.484 445.472 7565.64 481.009 0.285714 13144.3 6057.18 
983.095 443.286 7665.02 478.576 0.285714 13091.7 6041.39 
696.726 457.538 7618.33 476.55 0.285714 13157.1 6041.88 
902.981 434.743 7632.47 468.32 0.285714 13006.7 6054.21 
889.59 428.947 7614.93 467.557 0.285714 13027.5 6085.34 
893.63 434.078 7593.08 462.78 0.285714 13028.4 6055.68 
787.176 450.708 7521.9 468.3 0.285714 12857.6 6133.35 
857.237 457.093 7556.03 465.774 0.285714 12810.1 6092.21 
1048.66 437.065 9498.64 469.3 0.285714 12387.1 7281.51 
690.08 465.534 9474.58 470.065 0.285714 12327.8 7262.92 
683.029 469.901 9485.72 472.856 0.285714 12163.1 7134.23 
692.675 474.422 9348.69 475.374 0.285714 11992.9 6930.39 
1032.08 461.454 9421.69 474.732 0.285714 12064 6896.19 
751.32 464.847 9416.83 477.527 0.285714 12066.3 6780.02 
990.464 477.525 9402.16 474.985 0.285714 12122 6790.88 
1010.24 460.416 9324.33 476.688 0.285714 12154.3 6672 
1030.48 463.131 9390.25 478.322 0.285714 12090.4 6687.2 
1031.93 466.518 9321.67 477.338 0.285714 12138.4 6697.08 
1032.46 464.719 9265.49 478.129 0.285714 12100.5 6828.52 
1130.54 453.549 9207.62 482.756 0.285714 12035.2 6921.71 
1144.34 438.279 9224.31 484.399 0.285714 12092.1 6902.25 
666.064 455.757 9012.08 486.132 0.285714 12019.6 6683.57 
871.807 438.705 8953.6 483.239 0.285714 12020.8 6587 
858.895 435.799 8912.11 484.577 0.285714 11962.7 6587.59 
861.752 425.472 8824.71 484.914 0.285714 12082.3 6665.38 
753.698 423.561 8817.78 483.885 0.285714 12041 6709.28 
1162 380.104 8913.23 482.003 0.285714 11972.7 6765.52 
1183.42 403.412 8912.68 481.217 0.285714 12038.7 6777.2 
946.753 400.138 8963.18 479.545 0.285714 12015.6 6813.88 
859.41 404.503 8974.03 482.649 0.285714 11907.2 6847.02 
868.48 408.389 8898.02 480.677 0.285714 11949.8 6999.01 
1121.82 398.926 8922.19 476.203 0.285714 12108.7 7010.11 
893.559 396.01 8966.05 474.199 0.285714 11932.6 6998.97 
1040.29 405.145 9080.26 475.269 0.285714 12019.7 6917.05 
1216.37 383.494 9146.72 477.241 0.285714 12082.4 6870.17 
1180.39 394.533 9279.23 478.946 0.285714 12061.7 6814.63 
1182.34 394.17 9256.03 478.546 0.285714 12105.9 6784.04 
1337.46 390.888 9109.85 480.963 0.285714 12168.3 6726.09 
1268.29 389.39 9085.64 476.189 0.285714 12523.9 6677.43 
865.287 412.887 9141.87 473.895 0.285714 12472.7 6771.56 
995.894 396.781 9204.65 472.251 0.285714 12490.8 6890.98 
1009.53 401.13 9171.17 472.238 0.285714 12546.8 6918.91 
1009.02 398.186 9033.1 486.333 0.285714 12645 7138.42 
890.055 606.106 10138.1 490.217 0.285714 11713.3 8669.13 
1092.31 579.338 10309.4 483.914 0.285714 11912.7 8608.44 
1248.71 559.867 10171.9 484.648 0.285714 12580.3 8569.05 
940.549 590.802 10227.8 486.181 0.285714 12439 8725.93 
971.926 627.817 9502.24 483.253 0.285714 11980 9377.3 
978.035 631.607 9593.65 484.101 0.285714 12233.2 9103.47 
1064.66 615.373 9581.82 488.342 0.285714 12134.2 9156.4 
923.709 629.094 9523.8 494.096 0.285714 11599.1 9243.77 
1154.07 615.391 9609.71 488.922 0.285714 11632 9132.05 
1160.57 600.208 9635.68 489.276 0.285714 11600.4 9163.85 
1167.13 600.01 9717.12 483.867 0.285714 11925 9317.98 
1181.82 614.369 9618.11 483.182 0.285714 11875.5 9102.22 
1184.89 590.546 9510.78 485.259 0.285714 12285.8 9062.71 
1156.09 607.944 9552.96 487.378 0.285714 11637.6 9142.21 
826.31 620.966 9484.28 486.959 0.285714 11421.7 9126.93 
1176.49 603.389 9428.89 490.48 0.285714 11860.5 9080.96 
1176.71 606.754 9415.25 491.266 0.285714 11826.4 9177.52 
1180.04 608.38 9515.02 494.374 0.285714 11686.6 9249.79 
1180.28 613.584 9474.02 493.16 0.285714 12061.5 9092.16 
1276.39 615.055 9436.74 490.696 0.285714 12347 8894.2 
1313.1 621.958 9332.16 487.261 0.285714 12303.4 8906.17 
1235.24 624.504 9348.52 490.7 0.285714 11514.7 8888.01 
1264.83 657.241 9254.96 485.817 0.285714 11718.9 8647.02 
1255.71 658.896 9188.45 485.672 0.285714 11600.7 8720.77 
1253.39 668.329 9272.22 485.331 0.285714 11714 8816.72 
1192.11 643.699 9346.9 486.112 0.285714 11694.1 8752.93 
1042.8 527.15 9198.27 485.502 0.285714 12410.8 8766.13 
931.855 486.181 8931.26 486.566 0.285714 12094.8 8854.79 
920.713 577.522 8925.91 487.289 0.285714 12024.4 9167.2 
945.817 536.9 8822.33 487.747 0.285714 12018.8 9101.61 
943.135 534.955 8891.61 487.431 0.285714 11897 9135.85 
803.997 662.682 8864.81 486.463 0.285714 12140.4 9395.35 
1223.41 649.188 8954.5 485.942 0.285714 12480.9 9299.8 
637.23 264.563 9189.24 484.705 0.285714 13274.5 9983.99 
628.505 258.281 8647.69 553.602 0 11867 8671.12 
635.871 261.732 8591.71 553.792 0 11763.7 8718.64 
609.819 245.838 8612.98 551.506 0 11473.3 8618.42 
8647.27 415.069 7123.44 470.243 0.285714 10360.3 6936.01 
8721.27 459.773 7592.52 469.038 0.285714 10519.2 7203.5 
8250.1 276.181 6805.89 471.347 0.285714 10746.1 6845.51 
16130.7 1822.25 5176.86 464.642 0.285714 9811.27 6123.25 
16259.9 1828.38 5204.15 464.792 0.285714 9842.01 6114.87 
16312.8 1853.86 5174.37 465.747 0.285714 9011.21 6109.32 
16195.2 1918.64 5244.59 512.892 0 8672.72 6047.66 
16125.4 1912.4 5171.41 540.056 0 8705.62 5910.03 
16198.6 1863.33 5137.52 572.151 0 8941.35 5865.7 
16045.4 1890.05 4862.4 574.677 0 9442.59 5714.08 
16138 1905.26 4839.44 574.081 0 9445.25 5503.08 
25712.2 3596.07 2758.88 558.519 0 8146.41 4097.14 
25651.7 3543.27 2607.92 527.79 0 7407.3 3890.14 
25631.6 3557.02 2496.77 480.235 0.285714 7544.31 3792.32 
25590 3569.86 2318.52 461.25 0.285714 7934.47 3747.15 
27078.9 3657.13 2333.32 505.746 0 7957.43 4007.47 
27085.6 3740.62 2362.67 506.721 0 8004.26 4005.08 
36505.6 5352.18 1580 496.768 0 4662.82 2363.88 
41334.6 6927.05 1548.05 529.525 0 4705.39 2113.01 
41114.6 7044.86 1529.62 528.725 0 4697.68 2076.87 
