1019
52550.6 10839.5 292.725 483.815 0 372.019 394.442 
52581 10924.7 293.345 484.33 0 372.671 397.399 
52299.8 11056.7 298.233 486.362 0 388.438 408.171 
52317.7 11170.7 304.004 486.804 0 389.846 424.215 
51998.2 11296.6 305.931 485.499 0 391.201 421.051 
52103.6 11414.3 305.874 486.044 0 390.912 431.865 
51981 11527.1 296.928 485.481 0 382.285 442.318 
51792.3 11636.3 303.078 486.01 0 389.269 422.358 
51703.9 11883.6 302.083 486.905 0 405.727 427.57 
51618.7 12040 307.878 487.389 0 430.69 416.718 
51458.2 12259.3 304.943 487.902 0 434.573 413.165 
51756.9 12340.1 310.11 486.998 0 428.561 413.057 
51091.4 12533.2 316.489 488.025 0 442.747 414.043 
50826.8 12725.2 313.409 488.367 0 452.011 406.839 
50446.4 12759.6 316.548 489.124 0 459.695 415.49 
50268.6 12980.9 315.652 490.223 0 436.307 419.411 
50362.3 13059.9 313.086 490.405 0 430.473 433.673 
50298.3 13265.4 319.173 492.262 0 435.147 443.563 
49843.1 13347.8 333.607 492.299 0 479.893 445.656 
49684.4 13535.6 335.881 492.263 0 500.163 454.408 
49616 13669.2 342.744 493.32 0 498.191 480.814 
49558.8 13691.1 342.679 493.868 0 520.854 507.621 
49414.3 13909.2 343.808 495.358 0 520.078 496.615 
49405.1 14031.5 348.92 500.527 0 530.167 503.001 
49356 14081.1 358.862 499.577 0 567.604 548.153 
49073.7 14338.2 375.907 500.282 0 592.964 540.867 
49504.7 14260.3 369.223 500.691 0 603.696 552.77 
49854.5 14061.8 369.35 499.212 0 610.194 579.834 
49773.3 14180 368.673 500.436 0 617.021 570.05 
50140.5 14249.6 371.062 500.488 0 607.471 591.304 
50605.3 14391.2 379.779 501.442 0 625.877 599.034 
51363 14939.8 345.72 502.207 0 478.253 475.301 
50959.1 15100.5 337.339 501.791 0 492.304 472.025 
50893 15292.5 348.744 499.234 0 540.084 498.994 
50539.8 15517.5 352.853 499.999 0 515.863 494.92 
50752 15686.2 371.23 500.791 0 542.518 489.889 
49823.6 15715 368.684 499.337 0 528.336 487.927 
49406.2 15781.9 369.63 500.817 0 540.363 488.808 
49492.2 15379.1 372.428 501.263 0 543.599 506.865 
50349.6 14959.2 347.574 499.19 0 531.467 515.276 
50167.4 14684.8 342.327 499.994 0 524.934 495.848 
49514.5 13669.8 299.088 506.319 0 422.397 386.933 
47501.8 13343.5 289.319 501.532 0 414.398 392.979 
46019.6 13171.8 291.07 502.944 0 428.391 379.312 
46202.6 12620.9 334.316 504.01 0 530.894 446.834 
43006.4 11550.5 577.656 508.455 0 537.762 693.607 
44580.5 11246.1 660.754 509.143 0 559.309 838.932 
44860.1 11056.2 685.068 509.678 0 551.457 930.219 
44064.6 10910.2 931.488 508.996 0 766.344 1116.78 
42447.5 10648.2 1147.06 509.182 0 852.832 1216 
44545.6 6952.17 1672.16 508.861 0 1032.77 1327.97 
44445.6 6052.13 1932.41 508.34 0 932.451 1503.79 
43802.9 5892.2 1990.18 509.643 0 1038.81 1501.57 
41283.6 5556.71 2296.52 507.251 0 1324.07 1762.98 
39707.1 5368.17 2584.23 511.247 0 1533.28 2011.22 
36835.8 5346.83 2954.57 508.28 0 1708.6 2168.19 
35657.1 5372.21 3097.01 509.007 0 1751.81 2327.32 
32332.8 5288.83 3838.08 507.577 0 2036.85 2601.19 
30419.3 5442.4 4303.85 507.206 0 2345.63 2771.7 
28698.3 5437.41 4523.2 508.099 0 2456 2872.66 
26531.7 5608 5072.62 509.417 0 2597.27 3232.16 
24723.5 5692.05 5362.15 511.726 0 2782.65 3523.87 
23359.5 5867.33 5754.12 509.006 0 2872.99 3624.47 
22282.2 6065.42 5909.17 505.984 0 2852.81 3667.39 
20035.6 6196.96 6186.41 511.886 0 3128.84 3968.64 
19347 6383.92 6244.88 507.045 0 3186.44 3964.96 
18786.7 6616.16 6362.37 506.468 0 3336.06 4034.69 
18205.2 6725.52 6515.75 507.848 0 3454.8 4118.41 
18015.5 6926.44 6641.79 509.531 0 3518.31 4207.98 
17962.1 6966.41 6770.16 509.774 0 3566.36 4335.2 
17633.3 6981.37 6821.63 509.571 0 3843.31 4527.86 
17811.8 7044.24 6824.16 510.8 0 3943.88 4581.72 
17993.9 7056.19 6919.86 511.507 0 3956.89 4759.74 
18168.2 6946.24 6950.45 510.132 0 3928.1 4804.12 
18424.3 6910.9 7009.55 508.834 0 3904.67 4966.88 
18545.1 6963.87 7076.94 507.203 0 3933.94 5013.17 
18686.8 6798.43 7124.4 507.915 0 3972.12 5026.93 
19025.1 6704.18 7199.67 511.904 0 3914.72 5225.19 
18907.9 6696.23 7288.27 509.805 0 3988.45 5358.82 
19037.5 6602.6 7344.65 510.56 0 4034.75 5431.44 
19122.4 6628.22 7346.58 513.537 0 4011.96 5403.76 
19028.7 5507.67 7380.87 512.116 0 3921.43 5434.21 
18972.3 5430.09 7453.59 514.284 0 3892.55 5440.63 
16930.8 5102.48 7468.67 505.526 0 3924.69 5394.64 
15333 3369.98 7424.73 505.709 0 3859.91 5297.6 
15125.7 3331.8 7291.87 504.009 0 3797.24 5254.37 
12823.6 3046.4 7415.71 516.16 0 4081.85 5380.19 
12101.4 2927.96 7543.35 520.835 0 4204.4 5301.71 
11918.2 2774.92 7601.14 519.203 0 4320.04 5420.9 
11555.5 2727.28 7634.33 511.202 0 4345.46 5589.13 
10817.1 2408.53 7485.57 518.805 0 4326.44 5630.46 
10187.2 2314.32 7862.89 512.799 0 4597.8 5892.18 
9875.92 2214.77 8036.67 511.885 0 4677.7 6137.37 
9418.45 2072.96 8011.68 514.269 0 4746.97 6029.59 
9142.29 1991.1 8032.07 510.362 0 4826.86 5883.78 
9108.65 1997.16 7975.26 511.855 0 4970.38 5918.48 
7481.71 1909.86 8432.18 499.034 0 5123.91 6183.71 
7297.66 1925.13 8497.54 506.043 0 5302.52 6269.58 
6977.32 1923.37 8618.94 507.597 0 5367.75 6416.73 
6722.89 1948.57 8767.92 532.631 0 5438.36 6581.56 
6562.39 1951.05 8760.28 492.348 0 5474.91 6687.61 
6553.15 1950.71 8818.7 494.081 0 5484.49 6684.38 
6197.52 1955.2 8993.56 527.845 0 5582.64 6670.5 
5811.06 1952.96 9187.43 489.042 0 5658.16 6934.61 
5723.84 1961.63 9462.8 495.394 0 5721.03 7091 
5693.77 2020.04 9281.83 494.867 0 5614.96 7136.46 
5711.54 2028.34 9213.44 510.495 0 5567.42 7185.72 
5555.68 2031.17 9147.02 511.6 0 5553.4 7318.79 
5504.98 2009.12 9680.78 518.044 0 6730.27 7155.49 
5453.72 2004.69 9541.61 515.313 0 6709.65 7229.58 
5410.65 2040.7 9644.61 515.064 0 6150.11 7633.94 
5322 2084.77 9699.25 520.231 0 6231.08 7846.94 
5321.77 2056.89 10258.4 523.194 0 6157.94 8213.95 
5312.96 2039.38 10259 535.389 0 6154.83 8219.9 
5258.92 2028.98 10741.5 532.88 0 6419.93 8619.14 
5261.98 2033.14 10973.7 564.285 0 6590.97 8772.22 
5314.48 2057.01 10927.5 522.43 0 6639.81 8780.31 
5307.14 2055.91 11205.6 524.777 0 6723.4 8631.31 
5310.39 2064.94 11256.1 526.656 0 6610.17 8642.46 
5310.18 2067.62 11468.2 526.492 0 6425.15 8383.11 
5321.47 2074.96 11648.5 531.536 0 6372.13 8236.01 
5315.68 2071.75 11627.4 539.363 0 6503.26 8351.62 
5334.54 2066.23 11480.5 547.342 0 6573.45 8301.06 
5321.46 2069.26 11385.1 548.027 0 6439.23 8204.95 
5310.91 2079.18 11712.4 546.583 0 5980.72 8116 
5323.08 2076.75 11651 538.9 0 5934.61 8056.07 
5326.92 2075.49 11759.2 531.936 0 5990.69 8033.61 
5325.83 2078.54 11580.6 525.847 0.25 6080.3 8024.28 
5264.71 2148.33 11545.5 530.198 0.25 6043.45 8085.4 
5276.03 2160.03 11577.7 515.6 0.25 6083.6 8019.04 
5272.28 2157.56 11221.7 514.319 0 6088.27 8156.77 
5282.6 2123.71 10346.2 505.773 0 5748.92 8918.84 
5597.7 2123.33 10150.7 507.6 0 5585.9 8928.36 
5604.3 2121.21 10032.5 513.111 0 5639.43 8971.81 
5826.87 2116.23 9813.1 547.576 0 5708.52 8964.82 
5776.05 2115.52 9792.2 512.005 0.25 5839.93 9025.88 
5769.48 2118.27 9880.44 516.214 0.25 5997.13 9028.96 
5802.78 2160.68 9426.62 510.558 0.25 5804.89 8957.54 
5756.82 2151.43 9451.67 498.456 0.25 5984.24 8914.52 
5694.14 2173.01 9313.99 502.318 0.25 5993.29 9004.79 
5598.28 2172.94 9160.54 503.989 0 5706.53 8980.49 
5550.39 2168.78 9201.41 515.532 0 5680.32 8890.97 
5546.25 2172.97 9098.92 509.526 0 5471.4 8785.9 
5583.03 2132.08 9199.07 508.199 0 7160.87 8802.39 
5530.67 2120.8 9053.51 498.699 0 7322.92 8681.9 
5587.18 2151.01 9546.15 497.013 0 7734.69 8225.14 
5540.12 2162.49 9511.23 512.84 0 8009.47 7985.36 
5524.53 2152.45 9496.54 513.966 0 8369.69 7841.55 
5368.49 2153.71 9288.31 499.552 0 8169.47 7710.38 
5384.97 2147.66 9354.96 513.109 0 8183.44 7975.71 
5307.31 2138.2 9093.15 524.327 0 8270.68 7937.32 
5387.41 2111.72 8547.52 520.215 0 7613.7 8575.43 
5381.02 2123.36 8284.02 525.687 0 7400.38 8766.79 
5363.93 2122 8079.88 526.998 0 7067.04 8604.4 
5323.91 2118.39 8111.64 527.284 0 7223.64 8629.11 
5296.44 2111.84 8215.47 527.668 0 7178.82 8604.93 
5298.44 2119.55 8243.5 526.62 0 7181.16 8480.3 
5294.76 2107.26 8425.43 527.875 0 7679.44 8110.41 
5288.98 2090.92 8540.16 525.385 0 7724.61 7909.18 
5295.73 2104.44 8997.03 524.362 0 7972.83 8050.53 
5319.38 2143.49 9464.24 527.184 0 8237.01 8355.28 
5357.5 2256.64 9790.08 527.898 0 8400.99 8517.51 
5359.08 2319.98 9872 522.795 0 8402.63 8596 
5375.63 2295.46 9356.43 496.112 0 9941.91 8198.39 
5368.21 2335.21 9652.75 492.887 0 9834.94 8365.08 
5368.27 2331.31 9937.32 492.266 0 9960.18 8263.93 
5356.1 2197.19 10288.5 492.842 0 10159.5 8516.87 
5348.83 2168.92 10283.6 495.405 0 10140.2 8614.63 
5395.15 2133.58 10176.9 480.693 0 9866.36 8698.16 
5383.47 2092.18 10688 491.377 0 10427.6 8736.61 
5369.6 2095.32 11024.8 495.329 0 10577.5 8803.08 
5369.4 2081.65 11122.1 569.659 0 10784.3 8777.39 
5316.51 2038.07 11498.2 495.121 0 11265 9219.04 
5313.64 2038.73 11667.9 480.556 0 11566.3 9155.07 
5190.38 2163.66 10914.1 481.523 0 11184.5 9625.72 
5202.85 2166.01 10549.1 482.939 0 11015.2 9527.55 
5201.49 2166.88 10350.5 493.614 0 11030.5 9452.25 
5197.09 2166.38 10428.5 525.769 0 11152.1 9445.21 
5200.06 2170.49 10507.7 528.325 0 11146.7 9315.61 
5197.15 2161.48 10493.4 526.61 0 11171 9152.6 
5096.49 2209.51 9497.19 523.75 0 10306.4 9278.34 
5104.43 2208.35 9107.01 530.821 0 9928.66 9324.72 
5109.08 2210.93 9015.48 536.922 0 9908.53 9315.99 
5110.77 2209.26 8764.84 530.654 0 9857.91 9378.54 
5115.08 2210.73 8712.81 524.455 0 9940.81 9540.11 
5097.52 2208.53 8799.5 517.869 0 10021.9 9929.01 
5089.74 2224.37 8580.98 516.257 0 9999.98 10210.7 
5153.8 2276.84 8048.09 521.268 0 9471.87 10509.6 
5149.77 2294.57 8074 519.486 0 9298.09 10510.3 
5129.54 2292.86 7966.63 530.437 0 9257.34 10663.1 
5124.48 2264.03 7854.83 524.563 0 9069.73 10686.9 
5128.99 2331.24 7925.98 519.171 0 9115.65 10682.6 
5128.65 2355.69 7990.27 523.592 0 9183.52 10687.3 
5118.73 2339.94 7668.99 519.367 0 8911.46 10846.8 
5109.71 2319.99 7715.13 517.235 0 8867.21 10873.4 
5106.68 2330.54 7713.94 530.311 0 8657.94 10752.8 
5146.44 2255.94 7335.77 533.279 0 8202.61 10794.7 
4767.96 2365.84 7342.77 531.419 0 8435.58 10640.3 
4769.9 2362.3 7284.68 521.056 0 8379.72 10724.1 
4767.55 2358.22 7369.44 515.108 0 8476.83 10822.3 
4758.37 2349.8 7592.46 517.675 0 8647.71 11136.8 
4805.09 2384.83 7517.21 514.82 0 9219.45 9670.22 
4825.31 2362.21 7712.24 531.456 0 9446.35 9556.8 
4585.38 2395.84 7768.75 521.196 0 9231.88 9581.99 
4557.19 2391.07 8021.3 508.179 0 9697.75 9679.28 
4552.9 2390.08 7950.53 505.2 0 9526.91 9727.46 
4535.87 2390.22 7945.51 503.971 0 9182.71 9786.77 
4537.49 2392.57 7832.43 509.802 0 9044.43 9700.1 
4544.21 2397.09 6511.27 506.405 0 8558.48 10241.7 
4385.51 2418.85 6188.6 498.597 0 8440.4 10249.1 
4373.7 2420.27 6395.94 502.453 0 8361.95 10050 
4381.59 2427.85 6491.89 491.609 0 8382.27 9921.16 
4385.79 2443.88 6564.21 530.901 0 8471.38 9819.44 
4388.18 2466.95 6577.77 516.013 0 8903.39 9240.37 
4391.61 2497.92 6589.68 509.873 0 8575.18 8879.6 
4550.66 2519.98 6579.06 511.763 0 8606.17 8565.44 
4573.49 2564.97 6588.4 502.236 0 8702.56 8400.37 
4570.43 2555 6421.76 501.092 0 8667.45 8216.2 
4574 2553.01 6540.07 522.893 0 8507.37 8244.64 
4567.1 2571.58 6410.67 520.096 0 8402.93 8559.51 
4574.43 2513.67 6428.31 519.427 0 8383.15 8774.75 
4508.06 2412.79 8589.36 518.941 0 9103.61 9464.02 
4540.5 2430.56 8731.57 518.85 0 9324.4 9472.98 
4557.51 2521.94 9898.04 525 0 10696.9 8675.04 
4567.33 2513.13 9598.14 523.036 0 10637 8403.22 
4590.83 2511.87 9495.78 524.066 0 10375 8258 
4613.8 2508.1 9422.79 515.194 0 10522 8082.22 
4607.84 2546.9 9479.43 508.398 0.25 10993.7 8033.8 
4597.24 2572.23 9006.77 508.899 0.25 11321.4 8307.97 
4594.89 2568.18 8921.42 508.503 0.25 11158.5 8347.39 
4601 2568.16 8822.4 549.9 0 10990 8347.91 
4576.1 2554.92 8626.02 525.88 0 10753.9 8175.99 
4514.24 2480.95 8355.82 512.528 0 10350.3 8078.15 
4534.77 2467.65 8082.17 501.943 0.25 10062.3 7859.78 
4497.14 2465.54 8093.69 497.712 0.25 10139.6 7673.14 
4494.25 2473.82 8106.82 498.937 0.25 10089.2 7646.68 
4510.27 2514.56 7957.61 499.814 0.25 10101.5 7552.23 
4537.09 2514.02 7957.27 504.645 0.25 10036.2 7398.34 
4707.52 2587.79 7982.54 507.01 0 10073.2 7435.71 
4727.07 2565.03 7825.33 531.2 0 9907.64 7542.48 
4742.5 2591.53 7672.68 527.169 0 9652.8 7672.37 
4737.78 2606.8 7629.63 523.596 0 9560.05 7717.12 
4748.51 2540.25 7815.45 522.386 0 9556.03 7813.79 
13774.9 2595.09 7414.93 518.465 0 6339.94 7386.23 
13674.1 2436.85 7509.5 521.695 0 6542.92 7768.55 
13683.1 2441.49 7524.47 522.683 0 6781.88 7793.45 
13639.8 2438.06 7529.46 522.612 0 6663.44 7786.66 
13703.7 2426.3 7603.23 520.58 0 6658.7 7856.1 
13622.7 2413.94 7769.76 521.031 0 6472.13 7988.26 
13618.4 2311.5 7815.56 519.862 0 6592.67 7702.43 
13433.4 2304.4 7819.15 517.763 0 6844.74 7884.62 
13380 2298.32 7903.61 511.339 0 7104.1 7835.7 
13307.9 2253.96 9561.61 524.549 0 8069.82 8131.96 
13339.9 2268.4 9611.5 522.665 0 8364.66 7839.64 
13302.4 2274.81 9508.76 517.539 0 8340.52 7829.32 
13194.5 2157.15 9350 517.518 0 8198.83 7401.89 
13253.1 2168.61 9295.8 519.944 0 8301.49 7402.33 
13169.7 2166.22 9220.33 515.274 0 8197.29 7313.36 
13157 2169.36 9249.9 507.533 0 8043.87 7293.87 
13068 2176.27 9181.22 507.95 0 8013.77 7085.91 
12990.3 2136.1 8792.7 529.141 0 7216.25 8076.88 
12907.7 2167.22 8727.87 526.107 0 7016.66 8066.58 
12893.9 2232.74 8772.74 514.614 0 7083.18 7934.55 
12934 2328.67 8854.23 513.777 0 7365.02 7552.09 
12923.9 2237.06 8885.2 512.638 0 7444.5 7514.53 
12970 2160.39 8948.53 508.454 0 7600.69 7518.65 
12912.1 2131.11 8681.18 540.558 0 7639.12 7690.54 
13014 1851.18 8468.41 545.14 0 7503.81 7719.32 
13115.1 1825.75 9044.25 542.761 0 7392.49 8158.45 
13147.2 1794.85 9056.53 543.842 0 7363 8168.77 
13110.8 1810.01 8945.3 541.586 0 7385.3 8019.02 
13036.4 1812.15 8873.71 540.283 0 6936.54 7920 
13048.4 1813.28 8805.48 539.459 0 6676.09 7785.61 
13064.1 1842.14 8520.56 542.847 0 6901.93 7622.42 
13048.3 1797.96 8941.56 546.963 0 7249.85 7880.27 
13011.9 1807.87 9013.57 544.179 0 7194.49 8946.42 
13026.2 1835.87 9016.76 552.365 0 7046.33 8827.45 
12958.8 1823.43 9086.79 557.799 0 7295.95 8792.29 
12431.6 922.313 9146.92 555.441 0 7433.86 7992.3 
12296.9 908.936 9458.57 555.559 0 7598.49 7881.89 
12194.1 865.47 9400.25 556.009 0 7676.85 7857.46 
12075.7 863.973 9275.11 550.347 0 7470.51 7996.48 
12054.5 859.293 9322.21 549.495 0 7429.98 8047.35 
11965.8 923.655 9217.58 548.223 0 7775.92 7977.83 
11686.3 877.741 9494.74 544.338 0 8116.45 8078.32 
11744.5 859.521 9494.79 542.657 0 8128.7 8258.83 
11767.6 832.092 9465.89 542.043 0 8073.94 8277.72 
11707.7 852.903 9470.59 540.665 0 8035.25 8235.43 
11663 849.615 9241.27 539.235 0 7494.94 8204.1 
11685.1 1190.11 8990.86 541.925 0 7293.56 8111.41 
11473.9 1175.34 8731.89 541.131 0 7068.08 8259.22 
11437.2 1178.94 8638.97 543.248 0 7189.65 8318.87 
11478.8 1185.2 8815.34 546.354 0 7264.73 8266.62 
11406.2 1173.35 6558.58 544.233 0 6431.34 8181.74 
11403.8 1163.36 6486.88 537.756 0 6474.25 8105.99 
11441.4 1211.35 6499.21 537.997 0 6674.47 8093.97 
11408.8 1189.78 6839.16 540.844 0 6942.65 8031.18 
11458.8 1192.96 6761.82 536.513 0 6843.52 8096.18 
11433 1190.81 6758.39 540.555 0 6833.33 8087.11 
11372.7 1132.79 6997.88 537.25 0 6138.18 8192.2 
11380.2 1168.43 6841.92 537.152 0 6525.21 7930 
11374.6 1177.97 6830.47 538.244 0 6451.08 8111.55 
10079.2 1040.18 6959.14 542.735 0 6321.1 8481.38 
10012 996.965 7105.82 543.268 0 6094.34 8463.1 
10009.6 1038.26 7064.31 544.918 0 5918.3 8437.34 
9901.49 1100.12 7042.14 544.576 0 5966.65 8496.13 
9889.89 994.926 6990.49 539.301 0 5951.08 8430.25 
10223.5 950.835 7244.44 539.458 0 6073.35 8484.72 
10175.1 962.82 7296.04 538.355 0 6281.62 8469.03 
10167.6 992.043 8022.63 541.761 0 6882.91 7690.7 
10190.8 967.317 7859.14 539.974 0 6717.47 7642.85 
10122.1 975.394 7810.56 540.521 0 6758.42 7563.43 
10083.2 952.815 7840.07 540.769 0 7007.78 8022.86 
10085.9 842.875 7930.83 540.816 0 7319.22 8374.18 
10065.7 815.757 8491.26 532.697 0 7449.38 8322.77 
10082.7 822.256 8391.23 532.083 0 7329.13 8296.38 
10080.4 825.259 8330.49 531.863 0 7097.61 8488.88 
9948.48 825.057 8289.8 532.909 0 6998.52 8598.27 
9947.45 811.697 8289.39 533.451 0 6784.13 8363.44 
9494.9 791.818 8235.99 534.081 0 6181.33 8497.81 
9436.76 777.427 8280 532.45 0 6205.97 8376.36 
9447.21 753.928 8299.82 527.913 0 6157.95 8290.01 
9462.48 794.514 8243.51 530.278 0 5992.74 8290.63 
9470.56 817.044 8327.34 529.722 0 6163.9 8268.4 
9501.68 801.333 8337.36 530.802 0 6197.23 8233.05 
9249.23 992.076 8684.72 535.961 0 6589.63 8145.26 
9202.55 977.384 8698.55 536.783 0 6810.12 8252.45 
9191.67 908.42 8738.72 535.81 0 6969.64 8353.12 
9231.22 639.655 8552.83 538.473 0 7179.95 8650.67 
9176 585.456 8504.36 538.426 0 7165.72 8622.23 
9190.86 591.379 9198.62 546.685 0 8795.29 8190.92 
9186.36 541.261 9256.7 548.489 0 8990.67 8168.29 
9202.16 549.509 9365.85 549.222 0 8731.48 8120.96 
9289.51 555.633 9508.67 548.015 0 8854.97 8004.51 
9290.02 545.992 9464.36 548.849 0 8879.08 8111.97 
9268.17 523.945 9250.47 545.732 0 9206.67 7991 
8767.45 378.486 9455.56 551.605 0 9191.06 8022.77 
8757.95 384.929 9433.63 551.383 0 9032.33 8090.23 
1183.9 311.129 10073.9 550.56 0 10710.9 8273.17 
1195.21 317.32 10480.8 554.737 0 11175.2 8001.74 
1213.69 304.012 10684.6 551.499 0 11232 7907.99 
1201.93 301.794 10664 550.832 0 10984.8 7809.76 
1136.97 249.688 10803.9 548.054 0 11349.1 7939.16 
1142.8 242.511 10758.7 548.982 0 11764.9 7824.82 
1140.35 248.198 10841.1 545.227 0 11920.1 7898.22 
1148.26 242.859 11262 546.326 0 12568.6 7841.52 
1151.91 234.481 11239.4 550.74 0 12796 7948.68 
1157.95 221.211 11251.7 542.345 0 12903.8 8054.1 
885.039 213.157 14279.6 547.019 0 14511.2 8048.61 
874.384 209.297 14251.2 548.674 0 14417.7 7835 
888.593 206.528 14296.4 553.558 0 14271.5 7813.85 
899.606 201.182 14232.6 549.708 0 13743.5 7858.43 
895.011 194.899 13967.7 552.728 0 13606.2 7833.87 
893.264 194.984 13953.1 544.252 0 13603.9 7794.16 
683.365 185.497 13935.1 543.844 0 13634 7902.74 
675.838 188.266 13590.2 546.909 0 13390.7 7911.73 
685.597 188.432 13570.4 545.458 0 13355.6 7950.35 
665.849 173.976 13414.9 539.681 0 13465.8 8804.82 
662.459 188.009 13323.9 539.467 0 13595.5 8834.41 
570.85 176.372 13413.1 538.01 0 13631.6 8807.72 
569.989 196.256 13362.2 538.039 0 13620.3 8663.69 
568.844 170.483 13323.7 537.447 0 13629.9 8624.65 
568.155 166.677 13297.1 536.992 0 13345.4 8644.71 
569.994 170.76 13120.2 535.868 0 13241.2 8714.63 
569.711 161.937 13151.1 537.388 0 13453.3 8737.56 
547.587 161.079 13048.1 538.49 0 13200.5 8608.74 
559.454 166.892 13226.6 533.514 0 13322 8682.88 
567.457 160.018 13223.6 533.119 0 13303.7 8483.11 
552.196 159.137 13345.3 535.552 0 13654.4 8321.89 
531.207 153.577 13331.7 532.168 0 13943.3 8352.61 
576.498 164.829 12554.5 533.079 0 13810 9237.57 
155.995 159.654 13126.7 535.515 0 13615.4 9403.27 
170.211 158.934 13217.8 535.071 0 13444.9 9290.71 
157.742 167.786 13254.5 532.91 0 13598.7 9228.59 
114.425 166.705 13071.8 533.412 0 13989.2 9151.33 
111.26 174.104 13101.5 530.957 0 14148.3 9038.42 
125.611 175.821 13044.3 529.598 0 13777.2 9248.31 
124.455 179.27 12823.9 531.742 0 13550.4 9335.7 
102.124 161.909 12503.7 532.687 0 12779.2 9171.34 
107.7 158.818 12534.2 535.03 0 12601.4 9132.59 
97.7752 161.542 12570.8 535.75 0 12673.1 9116.95 
84.1949 165.303 12306.4 537.354 0 12305 9221.16 
90.1179 161.101 12422.1 535.329 0 12497.4 9274.84 
58.496 141.702 13852.5 534.291 0 12263.1 9413.22 
57.9716 149.737 13869.6 534.622 0 12188.9 9332.22 
53.0226 134.374 13586.4 537.236 0 11993.4 9936.59 
54.8019 141.006 13595.4 538.112 0 12022.6 9915.13 
67.621 137.394 13606 540.58 0 12178.2 10022.8 
75.4888 152.689 13719.5 538.618 0 12280.4 10033.3 
83.1569 136.101 13766.5 536.697 0 12000.8 9825.08 
71.3092 150.206 13656.4 537.472 0 11816.3 9804.92 
79.6603 151.143 13717.6 539.476 0 11880.6 9808.95 
61.3126 145.67 13435 536.297 0 11479.3 9664.64 
57.1943 155.49 13402.6 538.549 0 11819.8 9711.91 
70.6735 204.324 13549.5 538.766 0 12188.1 9614.23 
66.2449 237.116 13543.7 541.978 0 11969.2 9547.26 
93.1988 233.526 13564.8 542.802 0 12221.1 9563.27 
74.5457 167.297 15159.4 542.422 0 11977.6 9906.47 
72.1579 165.296 15159.7 541.084 0 12088.6 9912.39 
62.0182 168.909 15334.3 540.379 0 12410.9 9827.55 
62.6349 160.936 15437.8 541.467 0 12453.6 9784.05 
58.3148 183.11 15341.7 541.955 0 12417.7 9629.85 
68.2998 193.437 15328.6 541.956 0 12466.6 9737.99 
58.6604 214.375 15415.2 538.82 0 12587.9 9624.91 
73.4937 207.614 15411.2 540.423 0 12535.2 9281.69 
241.682 209.489 15346.1 544.897 0 12345.1 9116.56 
330.938 147.44 14454.6 550.563 0 11598.9 10054 
374.001 141.746 14416.6 548.178 0 11455.4 10036.6 
235.636 141.085 14388.6 544.376 0 11632.7 9963.35 
180.494 167.832 14509.5 548.836 0 11694.1 10084.8 
207.722 167.158 14376.1 553.199 0 11382.4 10139.4 
176.767 175.521 14345 553.601 0 11326.5 10226.1 
163.53 189.425 14483.1 550.061 0 11322.5 10456.8 
136.286 317.908 14399.1 544.869 0 11251.5 10518 
130.757 380.168 14389.2 541.642 0 11226.8 10570.4 
122.587 453.274 14326.7 541.489 0 11164 10591.2 
70.051 267.224 17001.5 544.067 0 11223.3 11566.2 
43.1229 228.929 17032.4 543.236 0 11139 11451.4 
47.652 181.726 16984.7 547.147 0 11194.5 11407 
51.7379 190.836 17004.1 546.199 0 10951.5 11598.4 
31.1268 217.834 17065.6 541.073 0 11049.9 11630.3 
38.385 186.211 17165 547.142 0 10901.7 11692.1 
35.1453 132.603 17115.1 546.318 0 10816.6 11680.6 
23.3539 112.975 17242 544.452 0 10921.7 11804.8 
18.6823 116.088 17109.9 548.589 0 11031.6 11750.1 
17.5773 105.851 17107.6 548.609 0 11207.1 11774.1 
20.9666 111.532 17156.6 548.062 0 11471 11695.6 
29.9532 113.445 17392.4 543.45 0 11880.6 11627.3 
26.9919 109.802 17531 543.061 0 12095.4 11513.2 
22.5369 109.637 17532.7 544.633 0 12168 11473.2 
35.0221 110.47 17503.8 543.888 0 11969.4 11237.8 
36.5624 108.038 17300.8 545.144 0 11891.5 11281.8 
30.5153 99.2247 17359 545.161 0 11503.9 11156.1 
21.7686 98.3948 17433 549.713 0 11242.9 11141.6 
29.8333 104.73 17556.9 548.576 0 11312.6 11045.5 
32.2588 107.243 17464.9 549.212 0 11441.3 11044.3 
66.0045 98.2826 17550.3 546.63 0 11336.5 11043.5 
51.5885 121.122 17476.3 546.373 0 11536.1 11112.7 
23.9531 175.137 17515 547.491 0 11450.1 11050.4 
37.7395 172.588 17484.4 546.451 0 11841.9 11072.5 
51.7818 137.288 17489.3 549.116 0 11686.8 11078.4 
39.6224 161.706 17169.9 546.692 0 11562.1 11032.2 
45.1991 161.444 17056.8 538.266 0 10893.8 11364 
59.0239 161.237 16836.6 538.795 0 10233 11375 
52.5292 124.778 16897 548.181 0 10223.7 11297.4 
47.4333 118.81 16584.3 544.914 0 9880.5 11430.7 
74.8961 121.874 16674.3 545.642 0 10570.8 11511.2 
69.7207 128.954 16758 546.643 0 10561.7 11488.6 
71.5966 129.412 16673.4 544.972 0 10370.2 11582.7 
80.012 135.164 16517 545.367 0 10171.8 11607.1 
85.1877 128.329 15967.2 542.035 0 9908.2 11526.7 
77.851 132.155 15457.7 468.085 0.25 9823.57 11353.8 
73.4914 123.048 14491.6 480.596 0.25 9980.33 12138.7 
69.6992 117.07 14524.4 478.404 0.25 9923.13 12159.9 
66.3743 95.3989 13629.7 462.759 0.25 10056.7 11866.5 
61.4706 72.1332 13866.8 455.448 0.25 10356 12197.7 
57.2323 71.1719 14314.1 468.56 0.25 11017.7 12117.8 
34.9328 68.2207 14080.7 538.667 0 9404.61 11441.7 
23.3875 60.1921 13922.2 546.085 0 9180.73 11530.6 
21.5321 59.6659 14581.4 479.59 0.25 10013 12295.3 
29.211 48.4712 15247.7 483.43 0 10649.7 12832.9 
30.8916 48.4646 13938.9 462.245 0.25 9788.26 12563.5 
27.6228 52.5052 13381 449.744 0.25 9290.46 12424.8 
33.3747 50.5637 12737.7 402.096 0.5 9536.43 12245.5 
36.5276 44.4578 11925.2 408.076 0.5 9800.57 13022 
35.2954 86.4995 11949.3 464.372 0.25 9716.05 12881.5 
31.752 47.6902 11532.7 482.358 0.25 8315.11 12742.4 
31.5505 41.9124 11629.1 495.016 0.25 8461.8 12215.8 
35.0344 46.4459 11105.1 570.509 0 6725.74 11437.9 
35.4998 48.1902 11133.2 571.22 0 6829.43 11118.9 
34.1079 53.5502 11053.2 474.068 0.25 7390.6 11008.7 
34.5595 54.4048 10854.7 425.766 0.5 7582.66 10305 
169.399 94.5596 11176.3 343.803 0.75 9466.07 11659.9 
147.223 86.5303 11054.8 325.781 0.75 10352.9 11408.5 
143.305 103.057 11289.9 363.996 0.5 9082.2 10801.1 
1970.6 278.377 10950.6 416.224 0.5 8575.11 10444.6 
2124.51 269.534 10728 419.752 0.5 8446.96 10574.4 
2274.8 248.782 10811.8 464.773 0.25 8128.44 9770.93 
2804.8 310.874 10873 402.842 0.5 8416.38 9399.9 
2825.23 315.59 11093.5 357.552 0.5 8792.94 9664.7 
3836.3 334.902 11405.1 351.621 0.5 9569.02 10355 
4250.06 326.517 11236.2 321.342 0.75 9481.09 8902.71 
5915.4 496.949 10992.1 345.943 0.75 9121.54 8722.42 
6332.41 498.172 10994.7 365.052 0.5 8953.98 8145.26 
6376.8 526.109 11009.7 387.311 0.5 8404.75 7991.67 
6282.21 584.507 11144.3 391.49 0.5 8841.85 7996.34 
6135.51 484.602 11104.3 419.342 0.5 8859.78 8485.97 
5704.99 500.788 11164.7 502.363 0.5 8987.42 8122.81 
4961.34 523.254 11122.9 345.177 0.75 8761.98 7751.04 
4814.51 531.07 11135.7 343.217 0.75 8536.58 7804.09 
4845.43 511.154 10890.9 338.318 0.75 8281.75 7850.41 
4043.14 1215.47 10607.5 318.716 0.75 7661.49 8001.27 
5342.18 5637.24 10392.7 311.918 0.75 7576.27 7816.87 
5016.48 5677.63 10344.9 313.908 0.75 7296.09 7747.84 
5690 5581.08 10385.1 315.08 0.75 7307.62 7792.82 
6065.12 5648.86 9773.11 314.665 0.75 7247.16 7479.79 
6136.58 5655.5 9239.83 264.994 1 7390.52 7300.5 
6002.88 5676.95 8514.03 275.411 1 7681.1 7892.57 
6320.35 5720.55 7766.94 269.347 1 7392.43 7117.15 
6355.2 5756.21 8027.11 270.463 1 7262.69 7198.92 
6721.11 5786.72 8130.13 270.95 1 7212.31 7143.33 
6571.26 5818.07 8937.56 276.743 1 7641.32 7432.08 
6646.02 5836.37 9025.4 278.998 1 7819.43 7362.45 
6090.55 5871.52 8880.59 351.365 0.75 6248.83 7034.85 
5552.01 5862.62 9147.91 308.145 0.75 6379.21 7391.38 
5571.3 5902.77 9135.67 308.145 0.75 6199.19 7343.05 
5464.75 5958.12 9120.17 302.162 0.75 6250.38 7511.35 
5261.61 6004.77 9660.93 288.161 1 7192.69 8401.38 
5137.43 5991.16 8154.38 269.637 1 6291.04 7454.13 
5005.06 6017.99 8050.91 258.91 1 6532.74 7194.61 
4618.99 6038.52 7836.33 258.22 1 6557.56 7346.31 
4378.31 6208.26 6015.26 289.41 1 5559.88 7495.48 
4121.99 6242.37 6027.92 286.99 1 5554.21 7641.82 
4113.59 6246.58 6010.03 295.28 1 5516.37 7827.81 
3862.31 6228.88 5981.84 326.087 0.75 4747.63 7453.23 
3805.04 6175.61 5965.88 362.516 0.75 4474.15 7606.39 
5260.46 6166.54 6051.29 365.554 0.75 4432.03 7884.49 
5736.5 6128.08 5898.93 440.136 0.75 4431.65 7457.71 
6857.57 6545.38 5826.54 441.624 0.75 4685.94 7450.5 
8640.29 6430.8 5901.12 442.61 0.75 4894.64 7478.63 
10143.8 6304.5 6697.89 285.624 1 5171.84 7185.55 
10148.3 6308.16 6817.37 272.424 1 5449.02 7154.27 
13465 6116.06 7350.12 326.206 0.75 7525.73 8489.23 
14154.3 6143.61 7066.83 308.184 1 7150.42 8541.75 
12577.6 6183.58 7423.55 307.45 1 7472.45 8735.26 
11954.4 6128.67 7415.25 305.6 1 7695.93 8627.04 
11619.9 6154.86 7439.97 299.946 1 7672.67 8613.01 
9426.2 6081.19 7422.01 290.305 1 7770.49 9016.95 
8970.22 6208.06 6738.22 289.641 1 8055.59 8985.52 
7926.18 6201.27 6616.17 294.769 1 8215.83 8853.83 
8145.27 6176.64 6645.12 293.918 1 8240.05 9050.82 
8336.2 6207 6719.48 305.464 1 8476.6 8969.95 
7808.95 6227 6707.64 310.216 1 8282.61 8643.37 
7791.36 6328.23 6738.64 313.957 1 7987.24 8719.07 
7489.03 6332.13 6670.15 320.653 1 7907.45 8573.15 
7368.63 6383.75 6636.49 314.107 1 7683.87 8159.3 
7341.16 6367.64 6585.56 317.834 1 7626.62 8050.69 
7257.62 6347.57 6449.49 322.91 1 7203.9 7707.47 
7276.15 6338.89 6410.8 318.629 1 7138.21 7616.2 
7170.52 6356.74 6393.62 330.867 1 7193.2 7495.26 
7165.62 6316.71 6490.95 337.316 1 7545.85 7626.36 
7301.4 6394.35 6431.4 339.693 0.75 7595.94 7650.01 
7132.97 6393.12 6462.94 333.625 0.75 7421.76 7666.45 
6968.8 6467.66 6582.23 331.028 0.75 7109.96 7763.16 
6565.46 6523.9 6521.63 332.915 0.75 7177.1 7643.74 
6104.88 6535.62 6555.86 332.882 0.75 7188.59 7639.55 
6113.95 6489.84 6574.89 330.102 0.75 6893.73 7471.95 
6095.61 6498.38 6601.46 320.988 0.75 6787.72 7235.16 
4909.17 6530.04 6569.59 310.922 0.75 6776.88 7300.64 
4760.75 6471.57 6499.89 308.622 0.75 6583.78 7010.41 
4434.74 6489.17 6500.46 308.959 0.75 6933.09 7075.54 
4449.83 6389.11 6503.18 312.995 0.75 6946.01 7067.25 
4536.88 6295.83 6556.22 312.591 0.75 7008.97 7129.33 
4016.52 6276.26 6659.48 318.089 0.75 7204.19 7070.86 
4268.6 6148.16 6655.62 315.999 0.75 7340.75 7064.39 
4078.52 6133.39 6565.45 316.366 0.75 7504.71 7166.24 
4002.54 6108.88 6672.46 321.173 0.75 7754.7 7129.99 
4947.82 5770.71 6487.73 319.407 0.75 7818.94 7158.01 
5836.96 5552.94 6138.16 269.42 1 7657.99 6991.66 
6946.89 5136.89 6090.04 277.758 1 7437.62 7241.11 
7458.79 4990.66 6068.06 278.653 1 7182.56 7221.74 
9351.46 3757.6 6006.69 278.375 1 7242.89 7330.51 
9153.66 3454.38 6008.97 277.326 1 7225.97 7387.41 
8699.49 2907.02 5583.09 278.061 1 7217.06 7243.64 
8700.38 2543.76 5914.48 267.426 1 7320.07 7295.09 
8702.25 2389.7 6130.55 271.442 1 7451.91 8004.7 
8328.72 1561.52 6404.97 341.282 0.75 7511.01 6913.01 
8331.82 1478.53 6617.69 341.11 0.75 7642.13 7040.33 
10885.6 1116.67 7083.43 341.051 0.75 7927.62 7031.27 
12608.6 1071.2 7836.34 273.01 1 8582.02 7399.28 
14464.1 1132.99 8058.85 279.913 1 8256.04 7524.33 
14131.7 1215.48 7904.79 279.154 1 8085.96 7506.65 
12825.4 1253.92 6719.3 267.928 1 7472.96 6537.93 
12971.3 1218.08 6484.49 258.536 1 7545.59 6366.27 
9117.81 3608.93 6387.99 260.072 1 7437.43 6429 
6841.39 4707.55 6348.43 263.97 1 7553.05 6519.36 
6260.41 4686 6066.82 291.373 0.75 6813.15 5888.8 
6083.13 4676.63 6113.65 319.2 0.75 6907.36 5838.62 
5788.61 4615.82 6159.83 347.367 0.75 7147.13 6007.47 
5768.34 4722.81 6142.99 360.458 0.75 7345.23 6029.57 
5790.24 4816.36 6433.94 371.819 0.75 7495.82 5923.75 
7676.08 4801.6 5857.61 362.621 0.75 6885.54 5559.53 
7457.58 4823.44 5874 361.005 0.75 6895.94 5683.23 
8557.86 4869.46 5671.12 334.954 0.75 5646.06 5604.82 
8870.27 4899.89 5736.93 299.058 1 5424.94 5587.35 
8736.09 5827.24 5896.39 286.519 1 5275.61 5594.87 
9249.4 6240.21 6056.95 291.479 1 5385.81 5781.73 
9047.98 6299.49 6293.19 303.045 1 5224.56 5982.53 
9152.17 6306.99 6222.04 310.907 1 5346.14 5919.32 
11861 8553.35 6203.81 288.951 1 5236.64 6113.95 
11906.3 8645.47 6398.08 282.074 1 5326.42 6043.06 
11863.8 8749.65 6316.18 283.563 1 5318.85 6288.41 
12032.6 8911.38 6367.74 284.129 1 5371.94 6297.82 
11965.8 8981.47 6402.15 284.448 1 5466.46 6466.06 
11871.1 8919.99 6393.6 287.749 1 5436.32 6476.54 
11814.7 8789.94 6234 283.342 1 5255.5 6424.26 
11608.1 8733.01 6122.52 287.874 1 4936.07 6414.66 
11857 8788.7 5964.44 280.301 1 4926.83 6418.06 
11789.2 8677.31 5983.52 271.736 1 4832.21 6362.26 
12330.3 8967.41 5898.67 269.461 1 4613.94 6207.24 
12316.3 9116.69 5899.45 267.951 1 4560.86 6231.36 
12879.7 9357.61 5768.2 262.179 1 4654.76 6079 
12986.4 9764.65 5740.61 255.934 1 4586.32 5812.79 
12931.8 10128.9 5791.27 254.712 1 4758.33 5650.67 
12809.1 10153.2 5723.79 255.173 1 4732.31 5663.73 
12726.7 11003.3 5541.81 258.258 1 4691.19 5756.06 
12756.4 11841.7 5472.03 260.863 1 4631.03 5704.15 
12680.3 12169.6 5440.35 269.952 1 4801.09 5825.43 
12721.1 12500.9 5326.04 270.868 1 4911.92 6013.56 
12576.9 12741 5354.03 272.681 1 5007.49 6168.29 
12080 13567.1 5214.33 271.817 1 4907.25 6142.54 
12054.1 14343.4 5110.17 291.564 0.75 5525.91 5853.09 
12019.6 14436.3 5057.62 291.224 0.75 5529.5 5842.56 
11077.6 15172.3 4876.83 298.633 0.75 5682.81 5670.08 
10795.4 16213.8 4822.96 289.083 1 6032.64 5600.6 
10664.1 16386.8 4833.82 275.674 1 6184.25 5708.94 
10485.9 17140.1 4644.79 275.268 1 5989.75 5771.53 
10038.5 17961.8 4631.93 275.526 1 5965.42 5705.1 
9469.04 18789.2 4746.73 281.289 1 5926.92 6105.78 
9388.15 19051.3 5894.74 287.375 1 5902.44 5723.73 
9802.29 19487.4 6078.49 284.389 1 5918.94 5323.43 
9532.23 20362.6 5958.36 285.844 1 5773.33 5314.98 
9770.22 20930.5 6005.44 284.709 1 5768.93 5550.31 
9467.3 20476.1 6008.78 291.218 1 5807.65 5552.19 
9369.08 20255.5 5957.06 296.322 1 5273.37 5332.71 
9119.96 19055.4 6091.22 319.017 1 5266.07 5494.44 
8777.96 18324.5 6108.81 309.823 1 5435.67 5625.7 
8677.67 17739.8 6357.22 302.169 1 5761.67 5673.04 
8779.64 17468.6 6420 300.027 1 5802.14 5716.54 
8516.72 17294.9 6468.48 298.461 1 5855.35 5707 
7948.29 17059.9 6627.96 313.925 1 6177.84 5944.77 
8114.57 16286.4 6668.43 319.612 1 6231.86 5988.76 
7827.93 16030.5 6628.53 326.18 1 6163.28 5990.89 
9449.75 14814.5 6586.96 335.941 1 6130.79 6114.89 
10128.8 14129.4 6592.09 337.455 1 6202.73 6051.41 
11677.2 12032.8 6602.68 339.363 1 6224.06 6062.45 
12045.7 11905.7 6493.46 340.488 1 6311.67 5784.33 
11458.7 10739.8 6649.42 346.307 1 6277.01 5804.81 
10104.5 10289.8 6598.33 349.79 1 6118.21 5813.85 
10202.4 10044.8 6578.05 346.15 0.75 6114.02 5789.77 
10093 9976.86 6581.28 347.198 0.75 6103.19 5755.44 
9475.87 9449.69 6812.44 347.573 0.75 6286.27 6033.1 
8907.37 9392.32 6875.71 350.684 0.75 6502.15 6082.11 
8694.99 8944.8 7052.88 355.009 0.75 6630.92 6182.38 
8448.84 8939.47 7066.57 356.211 0.75 6668.85 6178.38 
7273.6 9031.32 7114.1 356.462 0.75 6504.58 6309.24 
6852.34 8943.11 7109.89 343.726 0.75 6534.55 6359.53 
6513.5 8997.23 7184.59 344.463 0.75 6567.14 6420.03 
6328.95 9023.56 7283.05 357.499 0.5 6559.32 6370.31 
5990.4 8940.88 7441.09 357.496 0.5 6477.23 6541.85 
5967.42 8838.01 7525.36 357.229 0.5 6562.48 6659.44 
6067.78 8832.41 7688.74 346.179 0.5 6949.93 6837.78 
6173.51 8737.58 7780.32 331.563 0.75 7138.26 6942.51 
5785.75 8853.89 7940.62 328.383 0.75 7150.52 7033.4 
5868.92 8773.07 7988.03 333.681 0.75 7256.86 7387.99 
5732.51 8775.48 8118.63 333.196 0.75 7308.05 7506.2 
5146.1 8759.32 8254.59 332.455 0.75 7332.58 7473.39 
4841.04 8705.52 8505.32 335.833 0.5 7179.54 7391.07 
4996.79 8545.6 8742.96 332.998 0.75 7042.04 7322.14 
5177.77 8533.98 8854.7 328.998 0.75 7099.68 7377.47 
5403.68 8503.47 8878.35 307.513 0.75 7078.22 7998.22 
5288.13 8507.18 8657.78 309.727 0.75 6945.21 7971.03 
6006.35 8433.15 7946.68 303.947 0.75 6798.31 7951.39 
6008.41 8609.52 7840 301.611 0.75 6622.07 8061.49 
6114.92 8589.91 7814.4 299.168 1 6646.81 8064.72 
6867.13 8490.88 7787.21 299.542 1 6645.37 8163.68 
7059.25 8532.39 7688.95 297.786 1 6477.64 8298.88 
7221.56 8159.15 7764.6 283.483 1 6581.16 8334.71 
7225.59 8207.59 7796.73 278.463 1 6639.81 8319.42 
7236.68 8259.23 7777.19 281.501 1 6720.99 8312.7 
7425.47 8276.05 7812.79 278.091 1 6728 8377.06 
7353.15 8216.81 7831.59 281.626 1 6695.69 8392.28 
8881.52 7514.66 7933.05 284.502 1 6571.4 8429.48 
10526.6 5934.63 8664.21 299.049 1 7285.38 8367.43 
7647.24 3291.45 8561.5 293.765 1 7167.98 9080.32 
6506.67 2444.62 9162.33 285.332 1 6666.12 9028.9 
6098.46 2379.69 9460.55 293.357 1 5973.7 8935.49 
5165.29 1996.85 10696.1 302.961 1 6670.02 9484.2 
5125.35 2011.68 10715.8 305.866 1 6795.13 9494.98 
4997.99 2004.39 9650.15 312.399 1 6083.58 10368.8 
4923.68 1999.47 9254.04 324.307 1 5965.32 10359.8 
4923.91 1979.62 9256.13 339.159 0.75 5901.8 10197.1 
4790.27 2060.1 9384.55 346.215 0.75 5927.15 10167.9 
4789.67 2066.57 9430.81 358.152 0.75 5977.2 10249.4 
4765.65 2053.65 9502.83 363.333 0.75 5902.66 10134 
4656.97 2067.59 9553.33 365.731 0.75 6000.16 10110.6 
4627.39 2124.75 9589.76 365.837 0.75 5981.68 10031.5 
4578.27 2115.28 9576.14 366.11 0.75 5967.59 9943.66 
4671.95 2110.66 9510.64 360.275 0.75 6021.19 9803 
4496.91 2138.88 9598.58 358.751 0.75 6036.17 9729.33 
4491.48 2156.51 9580.19 357.608 0.75 5983.68 9632.24 
4486.18 2137.81 9669.37 348.936 0.75 6097.42 9511.85 
4578.08 2164.08 9654.75 346.968 0.75 6100.31 9509.21 
4570.14 2169.18 9582.39 331.218 0.75 6097.09 9670.85 
4524.29 2149.41 9599.54 338.157 0.75 6140.72 9723.59 
4549.31 2150.51 9639.22 321.372 0.75 6444.29 9665.89 
4369.24 2260.48 9641.01 323.518 0.75 6351.37 9662.27 
4376.86 2312.49 9696.94 328.127 0.75 6342.11 9683.97 
4439.64 2379.07 9395.58 315.792 1 6092.58 9629.63 
4274.22 2311.13 9440.48 314.528 1 6103.28 9625.85 
4420 2276.67 9202.54 311.082 1 6169.57 9559.24 
4481.21 2268.84 9254.31 304.015 1 6237.66 9544.69 
4579.32 2240.71 9182.79 291.061 1.25 6207.78 9525.31 
4681 2285.77 9076.4 285.723 1.25 6286.62 9578.51 
4741.72 2284.76 9103.43 281.879 1.25 6298.07 9567.56 
4683.19 2340.85 9069.88 281.887 1.25 6603.45 9511.58 
4686.65 2321.31 9217.93 278.657 1.25 6579.07 9495.08 
4762.55 2341.8 9211.81 277.255 1.25 6711.21 9385.16 
4801.46 2346.94 9202.52 270.482 1.25 6235.66 9616.91 
5342.9 2272.06 9151.96 273.534 1.25 6238.53 9534.87 
5640.34 2198.86 9114.11 280.541 1.25 6167.83 9416.46 
6165.05 1890.32 9137.19 281.763 1.25 6035.56 9365.13 
6687.29 1723.94 9098.24 279.088 1.25 6003.66 9340.42 
6793.48 1905.53 9109.26 277.373 1.25 6027.54 9342.12 
6751.44 1914.96 9075.6 277.363 1.25 6078.83 9307.92 
6740.71 1912.21 9033.85 279.405 1.25 6049.8 9335.99 
6976.76 1568.03 8962.17 280.475 1.25 6046.28 9443.66 
6581.67 1712.79 8983.83 288.593 1.25 6115.59 9464.15 
6150.52 1563.97 9068.89 288.352 1.25 6147.97 9505.54 
5346.59 1587.99 9264.56 297.986 1.25 6141.95 9780.54 
5041.37 1465.14 9100.89 273.783 1.25 6213.02 9541.76 
5116.41 1461.9 9100.85 279.343 1.25 6174.53 9434.31 
4427.23 1337.12 9329.53 287.306 1.25 6306.8 9575.93 
4272.32 1258.6 9473.1 283.444 1.25 6370.83 9637.63 
4302.09 1239.23 9881.6 273.164 1.25 7190.1 9794.94 
4279.42 1116.63 9413.71 350.339 1 6278.34 9120.63 
4176.42 1073.96 9832.2 278.974 1.25 6374.9 9473.01 
4208.67 1235.05 9809.26 276.605 1.25 6409.99 9442.01 
4230.53 1243.93 9700.78 268.879 1.25 6577.74 9296.23 
4347.93 587.893 10042.2 280.796 1.25 6714.51 9614.52 
4403.05 418.567 10309.1 287.108 1.25 6835.77 9924.58 
4506.27 360.716 10592.5 289.963 1.25 6896.39 10111.3 
4448.81 180.995 10415.5 284.061 1.25 7028.56 10019.7 
4022.22 162.986 10100.1 314.344 1 7190.52 9570.98 
4026.03 160.979 10043.5 339.973 1 6503.81 9215.84 
4017.56 159.349 10091.2 340.933 1 6512.97 9198.19 
1812.75 177.825 10025.4 297.489 1.25 6476.97 9190.19 
1410.42 280.46 10983 365.951 0.75 7887.09 10255.8 
1103.67 258.328 11064 390.194 0.75 7992.99 10092.9 
1069.62 264.753 10899.4 369.388 0.75 7864.81 9840.23 
956.822 254.472 10866 359.6 1 7985.45 9805.47 
978.895 240.482 10955.2 347.31 1 7932.71 9731.66 
947.697 232.02 10747.8 356.174 0.75 8007.5 9643.79 
748.553 228.36 10754.7 346.962 1 7948.66 9615.47 
750.041 210.612 10740.1 349.501 1 7909.19 9665.18 
35.622 207.129 10845.1 347.294 1 8081.08 9819.01 
26.0269 234.655 10916.1 332.159 1 8140.46 9811.73 
17.9356 231.814 10975.8 349.155 0.75 8170.91 9900.74 
25.2223 339.31 10915.5 350.78 0.75 8083.77 9959.5 
29.2983 305.546 11340.2 351.538 0.75 8128.55 9947.82 
20.7168 246.882 11429.2 337.968 1 8095.56 10050 
19.2512 237.186 11548.3 334.332 1 8106.98 10128.8 
30.2641 152.201 11649 342.075 1 8184.92 9947.75 
23.5398 103.032 11848.9 345.344 1 8305.48 10028.7 
29.9086 97.6041 11826.6 343.761 1 8182.22 10120.1 
37.4396 100.545 11727.4 344.934 1 7992.15 10150.9 
36.4269 103.813 11715.3 339.443 1 7889.29 10192.3 
28.6841 101.926 10806.2 274.239 1.25 7677.88 9677.47 
25.6871 99.3796 10038.5 288.049 1.25 7773.51 10072.5 
27.331 100.954 9081.22 271.105 1.25 7598.14 9633.64 
33.1044 102.701 9333.19 277.185 1.25 8042.49 10121.6 
44.2276 129.397 9406.29 276.583 1.25 7826.83 10079.9 
87.7951 137.5 9494.2 277.441 1.25 8023.43 9966.07 
58.138 259.541 10327.3 283.888 1.25 8512.03 9773.79 
30.8774 142.922 9708.29 350.588 1 6660.82 9169.03 
33.1623 154.209 9943.44 314.038 1 6875.47 9567.47 
70.6184 221.912 10101.5 289.916 1.25 7067.44 9962.38 
63.0325 230.463 10282.8 289.167 1.25 7103.39 10016.4 
44.0307 180.246 10190.9 286.705 1.25 7123.62 10065.4 
82.0251 208.604 9620.54 279.254 1.25 6467.24 9655.05 
101.241 178.939 9433.78 270.826 1.25 6272.7 9456.41 
113.8 223.59 9418.84 294.491 1.25 6413.49 9495.69 
110.386 248.864 9460.73 307.028 1 6142.85 9184.57 
100.932 254.114 9462.71 306.542 1 6111.9 9146.06 
91.8845 256.975 9428.24 307.764 1 6268.88 9285.66 
90.947 283.852 9393.78 363 1 5996.72 9362.43 
118.466 279.048 8873.94 357.06 1 5886.34 9466.92 
165.793 261.361 8675.46 449.605 1 5734.7 9017.87 
153.827 283.629 8357.16 320.669 1 5284.15 8654.82 
152.242 306.672 8597.63 334.509 1 5308.71 8687.24 
151.545 334.786 8513.86 339.648 1 5250.9 8649.8 
84.3618 297.92 9047.06 277.642 1.25 5958.79 9133.16 
842.941 850.078 10459.9 345.027 1 7283.96 9120.84 
1102.76 593.611 10709.9 287.79 1.25 6000.5 9065.11 
935.503 641.24 10990.5 276.351 1.25 6075.27 9140.84 
893.057 614.112 10985.8 280.311 1 6116.27 9193.9 
862.506 593.146 10718.8 278.948 1.25 5980.68 9141.33 
862.236 606.925 10392.4 283.818 1 5752.17 9080.11 
850.063 620.729 10593.1 290.776 1 5948.29 9154.07 
866.577 614.369 10860 298.368 1 5997.99 9496 
831.939 607.127 10850.7 292.125 1 5951.08 9614.75 
808.515 597.023 10384.8 294.533 1 5992.07 9630.84 
808.377 600.421 11970.3 284.837 1 6648.11 10021.3 
770.342 589.893 11377 320.516 0.75 6644.62 9816.1 
738.433 578.003 11129.2 346.917 0.75 6489.37 8899.47 
717.725 577.29 11094 344.002 0.75 6476.79 8901.56 
717.429 576.321 10951.2 343.783 0.5 6291.09 9318.74 
720.585 614.796 11388.2 325.707 0.75 8036.67 11435.8 
723.128 621.34 13067.1 348.618 0.75 7776.25 10163.2 
735.16 626.405 13013.2 345.528 0.75 7633.45 10048.1 
738.073 621.655 13035.4 350.842 0.75 7437.84 9910.69 
736.594 618.006 12937.5 349.715 0.75 7545.57 9888.78 
732.435 638.397 12763.7 349.015 0.75 7372.84 9934.2 
738.698 653.801 12719.8 351.327 0.75 7246.87 9895.59 
731.772 648.679 12811 359.068 0.75 7160.1 9400.66 
719.276 631.975 12938.7 356.885 0.75 7286.42 9307.83 
726.605 629.224 12915.7 357.701 0.75 7085.71 9386.45 
727.299 630.514 12805.7 361.127 0.75 6987.7 9310.33 
721.005 656.503 12882.5 359.545 0.75 7055.88 9382.46 
731.649 681.698 12833.7 370.697 0.75 6988.81 9385.11 
730.165 677.279 12914.2 373.475 0.75 6969.92 9390.86 
734.856 652.825 12970 373.852 0.75 6971.2 9337.04 
736.712 605.738 13090.7 381.899 0.75 7182.69 9329.23 
751.631 625.53 13006.2 382.883 0.75 6785.09 9312.79 
744.38 580.819 13019.7 381.964 0.75 6747.04 9286.59 
748.405 597.453 13015.6 377.705 0.75 6742.03 9348.61 
760.156 598.689 12916.3 379.419 0.75 6773.13 9283.85 
755.444 597.359 12897.2 376.817 0.75 6633.99 9206.87 
865.069 610.294 12902.2 373.922 0.75 6584.45 9229.68 
662.399 613.849 12714.4 371.768 0.75 6451.84 9264.11 
852.787 567.905 12709.1 368.657 0.75 6452.21 9210.94 
828.969 546.001 12686.9 371.483 0.75 6441.1 9270.49 
844.226 565.503 12644.1 369.099 0.75 6357.95 9504.23 
843.979 550.196 12737.4 368.492 0.75 6486.99 9478.17 
850.789 546.343 12748 362.628 0.75 6516.27 9403.07 
742.802 520.727 12680.3 371.102 0.75 6543.77 9438.91 
724.178 590.196 12673.5 374.433 0.75 6522.55 9328.99 
864.605 563.144 12552.6 369.131 0.75 6484.2 9327.83 
836.639 626.53 12387 366.714 0.75 6499.11 9121.03 
893.447 591.416 12289.2 371.44 0.75 6432.96 9224.71 
680.539 550.411 12405.6 373.338 0.75 6786.49 9398.2 
852.038 520.705 12520.1 370.243 0.75 6866.99 9546.4 
821.441 503.259 12530.6 376.801 0.75 6911.92 9811.85 
667.814 511.891 12486.8 388.866 0.75 6845.43 10077.1 
670.471 523.211 12588.7 378.762 0.75 7263.45 10018.1 
677.599 525.07 12428 380.112 0.75 7434.66 9869.24 
747.131 525.024 12442.6 383.872 0.75 7557.93 9796.77 
671.708 531.949 12349.4 379.989 0.75 7281.55 9726.09 
686.589 566.792 12376.1 388.534 0.75 7130.39 9610.52 
678.749 591.489 12336.6 380.201 0.75 7253.72 9528.65 
794.498 598.854 12381.8 383.226 0.75 7258.85 9566.24 
654.561 682.266 12245.5 383.62 0.75 7532.49 9386.57 
707.621 681.383 12224.5 371.13 0.75 7519.83 9388.59 
717.763 672.76 12253.1 374.428 0.75 7621.41 9491.92 
708.739 676.837 12347 374.418 0.75 7687.31 9445.52 
841.457 664.612 12419.7 372.778 0.75 7546.5 9461.17 
823.117 683.551 12495.6 368.048 0.75 7643.43 9509.63 
840.311 696.113 12597.6 367.26 0.75 7764.4 9459.82 
718.002 717.677 12578 372.708 0.75 7456.35 9433.44 
911.714 660.309 12097.4 373.842 0.75 7374.98 9369.12 
888.171 616.099 12268.8 417.283 0.75 7438.8 9384.43 
759.05 647.872 12215.8 343.061 0.75 7144.81 9293.2 
824.275 616.245 12094.2 350.687 0.75 6861.96 9233.76 
834.982 610.938 12094.4 354.878 0.75 6783.3 9315.15 
1057.85 607.121 12147.1 360.485 0.75 6711.02 9372.91 
971.481 632.546 12053.6 357.167 1 6559.01 9279.54 
1096.56 677.961 12030.7 344.12 1 6407.37 9411.98 
1186.44 643.531 12690.8 344.446 1 7669.11 8778.09 
1241.29 629.438 11720.8 416.242 0.75 6471.86 8845.01 
1328.91 643.341 11750.6 338.746 1 6908.59 8972.23 
1370.83 661.168 11754.9 337.153 1 7059.82 8895.52 
1356.6 676.8 11755 337.762 1 6904.71 8880.24 
1343.47 675.545 11901.9 339.026 1 7188.14 8874.31 
1492.66 660.81 11981.4 333.754 1 7025.58 8469.54 
1560.56 662.342 11791.7 321.185 1 6587.14 8217.86 
1596.17 642.865 11707.5 327.428 1 7232.92 8296.51 
1326.42 645.683 11790.5 329.244 1 7435.76 8338.79 
1491.32 614.993 11884.3 324.674 1 7656.37 8227.56 
1501.26 605.315 11856.9 323.642 1 7684.28 8229.87 
1452.82 621.287 12158.5 355.651 0.75 8148.29 8880.89 
1401.01 628.489 11777.5 344.46 1 7592.76 8089.63 
1410.11 652.134 11491.9 344.381 1 7383.53 8197.55 
1206.85 660.923 11289.5 428.456 0.5 7006.02 8386.39 
1201.1 631.203 11524 376.653 0.75 7220.12 8397.34 
1189.23 611.663 11626.3 376.918 0.75 6862.9 8357.14 
1250.6 619.147 11482.3 372.402 0.75 6514.74 7708.31 
1256.75 607.982 11518.1 338.91 1 6525.44 7718.68 
1235.64 595.21 12346.9 364.53 1 8893.67 9347.59 
1198.81 582.458 13461.3 382.522 0.75 8775.08 8954.27 
1184.8 580.301 13448.4 390.404 0.75 8771.36 8899.14 
1205.41 558.095 13380.2 390.654 0.75 8929.97 8896 
1413.29 549.149 13425.7 393.041 0.75 9215.67 8784.33 
1343.38 562.035 13262.3 402.466 0.5 9218.24 8618.83 
1373.33 565.484 13262.1 406.593 0.5 9278.92 8637.23 
1404.56 577.601 13331.2 410.076 0.5 9121.58 8753.11 
1531.45 576.114 13056.5 413.917 0.5 9048.16 8603.67 
1266.92 571.252 12615.7 410.748 0.5 8514.84 8314.46 
1456.09 554.204 12542.4 398.902 0.5 8274.14 8201.86 
1478.62 549.618 12298.9 411.165 0.5 8274.19 8153.2 
2104.4 845.658 12139.2 406.599 0.5 8489.13 7903.22 
1878.83 856.958 12173.1 405.269 0.5 8392.25 7796.93 
2169.39 1024.62 11884 399.156 0.5 8314.24 7796.5 
2230.27 1137.96 9568.41 458.983 0.25 7293.39 8567.5 
1528.42 1310.03 9391.23 400.61 0.5 7328.12 8771.14 
1529.53 1300.3 9398.72 401.156 0.5 7328.71 8678.38 
1531.15 1275.62 7044.24 393.261 0.5 6176.12 10011.6 
1770.72 1289.4 7095.09 392.599 0.5 6314 10203.6 
1537.46 1270.47 6921.99 380.246 0.5 5883.2 10063.3 
1663.87 1287.36 7056.75 386.447 0.5 6375.01 10246 
1759.27 1324.54 7106.7 380.062 0.5 6294.11 10301 
1809.98 1335.04 7288.25 389.324 0.5 6518.55 10889.5 
1781.53 1311.31 6995.78 381.239 0.5 5828.21 10033.7 
1710.7 1311.85 6961.04 379.612 0.5 6114.59 10409.4 
1834.6 1286.76 6716.95 416.471 0.25 5623.21 9646.57 
1442.14 1291.63 6764.6 416.738 0.25 5681.94 9634.05 
1571.96 1288.23 6732.69 419.255 0.25 5299.93 9502.81 
1570.9 1296.94 6762.52 381.902 0.5 5347.51 9465.43 
1569.62 1299.82 7149.09 452.018 0.25 5728.71 12076.3 
1458.42 1297.23 7112.25 454.592 0.25 5774.22 11987.3 
1551.13 1289.37 7126.63 453.117 0.25 5764.46 12019.6 
1784.48 1308.84 7069.22 449.501 0.25 5702.86 12007.6 
1352.55 1325.7 6994.22 451.167 0.25 5736.18 11960.8 
1343.99 1332.14 7022.52 451.908 0.25 5796.19 11918.1 
1340.32 1326.86 7075.95 453.685 0.25 5887.25 11875 
1598.46 1305.64 7050.16 456.199 0.25 5841.77 11966 
1344.3 1348.18 7047.73 457.331 0.25 5986.6 11891.7 
1554.55 1343.77 7044.75 455.802 0.25 5966.98 11937.3 
1692.1 1351.03 7147.62 454.236 0.25 6042.86 11961.1 
1691.52 1351.72 7127.54 456.7 0.25 6008.71 11982.5 
1699.91 1297.03 7170.68 455.921 0.25 6009.29 12077.4 
1679.7 1315.61 7171.54 459.04 0.25 5972.35 12044.4 
1635.2 1327.88 7250.12 461.991 0.25 5958.78 12065 
1651.98 1344.72 7323.51 461.04 0.25 5918.06 12133.4 
1387.81 1355.32 7243.44 453.329 0.25 5941.96 12137.1 
1564.83 1355.62 7293.72 451.965 0.25 5947.11 12056.9 
1566.19 1363.42 7256.68 448.236 0.25 5935.45 12025.7 
1568.06 1376.48 7231.44 447.146 0.25 5913.87 11923.1 
1478.33 1394.39 7201.37 454.006 0.25 5942.28 11840.9 
1535.09 1400.84 7277.05 448.652 0.25 5966.37 11700.5 
1721.4 1375.69 8907.59 453.263 0.25 7051.1 11342.3 
1417.19 1416.76 8847.97 454.135 0.25 6969.07 11294.7 
1416.47 1432.67 8826.73 457.434 0.25 6796.03 11038 
1434.41 1411.39 8843.98 459.342 0.25 6733.44 11017.1 
1692.02 1396.48 8864.7 460.038 0.25 6601.47 11077.7 
1464.38 1400.69 8807.53 459.823 0.25 6598.43 11090.6 
1656.35 1404.32 8767.11 459.037 0.25 6473.25 11143.9 
1687.87 1401.13 8818.16 460.675 0.25 6499.06 11039.9 
1703.19 1405.27 8758.68 460.089 0.25 6539.33 11073.4 
1703.9 1403.15 8707.47 460.78 0.25 6653.94 11038.7 
1788.02 1425.77 8669.77 464.875 0.25 6734.18 10957.6 
1833.63 1428.74 8677.34 466.316 0.25 6725.93 10966.8 
1422.7 1440.32 8491.47 467.833 0.25 6533.97 10903.6 
1612.36 1504.65 8559.05 466.179 0.25 6563.85 10781.8 
1612.93 1522.69 8415.59 466.472 0.25 6499.42 10737 
1598.21 1565.28 8324.5 466.767 0.25 6602.87 10824.9 
1502.98 1618.8 8334.53 465.866 0.25 6677.54 10826.8 
1849.71 1584.2 8411.23 464.445 0.25 6718.75 10762.6 
1868.32 1602.5 8416.61 463.531 0.25 6728.02 10822 
1661.25 1599.64 8460.8 462.068 0.25 6760.11 10801.8 
1455.38 1560.72 8463.86 464.574 0.25 6842.46 10689.8 
1464.47 1560.71 8402.1 462.849 0.25 6954.91 10740.7 
1687.55 1533.35 8414.46 458.882 0.25 6978.24 10876.3 
1479.04 1510.1 8454.46 457.129 0.25 6915.03 10725.7 
1616.27 1517.09 8553.83 458.068 0.25 6837.11 10803.6 
1772.21 1495.04 8612.41 459.793 0.25 6798.39 10860.6 
1746.05 1387.44 8728.29 461.285 0.25 6683.54 10880.9 
1746.8 1404.94 8711.73 460.934 0.25 6653.91 10923.4 
1866.64 1377.16 8580.5 463.049 0.25 6584.74 10990.1 
1806.12 1375.85 8559.32 458.872 0.25 6542.16 11301.2 
1468.29 1396.78 8611.75 451.257 0.25 6595.19 11256.4 
1582.3 1389.14 8656.5 441.958 0.5 6718.7 11259 
1588.24 1391.84 8476.87 441.313 0.5 6839.73 11333.1 
1616.24 1531.23 9443.55 455.273 0.5 8227.66 10743.7 
1471.33 1543.86 9463.93 457.843 0.5 8229.81 10578.1 
1651.27 1539.83 9611.11 454.107 0.5 8215.31 10757.6 
1796.6 1518.3 9485.05 446.329 0.5 8174.7 11341.4 
1587.91 1438.12 9490.32 439.383 0.5 8270.73 11234.6 
1609.25 1473.57 8868.15 435.959 0.5 8895.49 10766 
1624.96 1511.86 8946.88 423.39 0.5 8593.32 11032 
1704.63 1488.94 8920.62 431.826 0.5 8731.84 10501.6 
1569.33 1504.36 8906.44 427.573 0.5 8655.01 10394.8 
1770.58 1479.52 8960.37 427.807 0.5 8642.19 10548.2 
1789.04 1469.61 9059.9 424.398 0.5 8644 10566.7 
1796.87 1477.66 9069.14 423.501 0.5 8863.23 10761.3 
1801.88 1483.63 8967 423.609 0.5 8603.25 10821.4 
1794.99 1490.71 8936.82 423.82 0.5 8698.68 10586 
1770.8 1508.6 8896.05 426.089 0.5 8642.55 10400.7 
1499.27 1523.94 8865.12 428.87 0.5 8637.33 10389.6 
1793.96 1539.81 8747.97 429.488 0.5 8547.38 10775 
1799.24 1540.15 8770.54 430.689 0.5 8617.26 10655.1 
1793.49 1561.74 8850.71 430.534 0.5 8704.73 10640 
1882.23 1572.84 8798.39 429.4 0.5 8455.53 11199.7 
1907.76 1585.44 8674.69 426.251 0.5 8460.55 11113.5 
1833.9 1587.5 8718.15 429.683 0.5 8546.14 10409.7 
1684.61 1605.14 8673.71 427.151 0.5 8392.52 10608.3 
1543.99 1555.45 8404.47 428.081 0.5 8248.55 10850.2 
1559.88 1564.51 8371.15 424.576 0.5 8345.47 10801.9 
1500.07 1545.29 8485.37 425.303 0.5 8361.94 10844.5 
1435.41 1308.51 8407.74 426.246 0.5 8116.08 11165.5 
1333.79 1274.67 8167.16 426.441 0.5 8189.87 10932.5 
1474.83 1390.11 8199.46 426.839 0.5 8559.59 10888.3 
1653.34 1371.84 8105.45 427.828 0.5 8394.8 10679.5 
1134.49 921.47 8583.22 427.085 0.5 8831.03 11826.6 
1002 1032.35 8420.9 428.245 0.5 8886.55 11509.7 
1374.69 1016.24 8654.76 425.809 0.5 8981.79 12321.6 
1027.38 1013.98 8272.45 425.752 0.5 8936.16 11755.1 
1118.17 1052.51 7863.12 487.091 0.25 7854.81 10551 
1343.95 1091.69 7913.41 485.525 0.25 7995.19 10526.8 
840.485 531.378 7779.08 488.302 0.25 8136.13 10760.1 
7848.46 666.275 6457.53 414.52 0.5 6536.08 9607.37 
7911.39 723.505 6868.33 412.875 0.5 6791.45 9703.46 
7499.55 561.286 6168.38 415.161 0.5 6470.84 9861.9 
14734.6 1897.39 4768.42 407.578 0.5 5713.11 8905.54 
15114.3 2059.04 4963.49 408.549 0.5 5741.63 8859 
14730.9 1754.79 5257.52 426.554 0.5 6364.14 8791.78 
14412.8 1749.4 5005.53 455.637 0.25 5900.7 8192.58 
14354.4 1735.78 4914.45 480.942 0.25 5768.52 8061.99 
14414.1 1695.45 4867.46 508.163 0.25 5676.58 8328.21 
14040.8 1644.79 4406.63 544.755 0 5367.46 8513 
14121.1 1667.22 4320.38 544.052 0 5157.55 8726.38 
22498.6 3146.79 2415.71 556.86 0 3587.53 7136.07 
22491.7 3076.05 2284.27 501.412 0 3402.5 6477.8 
22425 3116.36 2226.98 420.943 0.5 3316.14 6568.22 
22387.2 3123.12 2030.83 404.261 0.5 3283.43 6973.76 
23694.4 3200.11 2043.63 442.721 0.25 3511 6992.92 
29663.3 4600.5 2094.74 486.689 0 3548.99 7040.52 
37734.8 6060.28 1410.54 478.185 0 2116.35 4120.39 
41852.7 7496.4 1382.39 506.243 0 1897.07 4156.58 
41568.9 7614.98 1367.88 506.042 0 1864.15 4151.37 
