999
46813.5 11583.8 335.893 513.846 0 427.721 424.963 
46886.6 11596.4 335.409 514.733 0 428.074 419.789 
46595.4 11637.8 333.981 516.305 0 419.841 415.04 
45589.7 11894.6 343.766 517.819 0 413.447 429.224 
44559.6 12055.1 353.74 516.833 0 415.736 465.318 
44172.8 12208.2 355.017 517.113 0 412.838 470.125 
43830.5 12250.1 356.25 517.356 0 409.697 472.82 
43155.1 12389.7 369.44 514.136 0 428.243 482.504 
42556.5 12693.1 362.459 512.896 0 413.616 464.201 
42415.6 12832.6 353.64 511.609 0 438.517 459.9 
42419 13146.2 357.324 513.157 0 424.839 481.497 
42332.9 13160.8 352.549 513.103 0 444.507 485.202 
42720.2 13226.3 355.275 515.642 0 453.788 497.329 
42688.3 13294.6 340.302 514.499 0 460.798 488.86 
42917.9 13667.3 345.077 516.549 0 446.855 499.664 
42912.6 13768 340.996 513.347 0 451.975 516.448 
42779.4 13876.1 350.723 513.992 0 459.021 526.162 
42228.2 14289.5 343.802 513.575 0 449.845 479.042 
41960.6 14654.5 357.6 515.13 0 427.648 484.675 
41749.2 15029.2 349.972 514.12 0 412.466 456.456 
41457.7 15140.7 360.12 515.614 0 397.822 455.557 
40914.9 15356 362.334 514.165 0 405.673 463.846 
40289.3 16160.2 346.42 512.492 0 400.898 449.93 
39790.6 16495.2 350.05 513.306 0 390.144 433.94 
39010.5 17016.7 342.168 512.389 0 381.166 409.705 
39222 17195.5 341.247 512.203 0 391.654 449.524 
37822.6 18025.7 350.316 512.331 0 385.75 532.998 
37347.9 18078.8 354.03 512.22 0 398.968 560.686 
35952.4 18615.7 354.376 513.142 0 408.578 607.555 
35821.6 19223 348.826 515.443 0 393.369 621.124 
36295.1 19288 350.85 517.536 0 390.705 625.618 
34906.6 20157.7 396.659 516.363 0 396.174 654.219 
34744.2 20613.5 386.44 513.76 0 381.686 615.425 
33926.4 20962.2 395.921 515.197 0 382.335 702.877 
33865.3 20731.2 408.928 515.398 0 397.761 713.134 
33884.6 20683.1 405.474 515.095 0 388.651 708.735 
43373.2 19780.9 410.459 518.725 0 380.249 714.982 
48170.4 18835.9 375.422 516.807 0 380.121 628.71 
52414.2 17782.7 359.63 520.972 0 378.814 580.844 
54387.9 17137 366.397 520.748 0 404.457 599.032 
60444.9 14345.5 382.495 517.358 0 508.993 538.24 
61543.3 13715.9 392.681 518.606 0 594.342 603.582 
63652.1 12542.3 387.84 516.426 0 627.934 692.16 
64910 12710.5 405.98 520.119 0 718.472 756.967 
65660.5 12672.9 394.947 522.216 0 716.638 728.074 
63194.9 12660.2 426.504 521.169 0 722.136 747.457 
63156.7 12224.6 437.329 519.268 0 748.645 759.038 
64586.3 11976.5 453.615 523.288 0 885.044 791.666 
65592.3 11707.1 475.693 523.268 0 900.205 822.859 
65325.4 11814.3 473.61 523.185 0 901.756 825.263 
66587.9 11776.8 454.858 525.826 0 891.799 1040.34 
68333.8 11851.7 495.184 510.84 0 805.027 1120.89 
66457.2 11879.2 522.818 509.821 0 754.487 1183.8 
65693.9 11886 544.678 512.132 0 777.35 1201.05 
64622.2 11597.8 562.949 509.51 0 935.568 1213.46 
63415.1 11479.1 539.764 509.275 0 1016.49 1215.61 
63497.6 11362 518.643 508.485 0 901.046 1202.8 
63748.5 11349.8 518.839 506.205 0 887.866 1086.35 
64226.3 9919.35 581.519 505.714 0 931.601 1162.84 
66038.9 9667.21 564.443 509.104 0 883.45 1279.02 
66565.9 8291.06 587.216 505.518 0 1022.65 1360.86 
69304.3 6594.7 623.068 506.372 0 1409.03 1353.52 
69311.8 6640.54 625.457 505.613 0 1344.09 1471.99 
69615.2 5750.1 647.766 505.957 0 1394.61 1493.79 
72156.1 5749.15 652.921 505.513 0 1372.87 1371.29 
72807.7 5138.79 619.372 507.235 0 1420.66 1288.03 
72769.2 4854.65 602.686 511.219 0 1452.95 1271.94 
72935.3 4813.34 583.535 510.007 0 1462.32 1193.53 
70912.2 4710.3 587.516 508.501 0 1552.65 1401.48 
71157.6 4789.42 583.13 509.247 0 1498.92 1439.83 
70997 4785.05 588.008 511.619 0 1463.28 1595.05 
71426.2 4982.26 570.699 504.391 0 1481.69 1517.74 
69744.5 4979.41 513.103 494.652 0 1391.21 1296.08 
70163.4 5171.26 566.751 494.261 0 1426.13 1510.69 
70329.2 5196.6 576.411 493.997 0 1415.11 1643.01 
68707.5 5192.95 523.367 492.11 0 1432.3 1427.78 
69090.1 5146.39 528.483 480.648 0 1425.96 1467.97 
69045.5 4992.86 540.954 483.399 0 1425.96 1491.2 
67807.6 5026.8 565.614 464.875 0 1466.99 1654.62 
67771.1 4989.91 582.681 470.56 0 1368 1879.29 
66531.3 5001.91 581.937 484.554 0 1419.06 1655.45 
64952.7 4960.46 591.115 487.965 0 1373.69 1647.58 
64623.9 4791.65 586.644 488.967 0 1359.98 1620.71 
64548 4779.25 540.673 477.355 0 1257.15 1368.58 
64056.8 4831.06 529.135 456.152 0 1234.46 1352.27 
64819.2 4841.63 529.927 461.753 0 1283.94 1358.83 
65210.5 4983.62 540.51 477.269 0 1244.35 1424.92 
63460.2 4911.68 440.231 492.538 0 775.846 635.973 
62764.3 4931.67 454.024 505.78 0 806.481 780.934 
62582.1 4876.4 459.358 489.758 0 818.187 786.245 
61868.1 4890.25 450.583 492.876 0 853.437 754.083 
61816.7 4840.67 442.01 493.917 0 904.647 744.958 
62013.1 4859.7 441.664 509.097 0 920.578 757.184 
62027.4 4847.26 448.568 508.219 0 949.52 783.261 
62303.6 4829.88 463.319 506.409 0 912.183 858.249 
62329.2 4745.7 451.721 507.949 0 932.105 850.934 
62701.7 4490.1 453.983 507.028 0 963.9 831.05 
62947.9 4380.66 436.686 508.724 0 906.065 835.083 
63093.4 4383.5 444.94 507.165 0 909.675 785.673 
63418 4209.89 466.22 507.88 0 865.205 815.837 
63546.8 4213.16 464.098 508.284 0 864.047 815.41 
63822.8 4305.58 466.292 509.264 0 849.257 784.297 
64551.5 4241.72 437.678 510.248 0 749.462 777.102 
64500.9 4288.2 475.493 511.378 0 747.99 794.153 
64898.7 4307.86 456.288 511.531 0 760.444 746.229 
65014.3 4324.25 454.923 512.864 0 788.785 758.75 
65562.4 4449.65 460.785 513.454 0 772.182 815.57 
65341.7 4571.5 473.636 517.708 0 798.812 821.558 
65246.2 4650.75 471.373 514.855 0 811.675 813.24 
65279.4 4605.12 470.416 513.744 0 819.249 812.137 
65378.7 4601.59 482.414 514.511 0 834.524 824.854 
70997.6 4642.54 376.225 515.577 0 655.312 588.282 
70724.6 4654.35 375.357 518.695 0 656.459 595.766 
70938.4 4694.96 373.349 518.272 0 669.232 655.127 
70837.8 4795.54 383.039 520.593 0 694.401 671.333 
70305.1 4758.17 393.415 518.852 0 689.185 740.504 
70456.9 4731.7 413.968 519.977 0 660.062 832.918 
70229.7 4733.46 399.795 520.571 0 666.791 835.471 
70540.7 4711.07 403.299 517.425 0 677.002 831.618 
70259.2 4744.71 429.569 516.331 0 725.213 899.945 
69998.3 4747.47 435.412 517.285 0 775.762 927.88 
70087.5 4783.69 464.895 514.65 0 769.815 980.416 
71084.5 4705.82 490.768 515.079 0 800.389 933.799 
70810.5 4770.38 481.626 513.123 0 829.568 942.88 
70515.8 4810.91 477.329 517.335 0 837.138 932.104 
70658.7 4811.1 477.201 516.993 0 812.907 933.827 
70488.5 4922.83 473.426 520.442 0 869.645 908.368 
70073.4 4930.72 500.279 522.048 0 837.041 1008.26 
69773.1 4931.37 504.271 524.957 0 848.476 997.95 
80686.4 316.216 244.584 521.891 0 821.974 342.027 
80700.1 306.694 245.665 520.924 0 823.222 344.764 
80756.7 307.451 252.442 520.577 0 800.309 350.733 
80447.2 291.924 263.286 520.497 0 803.152 362.378 
80730.7 304.084 253.915 518.805 0 776.069 342.31 
81025.8 311.278 258.246 523.941 0 784.282 330.905 
81127.6 303.005 257.087 524.57 0 801.929 322.827 
80872.9 319.836 259.444 529.592 0 786.916 307.69 
80794.4 332.936 250.372 527.095 0 765.479 301.186 
80939 323.936 265.063 527.375 0 748.986 304.691 
81230.8 328.86 281.306 523.503 0 770.857 311.84 
81039.2 322.491 285.355 524.328 0 764.978 323.007 
81224.2 341.299 277.905 524.008 0 754.924 325.156 
81327.2 347.946 278.49 530.284 0 742.977 315.033 
81199.7 336.885 281.877 524.1 0 707.18 334.464 
81481.6 325.44 284.461 520.17 0 700.192 352.853 
81265.9 327.092 282.731 510.186 0 693.46 341.753 
81420.1 344.378 278.687 488.351 0 701.616 336.74 
81615.3 340.022 272.413 494.918 0 703.377 314.02 
81980.2 335.482 276.603 440.484 0 733.232 303.892 
82173.2 357.073 261.678 426.891 0 708.266 286.989 
51070.4 223.934 576.784 524.054 0 7429.34 859.198 
51138.8 217.796 616.349 475.377 0 7449.6 864.272 
51055.3 215.511 616.18 475.378 0 7448.66 858.94 
50766.8 217.338 681.439 478.636 0 7541.72 1280.23 
50445.5 204.208 703.061 475.969 0 7770.9 1244.07 
50292.2 207.622 695.34 569.455 0 7974.88 1297.06 
50351.4 203.159 739.543 570.683 0 8105.48 1332.17 
49701.1 203.982 714.485 471.326 0 7909.16 1426.56 
49594.1 199.347 700.025 460.703 0 7873.43 1347.51 
49441.8 207.937 679.507 432.375 0 7809.85 1465.13 
49166.7 226.575 684.651 453.008 0 7592.77 1354.24 
49320.2 238.725 650.6 425.123 0 7492.07 1375.26 
48970.1 216.837 626.183 415.402 0 7452.85 1386.6 
49057 207.641 617.141 418.396 0 7470.76 1363.57 
48739.2 198.898 617.752 425.183 0 7265.15 1397.09 
48292.4 207.762 641.574 433.349 0 7240.73 1491.6 
48102.7 204.802 640.458 459.116 0 7245.26 1502.15 
47809.9 202.406 719.312 468.225 0 7384.82 1648.63 
47461 201.215 679.164 479.672 0 7495.05 1623.21 
47365.1 195.204 669.257 587.081 0 7587.49 1569.11 
47436.8 194.439 668.478 588.39 0 7552.9 1526.05 
46840.7 195.207 667.065 459.663 0 7608.63 1518.01 
47020.5 191.613 604.116 462.41 0 7193.13 1305.16 
46761.6 173.976 581.098 459.975 0 7038.34 1154.69 
46254.2 172.331 592.21 462.796 0 7009.1 1070.46 
45865.4 170.164 596.848 480.365 0 6935.07 986.253 
45378.8 180.936 608.977 486.185 0 6723.15 1050.77 
45153.6 185.222 606.555 502.26 0 6785.04 1076.48 
45156.5 186.367 639.813 500.309 0 6737.06 1184.71 
44371.7 172.594 683.469 494.007 0 6899.44 1440.47 
44331.8 174.118 683.401 491.801 0 6895.65 1430.63 
44082.9 194.888 713.722 490.405 0 7282.81 1912.94 
23883.7 168.556 1920.95 522.044 0 9264.42 3815.99 
23739.2 189.44 1987.36 519.932 0 9119.55 3941.55 
23461.1 191.814 1999.08 518.937 0 9067.19 4012.84 
23436.6 180.356 2006.57 519.288 0 9084.15 3980.41 
23181 167.36 1927.31 522.113 0 8928.94 3656.13 
23257.7 157.824 1984.4 521.5 0 8892.6 3466.14 
79.6291 324.144 2679.7 526.776 0 11210.9 5084.1 
62.9708 325.874 2649.58 525.344 0 11232.7 5072.57 
64.9034 321.152 2706.25 528.262 0 10939.9 5454.46 
73.9688 309.875 2716.7 526.538 0 10954.6 5473.53 
76.6494 302.593 2800.78 524.871 0 10995.6 5611.12 
89.8051 330.74 2853.04 534.002 0 11394.5 5801.24 
79.0876 312.981 2930.5 534.449 0 11486.3 5807.9 
97.2765 391.847 2905.17 526.548 0 11793 5846.68 
159.428 489.519 2846.12 524.544 0 11747.1 5485.6 
128.1 302.029 2922.7 522.566 0 11675.5 5023.12 
130.054 301.134 2845.36 519.03 0 11580.2 4943.64 
215.228 182.476 3102.52 536.907 0 11703.4 5176.2 
214.502 183.315 3214.36 535.076 0 11323.8 4873.55 
164.217 148.012 3350.14 530.69 0 11163.9 4968.19 
58.0889 130.099 3515.19 529.184 0 10919.7 5308.83 
66.6605 132.189 3647.09 529.26 0 10841.2 5469.74 
67.9865 137.614 3710.9 526.953 0 10603.7 6027.88 
66.0998 138.508 3643.81 525.058 0 10572.2 6081.28 
50.3576 196.264 3947.31 517.146 0 10584.4 6773.87 
40.0494 219.425 3854.98 519.586 0 10602.2 7336.35 
50.6654 260.093 3693.82 524.464 0 10496 7082.41 
80.8297 292.261 3728.92 536.058 0 10716 7163.17 
77.7924 294.86 3709.06 537.589 0 10736.4 7122.41 
74.5521 278.568 3643.32 531.282 0 10878.2 6846.52 
64.8194 276.205 3570.14 528.785 0 10848.2 6742.14 
93.0806 296.76 3610.32 535.103 0 11435.6 6785.43 
87.3714 288.672 3518.9 533.732 0 11566.9 6275.81 
70.3381 257.065 3362.07 536.677 0 11934.6 6280.16 
79.0467 210.068 3277.42 533.684 0 12315 6272.31 
72.7471 195.225 3223.46 535.935 0 12451.8 6295.87 
68.6234 198.491 3107.79 536.721 0 12855.5 5963.49 
58.8773 150.523 3144.95 536.041 0 14017.2 6008.55 
64.0194 152.611 3136.34 534.027 0 14345.9 6039.83 
68.7592 168.518 3193.37 536.712 0 14613.8 6118.21 
94.7949 193.339 2920.63 537.049 0 14560.6 6034.53 
103.402 194.503 2917.62 537.666 0 14653.9 6053.09 
116.369 211.622 2783.57 537.317 0 14400.8 6058.13 
116.611 201.71 2760.8 535.154 0 14230.2 5547.57 
105.324 221.017 3437.62 529.074 0 14425.5 5947.49 
113.11 235.466 3608.44 528.885 0 14257.9 6113.68 
100.954 253.457 3664.2 527.625 0 13484 6254.85 
119.438 243.965 3660.55 521.772 0 12932.4 6102.41 
117.517 239.574 3658.38 515.739 0 12880.7 6318.48 
106.59 268.066 3721.97 516.348 0 12888.8 6200.24 
106.832 267.977 3836.49 513.595 0 13269.7 6857.94 
69.5485 136.437 3475.44 534.903 0 12946.5 4478.82 
69.5351 138.702 3470.91 541.716 0 13047.1 4797.9 
66.8174 144.343 3428.99 536.915 0 13104.7 5125.36 
64.2388 155.564 3470.39 527.659 0 13539.8 5171.41 
66.9838 147.101 3430.03 524.029 0 13459.9 5323.36 
60.1227 144.419 3478.53 526.141 0 13313.4 5338.87 
64.489 153.267 3443.15 526.13 0 13626.9 5007.44 
61.4664 161.047 3461.78 523.981 0 13421.3 4635.19 
51.0054 140.353 3475.82 526.955 0 13427.5 4624.96 
57.3591 150.121 3598.69 528.614 0 13549.4 4382.65 
74.8047 144.895 3594.21 525.66 0 13537.1 4468.04 
68.7273 135.315 3542.54 524.429 0 13928.1 4418.19 
65.8795 128.41 3544.42 524.946 0 14021.4 4536.5 
70.2169 127.898 3445.43 520.492 0 14073.8 4600.53 
66.1323 127.095 3454.83 524.265 0 14631.5 5139.71 
50.038 130.994 3351.25 522.06 0 14463.8 5198.38 
52.9582 131.69 3276.55 516.433 0 14586.7 5099.7 
50.0835 132.839 3290.01 519.225 0 14671.2 5114.68 
52.3297 116.184 3022.38 518.207 0 14467.1 4462.62 
52.9272 124.323 2904.3 502.749 0 14329.5 4362.94 
51.5108 118.266 2828.46 505.73 0 13942.2 4164.38 
49.9205 104.578 2815.57 505.797 0 13589 4316.86 
71.2021 95.8452 2704.63 509.308 0 13705.2 4414.36 
73.1099 96.2485 2679.14 509.332 0 13598.6 4897.59 
81.758 102.034 2591.39 486.926 0 13706.3 5355.81 
68.7757 105.614 2557.87 472.635 0 13852.5 5518.59 
67.721 99.8389 2715.51 466.089 0 14244 5784.09 
86.6057 117.033 2719.95 461.817 0 14237.8 5786.33 
88.6061 147.189 2646.83 463.51 0 14785.6 5413 
89.9904 154.086 2671.2 436.7 0 15313.2 5365.49 
88.2081 123.809 2640.82 461.644 0 15456.6 5024.37 
76.6795 139.448 2602.13 445.729 0 15368.2 4814.47 
101.341 126.943 2461.14 429.731 0 15039.3 4291.56 
81.9093 96.6605 2660.2 530.75 0 15024.7 4436.3 
82.4609 110.833 2664.67 456.113 0 14926.1 4331.94 
24.4971 98.3912 2823.89 450.85 0 14571.7 4477.87 
24.7519 108.332 2795.39 431.328 0 14430.3 4441.93 
28.2512 90.8623 2927.79 477.839 0 14207.1 4652.27 
34.0346 88.6154 2985.42 473.466 0 14094 4823.86 
32.7321 76.491 3117.04 479.278 0 14196.1 5028.62 
30.1641 79.3436 3053.58 469.904 0 13679.4 4835.1 
28.3344 87.8952 3072.27 476.795 0 13779.5 4949.28 
27.368 85.9046 3083.53 547.07 0 13784.8 4758.04 
24.4928 88.6623 2976.27 537.05 0 13749.8 4632.86 
19.1171 77.0106 3002.22 540.118 0 14149.9 4752.68 
18.6469 74.761 3005.68 542.77 0 14015.1 4752.71 
25.929 71.6375 2955.98 537.498 0 14844.8 4555.35 
27.6358 78.2323 2947.3 539.943 0 15058.8 4551.15 
25.3761 77.8224 2987.99 536.858 0 15013.7 4554.94 
29.6171 82.7534 3084.51 538.686 0 15086.3 4701.12 
30.0471 84.4896 3106.9 539.474 0 15094.6 4740.48 
30.8258 71.5602 3172.33 538.135 0 15216.3 4783.05 
30.2003 73.0486 3389.57 548.842 0 15214.3 4837.49 
23.2884 65.8334 3445.47 545.141 0 14708.5 5340.9 
26.901 81.7646 3346.52 531.384 0 14416.6 5247.88 
26.114 80.8901 3336.6 536.507 0 13934.1 5066.1 
26.2754 74.8483 3320.44 533.436 0 13911.8 5235.79 
24.7904 68.5962 3323.2 528.646 0 13733.1 4964.25 
25.3679 72.0903 3401.24 529.217 0 13594 4825.55 
36.531 68.0006 3371.95 528.167 0 13368.2 4546.54 
32.5524 57.9 3337.71 529.455 0 13506.6 4155.16 
28.2223 60.2132 3400.45 531.896 0 13563.6 4156.33 
27.3895 57.4674 3432 530.363 0 13752.8 4198.89 
26.7358 51.705 3352.93 522.403 0 13979.9 4185.77 
21.2444 57.5413 3331.16 529.791 0 14026.7 4223.18 
21.0026 57.9117 3393.76 528.273 0 14464.6 4493.19 
21.5164 53.2991 3113.21 516.134 0 14708.2 4682.11 
21.0328 52.0496 3105.88 518.117 0 14758.8 4840.37 
26.9249 63.6322 3116.21 524.809 0 14585.8 4714.93 
19.9268 60.1911 3105.96 525.042 0 14320 4716.2 
17.0758 60.8026 3061.88 520.924 0 14071.9 4490.42 
14.6712 60.2436 3112.5 519.2 0 13868.3 4217.39 
15.8946 59.3933 3133.52 518.944 0 13611.6 4142.74 
16.5799 58.1541 3106.23 515.167 0 13125.3 4185.08 
17.7374 58.9696 3055.74 531.222 0 12911.2 3910.56 
18.503 62.6126 3150.29 526.784 0 12808.6 3978.46 
21.5894 51.6549 3064.3 523.044 0 13179 4120.06 
21.899 54.159 3071.05 511.669 0 13326.3 4298.15 
20.6898 60.8349 3082.29 514.469 0 13609.9 4321.2 
27.3891 60.7034 2943.77 513.079 0 14211.6 4442.79 
27.873 54.4272 2923.74 516.771 0 14932.4 4500.91 
22.568 57.6662 2959.74 516.402 0 15747.4 4746.16 
29.7436 51.4624 2872.38 518.765 0 15923.3 4877.92 
19.3025 55.0973 2824.07 520.064 0 16094.9 4963.86 
22.6881 72.6805 2803.67 509.293 0 16469.6 4349.82 
23.7674 79.0388 2771.79 511.029 0 16200.5 4299.5 
18.6065 83.5177 2776.63 513.069 0 15590.1 4438.52 
19.5872 79.41 2776.9 512.228 0 15495.3 4376.29 
22.4533 66.1151 2702.23 513.511 0 15477.9 4558.87 
26.752 66.6525 2682.25 513.886 0 15127.2 4749.99 
23.5766 70.6897 2673.3 519.262 0 14974.7 4781.93 
17.7772 64.7958 2717.49 511.818 0 15072 5073.12 
14.7901 62.9479 2699.25 516.882 0 15050.7 5219.69 
18.2561 62.2658 2761.29 519.538 0 15408.6 5406.64 
18.2288 66.6658 2684.09 520.446 0 15814.5 5442.73 
13.8495 67.6279 2668.11 513.609 0 16013.9 5436.45 
14.1852 68.1926 2621.59 512.487 0 16268.3 5416.64 
10.2166 70.2294 2649.63 515.877 0 16258 5435.93 
8.86819 51.2958 2644.61 522.445 0 16214.6 5114.89 
8.71417 47.8605 2675.73 527.92 0 15693.4 5196.85 
9.17575 46.553 2690.42 522.213 0 15557 5157.98 
7.46954 47.5877 2761.98 528.324 0 15391.1 5248.1 
7.1468 50.5914 2535.95 525.844 0 14874.4 5646.61 
13.0834 47.8843 2445.84 348.33 0.666667 14150.6 6041.38 
9.58906 46.6753 2599.13 349.47 0.666667 14223.5 6020.61 
9.39423 49.3658 2638.02 354.001 0.666667 14377.8 6232.2 
8.34645 46.6152 3161.55 460.578 0 13258.9 6901.95 
4.23466 57.5312 3224.6 461.904 0 13738.9 7126.49 
9.11291 52.22 4030.71 395.721 0.666667 15495.5 7683.86 
7.47143 53.6598 3830.59 343.947 0.666667 14240 7558.86 
7.73876 49.5839 4588.89 360.625 0.666667 14896.2 10276.6 
4.70286 52.5631 4520 362.899 0.666667 15008.9 10272.9 
5.87177 39.7019 4410.92 367.55 0.666667 14570 10044.1 
8.0223 46.1569 2693.16 463.782 0 11714.9 6676.24 
7.12952 50.0641 2645.13 378.564 0.666667 12615.4 6491.38 
11.1108 40.9015 2628.65 421.346 0 13171.5 6237.54 
10.3239 40.7312 2500.26 405.465 0.666667 13107.4 7081.77 
10.9551 50.8605 2518.27 404.733 0.666667 13617.9 7092.73 
11.0119 61.2207 2595.13 405.411 0.666667 13835.4 7025.42 
13.5827 66.6222 2602.8 407.478 0.666667 13994.1 6957.9 
14.2845 69.8487 2446.99 356.638 0.666667 12662.4 6392.95 
6.26619 50.0132 2639.96 403.232 0.666667 12311.3 5806.52 
6.43923 41.7525 3781.07 363.663 0.666667 15053.6 7209.86 
6.70788 41.2894 3045.63 338.557 0.666667 12536.1 6528.07 
5.87466 40.2448 3027.53 339.664 0.666667 12423.8 6598.28 
4.20652 44.6404 3084.48 339.78 0.666667 12001.4 6430.28 
3.77594 31.3431 2186.16 435.813 0 11405.4 6285.64 
5.25591 26.8168 2092.16 433.385 0 11104.4 6236.48 
12.4976 27.7427 2092.7 492.667 0 8648.31 5053.71 
11.0122 28.8307 2085.52 406.124 0 8604.48 4896.37 
11.9188 37.3095 2138.37 313.989 0.666667 8551.3 4795.81 
8.50608 36.5495 2264.61 309.373 0.666667 9024.12 5162.14 
9.26259 34.5959 2248.79 312.805 0.666667 9005.8 4943.84 
10980.7 74.6678 2602.63 314.776 0.666667 10343.9 5772.38 
11209.1 69.2407 2646.68 313.973 0.666667 10496.6 5691.44 
11262.8 81.931 2472.03 316.002 0.666667 10406.3 5204.76 
11459.8 91.9554 2415.79 306.876 0.666667 10265.7 5102.75 
11458.1 88.7514 2338.32 305.786 0.666667 10060 4877.08 
11391.8 80.4152 2319.6 306.351 0.666667 9922.78 4731.72 
11340.4 80.9705 2274.89 307.954 0.666667 9874.59 4649.83 
11294.5 73.9964 2209.02 310.654 0.666667 9882.75 4674.83 
11263.3 69.1648 2211.65 308.877 0.666667 9872.87 4674.77 
11179 130.677 2219.63 402.249 0.666667 8062.34 4780.19 
11027.9 148.509 2323.05 282.239 0.666667 8389.78 4894.12 
11061.1 143.564 2346.45 280.74 0.666667 8721.02 4961.04 
11067.4 119.803 2358.32 324.009 0.666667 10405 5189.86 
10874.2 129.674 2431.06 320.391 0.666667 10719.8 5202.24 
10867.7 130.939 2415.99 324.311 0.666667 11985.9 5736.78 
10721.7 121.189 2470.33 322.729 0.666667 11908.5 5836.94 
10072.5 102.047 2435.95 322.954 0.666667 11958 5872.17 
9543.14 116.917 2403.21 322.975 0.666667 11919.4 5784.7 
9367.95 110.721 2311.48 322.716 0.666667 11778.4 5595.87 
9394.37 126.024 2368.01 321.94 0.666667 11996.5 5424.76 
8528.99 141.653 2394.71 323.68 0.666667 11958.4 5305.58 
8292.53 94.0922 2261.03 323.564 0.666667 12620.2 4326.84 
8158.91 83.2932 2248.03 317.357 0.666667 12778.5 4050.74 
8148.67 79.9578 2358.86 316.06 0.666667 12970.5 4250.04 
8164.6 77.0904 2219.18 317.858 0.666667 13790.2 4077.06 
7958.61 74.8804 2401.09 317.755 0.666667 14187.3 4271.76 
7947.61 87.3411 2438.46 327.726 0.666667 14834 4411.28 
7685.07 84.2769 2386.92 330.947 0.666667 15046.2 4460.16 
7900.48 99.4818 2535.12 319.002 0.666667 13711.4 5279.97 
8015.79 92.4226 2541.3 319.16 0.666667 13667.3 5165.56 
8036.31 90.1645 2537.84 315.3 0.666667 13473.5 5600.25 
8162.06 89.6097 2610.29 318.024 0.666667 13122 6120.31 
8196.88 89.4497 2766.51 313.199 0.666667 12806 6449.98 
7866.96 99.0591 2681.08 310.344 0.666667 12766.8 6127.66 
7863.86 100.868 2734.04 312.452 0.666667 12645.2 6143.78 
7666.58 110.533 2743.28 311.782 0.666667 12471.4 6168.57 
7464.12 96.1191 2990.81 326.198 0.666667 12637.1 5947.84 
7298.5 104.38 3053.06 316.523 0.666667 12465.9 5861.14 
7137.85 87.2868 3114.04 319.893 0.666667 12042.7 5807.19 
7168.89 89.8794 3208.52 323.633 0.666667 11935.5 5678.8 
6623.33 95.0119 3165.94 320.908 0.666667 12460.4 5767.08 
6344.68 97.6034 3180.73 322.052 0.666667 11894.7 5669.66 
6607.75 110.221 3194.27 323.272 0.666667 11525.9 5644.92 
6496.91 113.135 3117 320.728 0.666667 10729.6 4065.54 
6497.75 107.963 3012.44 320.232 0.666667 10651.4 3784.69 
6562.92 103.908 3037.74 320.824 0.666667 10290.6 3725.55 
6551.74 106.404 2770.8 322.481 0.666667 10146.7 3450.33 
6865.37 89.0193 2544.37 322.875 0.666667 9738.86 3198.32 
7001.99 88.1319 2464.09 326.72 0.666667 9681.09 3207.46 
7109.29 93.6024 2486.31 324.77 0.666667 10271.9 3307.64 
7314.83 95.399 2506.34 322.007 0.666667 10388.3 3412.14 
7518.44 94.1646 2553.74 321.834 0.666667 10742.8 3462.13 
7564.25 105.651 2593.49 321.851 0.666667 11341.3 3564.69 
8118.86 150.572 2580.86 321.456 0.666667 11360.6 3512.21 
8125.43 237.329 2496.69 324.419 0.666667 11198.6 3484.71 
8649.06 216.798 2558.4 325.006 0.666667 11208.9 3582.22 
8831.31 218.71 2513.54 323.161 0.666667 10937.7 3505.53 
9474.41 208.375 2477.12 322.884 0.666667 10838.5 3473.5 
9466.55 363.811 2510.77 323.63 0.666667 10861.2 3507.19 
9493.55 345.652 2471.47 324.925 0.666667 10349.2 3452.46 
10189.7 319.633 2508.05 324.738 0.666667 10397.8 3424.86 
10163.2 161.7 2564.9 325.241 0.666667 10382.8 3497.4 
10001.9 156.574 2568.37 326.488 0.666667 10500.3 3466.79 
8462.48 111.504 2720.15 325.575 0.666667 11084.2 3578.45 
8462.6 112.097 2745.57 325.825 0.666667 11277 3635.01 
7536.52 74.8729 2928.2 333.608 0.666667 11340.8 3702.93 
7355.29 79.2066 2971.53 335.365 0.666667 11267.2 3591.55 
7359.56 77.9372 3028.67 335.036 0.666667 11252.9 3569.88 
7319.46 71.3608 2967.59 337.613 0.666667 11184.8 3487.93 
7369.61 77.8137 2965.35 334.069 0.666667 11020.1 3526.83 
7218.33 88.2853 2912.56 331.546 0.666667 10718 3384.47 
7234.68 85.0133 2915.36 328.47 0.666667 10575.2 3362.3 
7227.82 84.7467 2931.32 328.997 0.666667 10581.8 3210.38 
7144.08 86.855 2960.27 329.929 0.666667 10199.6 3214.46 
7146.3 95.5311 2930.09 325.197 0.666667 10050.9 3112.22 
7358.58 80.8449 2960.18 330.434 0.666667 10246.1 3158.69 
7427.31 78.2328 2814.58 328.433 0.666667 10282.6 3156.33 
7396.07 76.7029 2870.12 331.521 0.666667 10943.3 3277.13 
7344.6 83.16 2884.46 330.257 0.666667 11017.9 3311.23 
7410.45 84.0168 2897.58 332.607 0.666667 11280.1 3418.77 
7609.28 85.593 2614.81 331.529 0.666667 11224.9 3480.82 
7671.76 93.887 2639.04 332.447 0.666667 11227.3 3531.64 
7644.27 80.526 2523.07 329.375 0.666667 11033.6 3422.87 
8229.23 76.3364 2414.19 327.793 0.666667 10908.1 3372.86 
8229.17 78.7095 2371.68 328.084 0.666667 10479.6 3325.5 
8459.9 80.0145 2330.16 328.166 0.666667 10534.1 3327.85 
8476.97 79.5689 2333.19 327.964 0.666667 10532.7 3335.05 
9261.3 82.0786 2384.83 326.302 0.666667 10367 3276.13 
9773.9 91.009 2406.8 328.04 0.666667 10556.6 3331.47 
10286.8 85.1643 2633.5 328.631 0.666667 10696.5 3406.17 
10534.7 88.3479 2601.21 331.506 0.666667 10848.2 3388.27 
10891.8 83.4911 2763.88 332.954 0.666667 11091.5 3496.53 
10984.4 94.9951 2844.6 333.042 0.666667 11053.6 3490.74 
11294.3 91.2457 2860.47 333.319 0.666667 11251.4 3426.05 
11290.2 92.3869 3084.69 334.464 0.666667 11275.4 3580.63 
11339.6 100.007 3088.29 332.673 0.666667 11170 3547.09 
10226.1 95.3869 3129.34 325.676 0.666667 11065.6 3581.01 
9428.77 95.9688 3192.87 325.024 0.666667 10958.7 3565.41 
9379.18 91.3994 3126.46 325.167 0.666667 10506.2 3537.78 
9292.45 87.662 3109.93 321.401 0.666667 10377.3 3513.65 
9267.35 92.449 3069.41 321.401 0.666667 10268.1 3475.5 
9278.22 88.8582 3030.31 320.662 0.666667 10349.2 3458.59 
9267.71 112.977 3048.84 320.678 0.666667 10604.7 3393.71 
9230.08 111.113 3192.41 315.349 0.666667 10830.6 3485.7 
9228.88 102.123 3170.31 316.83 0.666667 10900.4 3453.44 
9238.63 101.558 3262.13 323.129 0.666667 11201.2 3637.96 
9284.86 101.861 3269.18 321.461 0.666667 11183.2 3616.28 
9378.95 87.8487 3364.19 326.525 0.666667 11234.9 3725.01 
9276.52 87.3985 3300.07 325.745 0.666667 11081.6 3666.76 
9255.33 90.8803 3277.82 328.058 0.666667 11056.6 3689.38 
9225.97 89.3756 3250.42 320.094 0.666667 10415.1 3558.19 
9331.22 85.4981 3214.02 321.188 0.666667 10256.4 3554.47 
9366.97 85.6862 3202.73 316.674 0.666667 10011.7 3545.25 
9543.24 82.4382 3154.31 315.599 0.666667 9839.47 3513.74 
9548.89 88.134 3156.87 315.91 0.666667 9828.24 3553.27 
9784.02 96.3432 3161.83 315.623 0.666667 9935.18 3571.05 
9887.67 90.0668 2987.43 317.308 0.666667 10060.8 3559.15 
9887.27 90.1114 3000.21 318.481 0.666667 10384.5 3557.56 
9976.38 91.5755 2952.78 320.608 0.666667 10412.9 3553.35 
10001 99.6515 2984.04 322.246 0.666667 10358.6 3539.96 
10340.7 115.684 3165.6 322.644 0.666667 10456.3 3490.47 
10398.6 104.419 3217.91 318.356 0.666667 10451.2 3388.08 
10385 105.147 3212.67 315.984 0.666667 10283.8 3377.36 
10477.5 109.972 3170.61 316.155 0.666667 10228.6 3372.62 
10485.4 123.446 3504.83 314.544 0.666667 9851.19 3237.83 
10513.4 144.148 3594.97 315.41 0.666667 9706.52 3185.16 
10546.8 182.316 3662.42 310.905 0.666667 9625.71 3206.16 
10599 229.28 3865.74 309.388 0.666667 9747.82 3232.08 
10463 225.898 3864.75 309.388 0.666667 9762.66 3215.71 
10278.1 258.652 4086.85 308.309 0.666667 10298.4 3269.94 
10106 250.69 4111.05 309.781 0.666667 10783.9 3295.16 
9955.47 368.415 4182.3 321.266 0.666667 10720 3341.2 
9877.28 408.022 4309.55 325.354 0.666667 10926.5 3321.94 
9633.91 623.392 4539.55 327.681 0.666667 10977.7 3384.81 
9633.23 623.504 4521.43 320.266 0.666667 10804.9 3326.28 
9463.47 642.123 4663.17 319.298 0.666667 10846.7 3325.9 
9225.35 596.863 4832.94 320.721 0.666667 10626.1 3322.94 
8905.39 593.093 4832.39 316.565 0.666667 10614.3 3306.04 
8975.07 246.382 4280.28 315.776 0.666667 11047.2 3852.75 
8973.84 199.646 4186.38 312.411 0.666667 11151.4 4242.06 
8970.06 199.373 4247.51 313.774 0.666667 11167.1 4240.36 
9008.92 127.607 3922.42 317.997 0.666667 11110 5372.05 
8773.34 119.52 3632.3 316.725 0.666667 12290.1 4965.54 
8611.1 126.217 3440.13 312.52 0.666667 13091.5 4952.57 
8610.19 126.29 3416.37 311.896 0.666667 13067.5 4987.28 
8445.22 130.55 3452.02 313.22 0.666667 13229.3 5018.96 
8452.81 121.292 3375.79 305.356 0.666667 13083.4 5947.07 
8261.88 114.485 3500.5 305.202 0.666667 12782 6021.48 
8232.97 97.8588 4040.65 307.975 0.666667 12619.3 6976.6 
6686.48 76.9845 4800.51 311.029 0.666667 11577.9 7257.9 
4908.9 50.2046 5113.39 324.535 0.666667 11632.4 6678.42 
4838.49 53.7253 5135.41 326.946 0.666667 11515.6 6697.02 
4838.49 55.7115 5133.47 322.933 0.666667 11345.9 6692.8 
1534.16 44.9216 6332.98 324.911 0.666667 11859.2 6678.04 
1535.13 45.2294 6388.48 325.055 0.666667 11892.5 6739.28 
746.331 32.6069 6717.61 328.905 0.666667 12538.7 6675.31 
672.414 31.3662 6692.11 328.845 0.666667 12459.5 6668.24 
473.067 46.9754 8576.81 331.227 0.666667 13279.3 9919.55 
462.35 87.1713 8511.73 333.963 0.666667 13366.6 9334.18 
462.27 87.2865 8609.29 335.921 0.666667 13442.1 9492.35 
664.957 91.8845 7012.16 332.94 0.666667 12742.9 4976.46 
2258.24 94.1827 7112.69 334.983 0.666667 13124.4 4901.84 
2923.84 101.267 7104.64 336.839 0.666667 13042.7 4884.01 
737.405 84.7084 7020.51 335.833 0.666667 11843.8 4554.04 
735.867 89.9605 6688.09 337.743 0.666667 10910.2 4158.2 
708.119 90.1312 6617.07 333.217 0.666667 10816.7 4080.89 
698.622 89.8609 6610.15 329.777 0.666667 10629.5 4079.07 
1629.77 78.5486 6818.75 327.133 0.666667 11095.5 4407.48 
1774.13 93.958 6691.33 321.615 0.666667 10922.2 4781.37 
405.598 148.16 7505.14 354.375 0.666667 12000.8 6051.88 
674.61 155.301 6492.56 342.671 0.666667 11151.4 5368.99 
644.775 213.014 6267.16 340.957 0.666667 11159.7 5528.04 
651.352 279.405 6162.58 340.054 0.666667 11124.4 5612.82 
40.0616 267.106 5909.92 431.886 0 10831.7 5244.5 
40.0616 267.088 5903.38 431.498 0 10834 5250.13 
81.8211 332.738 5462.08 494.673 0 10296.7 4299.21 
75.2618 357.346 5417.25 422.385 0 9989.52 4152.07 
84.437 350.987 5267.83 323.719 0.666667 9815.51 4132.72 
84.142 351.457 5237.81 321.781 0.666667 9716.67 4045.1 
72.1931 357.391 5277.04 322.683 0.666667 9553.1 3946.72 
17974.7 2964.03 5366.48 525.211 0 9687.86 3902.8 
17992.6 3573.04 5357.69 523.102 0 9625.59 3897.42 
17920.3 3541.43 5465.14 518.83 0 9660.95 3636.74 
18005.6 3539.13 5573.47 514.689 0 9775.28 3534.24 
18005.7 3539.58 5584.02 514.152 0 9803.18 3538.2 
18073.6 3379.73 5769.73 513.763 0 10117.1 3319.54 
18055.2 3377.58 5747.68 511.603 0 10285.6 3120.85 
17739.9 3422.38 5758.49 514.318 0 10338.8 3064.39 
17814.8 3476.39 5790.01 514.872 0 10215.3 3096.83 
17692.2 3448.78 5822.6 514.123 0 10192.3 2876.46 
17553.4 3479.84 5802.14 513.045 0 10050.9 2854.4 
16982.8 3659.11 5777.36 514.042 0 9894.74 2813.13 
17033.8 3656.7 5800.16 514.293 0 9808.14 2905.75 
16938.1 3747.85 5975.79 516.211 0 9772.25 2963.14 
16948.8 3743.81 6025.65 516.356 0 9813.31 3067.88 
16848.8 3786.3 6044.5 522.972 0 9742.7 3042.58 
16791.1 3825.12 6046.82 521.231 0 9732.76 3074.93 
16613.9 3886.57 5945.12 520.515 0 9692.61 3634.43 
16628.3 3896.3 5946.51 521.104 0 9637.87 3709.42 
16538.3 3895.5 5820.38 517.662 0 9548.63 3851.09 
16352.7 3981.9 5607.89 517.158 0 9479.52 3713.89 
16525.5 3986.5 5609.34 518.289 0 9585.75 3689.84 
16214 3973.74 5534.19 520.336 0 9658.32 3756.63 
16155 3985.31 5530.66 520.36 0 9649.56 3752.9 
16162.9 3998.97 5286.77 532.35 0 9363.94 3839.39 
16195.9 3991.28 5216.13 520.978 0 9399.71 3877.91 
16245.7 3987.23 5192.11 511.539 0 9364.69 3845.69 
16062.3 4043.46 5033.98 512.268 0 9392.74 3936.28 
16214.9 4031.7 4920.01 510.424 0 9276.76 3976.27 
16077.7 4089.63 4905.57 519.26 0 9334.05 4016.91 
15997.1 4191.13 4915.67 514.38 0 9376.34 4027.54 
15964.7 4146.63 4873.1 513.092 0 9367.99 4274.99 
15964.8 4140.19 4877.96 511.769 0 9494 4274.57 
15943.7 4111.74 5000.16 516.41 0 9512.96 4392.48 
15922.3 4108.28 5037.04 518.62 0 9742.42 4629.96 
15893.4 4171.34 5119.79 517.923 0 9769.88 4943.8 
16003.7 4110.53 5186.89 520.855 0 10030.4 5138.8 
16085.5 4110.03 5188.46 521.027 0 10026.1 5146.45 
16098.7 4119.56 5223.55 518.514 0 9753.74 5217.52 
16095.9 4106.07 5328.42 516.622 0 9901.38 5306.37 
16120.2 4126.23 5243.43 521.007 0 9795.48 5213.64 
16135.3 4125.21 5265.93 519.297 0 9716.14 5403.7 
16112.3 4176.46 5069.4 519.777 0 9662.49 5414.01 
15830.6 4217.3 5031.39 516.986 0 9678.45 5305.9 
15823.7 4217.56 4933.73 518.414 0 9635.55 5280.43 
15413.5 4289.14 4884.93 517.481 0 9659.23 5228.74 
15352.8 4299.93 4269.95 517.329 0 9560.37 5361.84 
15210.1 4391.85 4136.14 514.822 0 9517.17 5411.58 
14850.3 4350.9 4156.88 514.868 0 9607.52 5456.38 
14992.7 4325.46 3895.94 517.149 0 9690.98 5634.73 
14973.2 4434.42 3636.02 514.468 0 9645.98 5657.4 
14986.1 4394.8 3527.74 512.743 0 9616.23 5613.92 
15088.1 4378.88 3485.26 512.507 0 9387.67 5554.16 
14726.8 4301.47 3000.98 512.955 0 9374.1 5739.31 
14726.2 4291.75 2996.88 514.612 0 9226.76 5713.94 
14575.1 4229.28 2928.2 516.812 0 9198.09 5826.78 
14534 4262.08 2791.82 511.386 0 9469.08 5929.6 
14716.2 4122.5 2816.42 519.156 0 9601.24 5961.99 
14623.8 4111.92 2881.97 516.16 0 9665.01 5987.48 
14581.9 4111.6 2900.97 516.209 0 9719.54 5991.35 
14560.5 4101.95 2902.78 510.973 0 9761.24 6011.22 
14708.8 4074.77 2952.3 508.213 0 9970.91 5909.27 
14984.9 3991.62 2908.34 511.34 0 9899.92 5940.68 
15009.7 4055.27 2914.99 512.899 0 9976.21 5839.5 
15004.7 4058.19 2852.08 518.211 0 10049.6 5721.14 
14955 4069.31 2885.64 519.666 0 10100.5 5747.15 
14963.8 4063.77 2775.65 518.293 0 9978.81 5523.13 
14655.7 4671.37 2819.39 520.408 0 10060.6 5587.89 
14679.3 4665.3 2808.32 530.36 0 9851.63 5322.99 
14803 4993.89 2830.34 519.466 0 9913.26 5287.78 
14920.7 5404.51 2808.42 523.236 0 9859.83 5172.99 
14936.6 5678.79 5495.29 537.446 0 6391.73 8275.86 
14921.2 5669.37 5568.19 538.745 0 6361.03 8272.57 
22450.5 3305.85 5449.41 525.026 0 6252.02 8032.99 
22452 3305.53 5460.8 524.84 0 6236.42 8024.49 
22136.4 3331.07 5394.25 527.438 0 6264.72 7671.61 
21887.9 3769.7 5368.25 526.004 0 6250.27 7669.7 
21431 4786.53 5382.29 527.167 0 6276.47 7607.61 
21044.3 5087.89 5306.38 525.299 0 6174.89 7473.73 
21023.5 5098.5 5261.75 520.172 0 6202.02 7462.15 
20522.4 4373.24 5262.97 519.76 0 6056.86 7544.56 
20884.5 4023.34 5258.25 520.522 0 6023.35 7534.02 
20333.5 3687.78 5217.87 514.584 0 5908.57 7518.57 
20522.2 3439.05 5169.44 513.061 0 5874.42 7478.1 
20534.3 3442.46 5101 513.256 0 5820.71 7463.03 
20273.6 3564.29 5060.24 517.947 0 5711.41 7360.06 
20290.4 3572.18 5043.71 515.665 0 5796.82 7211.36 
20291.6 3659.6 5018.1 514.977 0 5818.21 7251.23 
20487 3611.8 4975.7 512.737 0 5924.41 7201.26 
20990.8 3606.83 4981.59 514.262 0 5937.52 7217.94 
21819.2 3699.3 4929.78 513.621 0 6645.72 7537.63 
22179.1 3614.11 4810.7 514.436 0 6876.77 7449.59 
22201.1 3617.99 4793.44 513.639 0 7034.72 7478.94 
21951.4 3587.11 4843.84 513.344 0 7101.15 7541.47 
21946.6 3567.76 5041.02 526.517 0 7587.77 7627.54 
21811.9 3474.56 5103.38 520.781 0 7680.57 7603.23 
21691.4 3625.26 4977.37 523.041 0 7721.52 7338.53 
22108.7 3735.19 4713.37 519.905 0 6927.49 6634.7 
22450.8 3771.65 4702.95 519.951 0 6923.77 6635.82 
22508 3766.49 4664.51 521.052 0 6541.83 6397.02 
21945.8 3986.47 4733.07 523.715 0 6356.66 6065.01 
22033.1 4135.06 4653.92 523.698 0 6322.41 5883.58 
22147.7 4206.08 4614.41 521.999 0 6299.38 5730.31 
21997.2 4320.22 4611.56 522.854 0 6303.61 5706.58 
21998.3 4326.73 4326.97 517.951 0 6349.14 5552.48 
21863.2 4420.52 4310.9 516.084 0 6418.52 5208.05 
21821.9 4445.3 4243.29 511.603 0 6360.59 5059.24 
21997 4743.74 4271.05 512.823 0 6356.84 4917.99 
21859.8 4887.49 4175.12 510.819 0 6610.68 4807.54 
21836.1 4923.15 4146.72 511.4 0 6561.93 4776.35 
21804 4924.88 4129.51 510.646 0 6568.57 4747.48 
21463.7 5004.36 4066.62 508.816 0 6735.95 4857.28 
21477.3 5025.23 4033.54 509.301 0 6742.63 4895.56 
21345 5335.46 3922.16 506.06 0 6756.69 4899.62 
21332.1 5360 3852.5 509.084 0 6805.46 4883.29 
20940 5380.95 3777.76 499.03 0 6911.49 4881.07 
20946.4 5422.44 3815.74 498.021 0 6948.84 4943.48 
20469.2 5558.3 3817.22 498.676 0 6969.37 4942.46 
20363 5561.76 3631.18 515.973 0 7055.06 4841.59 
20392.4 5613.33 3659 505.922 0 7173.91 5052.85 
20122.6 5858.19 3637.82 502.216 0 7444.74 5043.58 
20086.4 5870.05 3655.62 503.311 0 7408.44 5024.57 
20077.4 5849.14 3622.66 499.862 0 7473.04 4935.3 
19699.9 5804.97 3637.11 500.464 0 7385.81 5014.44 
19700.9 5775.12 3656.73 504.677 0 7398.2 5021.13 
19598.2 5926.47 3765.34 505.215 0 7349.72 5279.56 
19630.6 5939.88 3767.19 506.218 0 7349.06 5280.74 
19807.8 6095.14 3816.6 514.771 0 7121.62 5534.85 
19669.9 6074.21 3835.75 516.967 0 7244.71 5658.36 
19587.8 6155.16 3850.79 521.5 0 7360.08 5785.1 
19520.6 6244.38 3832.86 493.076 0 7347.78 5834.6 
19599.9 6265.94 3825.79 468.2 0 7374.26 5849.49 
19553.4 6304.31 3799.38 472.367 0 7538.05 5685.94 
19326.3 6390 3883.48 441.697 0 7706.84 5756.53 
19340.4 6324.36 4035.1 444.057 0 7747.61 5802.08 
19228 6366.94 4020.9 445.36 0 7769.05 5833.48 
19125.4 6480.57 4042.85 447.338 0 7614.31 5655.76 
19399.6 6656.58 4026.81 457.774 0 7678.94 5638.21 
19531 6750.29 4018.19 459.931 0 7455.7 5670.78 
19509.8 6731.66 3913.44 459.538 0 7499.62 5678.31 
18913.7 6776.36 3901.96 562.18 0 7418.82 5648.77 
18856.6 6837.16 3915.82 441.294 0 7509.81 5638.9 
18923 6901.68 3946.42 430.98 0 7504.63 5634.31 
18917.2 6976.05 3935.66 437.955 0 7502.52 5583.74 
18895.3 6983.02 3941.44 438.127 0 7441.89 5585.45 
18952.1 7034.8 3944.53 456.359 0 7438.28 5623.38 
18922 7037.72 3902.33 453.904 0 7449.88 5616.88 
18813.5 7109.46 3920.4 477.278 0 7451.63 5650.83 
18699.6 7169.8 3935.05 483.971 0 7474.07 5630.39 
18502.9 7513.6 4004.1 487.191 0 7465.23 5629.09 
18430.9 7953.86 4053.16 471.419 0 6793.78 5573.84 
18470 7969.13 4068.14 473.626 0 6851.77 5602.57 
18419.5 7530.99 3869.39 476.992 0 7608.63 5433.19 
18437.8 7832.9 3773.93 489.241 0 7885.93 5319.54 
18481.5 7846.77 3697.05 490.232 0 7904.26 5254.25 
18515 8058.21 3670.89 487.743 0 7812.65 5244.96 
18427.7 8069.4 3665.41 487.474 0 7857.73 5253.39 
18261.9 8117.11 3593.21 486.977 0 7774.84 5239.05 
18181.6 8157.23 3563.25 488.281 0 7875.23 5216.58 
18215.4 8153.59 3558.45 488.29 0 7867.37 5213.91 
17897.1 8433.07 3671.9 488.141 0 7790.31 5231.07 
17870.6 8390.87 3670.11 488.503 0 7906.87 5266.7 
17830.3 8299.07 3691.13 489.589 0 7906.07 5305.03 
17917.8 8500.08 3606.99 489.494 0 7897.63 5281.88 
17916 8496.82 3588.18 489.375 0 7900.21 5318.8 
17689 8415.51 3561.58 480.178 0 7618.39 5242.94 
17730.7 8432.77 3619.92 480.15 0 7535.75 5303.59 
17867 8582 3654.44 480.033 0 7465.45 5377.43 
291.645 619.902 4204 489.261 0 10582.5 6893.73 
272.429 657.408 4234.65 489.906 0 10576.1 6880.65 
288.066 643.735 4270.5 484.196 0 10691.6 6934.01 
265.404 641.141 4226.89 486.748 0 10762.1 6980.23 
274.558 687.02 4286.56 486.072 0 10654.2 6986.18 
277.718 663.707 4187.48 488.895 0 10710.3 6946.32 
266.671 694.925 4205.53 487.637 0 10607.3 6913.97 
287.155 643.84 4176.59 488.184 0 10787.1 6802.05 
303.408 623.249 4150.37 491.965 0 10761.4 6727.47 
277.491 597.361 4133.26 491.869 0 10865.6 6683.47 
282.111 615.576 4016.21 491.176 0 10887.7 6920.92 
217.409 585.401 7971.05 482.644 0 12999.6 5765.43 
191.609 579.574 8281.43 479.955 0 12831.7 5956.75 
102.804 520.248 8182.88 479.859 0 13060.4 6282.56 
112.941 556.134 8252.6 480.779 0 12904.4 6428.63 
109.151 487.082 8435.52 482.608 0 12097.4 6638.44 
108.858 525.942 8443.54 486.208 0 12000.5 6679.23 
79.5219 332.352 8316.28 480.98 0 12769.8 6586.65 
78.1163 323.228 8149.25 489.243 0 13085.1 6529.56 
84.9329 318.625 8188.74 490.032 0 12962.2 6742.52 
70.0529 322.195 8074.48 496.471 0 13193.4 6828.55 
68.2175 338.778 8126.23 499.952 0 13350.1 7186.27 
66.8348 315.617 8158.08 497.676 0 13398.1 7225.53 
66.5129 296.948 8143.2 501.269 0 13359.2 7180.4 
67.7276 299.099 8422.64 506.624 0 13653.2 7057.31 
74.8091 272.651 8316.23 509.118 0 13738.5 7115.39 
67.2749 245.203 8177.99 513.099 0 13706.3 7065.66 
61.1221 246.701 8441.78 515.007 0 13526.5 7193.95 
67.3324 246.531 8683.82 506.588 0 13228.5 7263.04 
56.5226 245.997 8875.84 503.08 0 12810.4 7464.42 
58.6857 245.351 8909.38 499.724 0 12822 7602.72 
55.2713 254.203 8901.25 502.165 0 12848.8 7522 
76.0332 333.316 9023.04 503.684 0 12619.7 7449.59 
68.6045 306.367 9131.5 500.301 0 12685.6 7479.01 
74.6605 299.939 8884.99 492.705 0 13077.8 7408.46 
70.2139 295.473 8734.32 496.423 0 13414.7 7186.15 
70.7565 332.18 8778.42 491.785 0 13499.8 7331.45 
75.4469 330.945 8796.83 496.057 0 13549.3 7359.98 
73.8619 321.695 8791.65 496.057 0 13552.4 7332.01 
77.2297 316.894 8922.17 504.702 0 13650.9 7209.14 
59.7913 293.541 8872.07 505.519 0 13772.8 7135.53 
57.7308 267.253 8865.47 503.673 0 13813.3 7076.58 
68.1073 236.441 8908.72 513.969 0 13984.9 7059.85 
66.9284 212.5 9126.69 517.765 0 14096.9 6894.21 
64.6887 211.385 9323.33 512.254 0 14144.4 7035.19 
67.8736 201.165 9292.1 510.466 0 14033.1 7066.92 
79.4662 206.691 9568.75 510.701 0 14017.7 7088.66 
70.076 211.278 9570.9 510.731 0 14011.6 7077.83 
81.48 230.11 9356.62 515.534 0 13836.7 6802.98 
121.827 245.115 9279.63 517.171 0 13727.9 6953.99 
128.992 243.719 8970.51 510.007 0 13876.3 6807.72 
126.031 244.457 8837.89 509.101 0 13917.3 6710.49 
117.503 251 8886.95 511.731 0 13947.9 6812.3 
116.552 272.012 8952.58 507.69 0 14005.6 6822.95 
87.6299 292.262 8563.39 519.375 0 14244 6754.57 
108.896 312.364 8387.13 523.928 0 14195.2 6529.21 
114.62 315.258 8151.13 522.476 0 14300.1 6519.36 
102.526 325.357 8310.09 523.781 0 14213.1 6647.59 
99.6342 325.779 8311.2 523.718 0 14201.9 6661.74 
115.526 298.999 8277.01 512.596 0 14361.9 7039.48 
119.996 309.045 8266.89 501.39 0 14339.7 7185.74 
112.788 313.125 8446.56 485.828 0 14022.7 7607.91 
119.473 283.251 8548.43 487.085 0 14159.2 7851.52 
105.312 287.708 8633.55 490.989 0 14179.4 8086.02 
125.082 292.114 8650.72 491.594 0 14192.3 8008.57 
87.5068 261.041 8745.03 449.117 0 14319.9 8005.33 
87.6147 261.677 8735.11 450.903 0 14230 8064.65 
131.294 256.623 8684.17 440.586 0 14292.2 7986.21 
123.099 193.952 8913.09 433.582 0 14404 8169.28 
103.693 192.958 9132.2 527.78 0 14000.2 8675.1 
101.743 170.166 9379.05 480.841 0 14030.3 8778.82 
113.009 137.614 9196.91 489.367 0 14821.3 9233.42 
74.631 126.616 8915.99 448.311 0 15240 9059.14 
58.0232 111.543 8831.02 441.646 0 15922.8 9080.8 
67.0922 122.225 8779.9 436.578 0 16195.3 8811.99 
58.1019 115.872 8725.06 446.247 0 16541.2 8332.94 
59.9246 127.266 8140.95 462.695 0 16689.3 8171.08 
63.2052 140.646 8010.17 466.753 0 16540.7 8122.33 
58.0188 138.889 7952.55 465.36 0 16447.4 7952.92 
76.7735 133.651 7877.53 531.408 0 16461.1 7637.37 
73.6049 148.622 7866.46 531.961 0 16270.6 7790.16 
74.7946 145.061 7801.03 525.704 0 15870.7 7925.73 
81.061 147.519 7863.13 527.854 0 15788.3 8044.93 
78.6107 161.742 7858.38 521.716 0 15835.2 8042.27 
67.8284 158.742 7789.95 526.677 0 15720.3 8006.2 
89.4039 152.134 7987.63 526.488 0 15972 7896.26 
84.3466 139.832 8101 532.581 0 15695.3 8002.02 
88.987 131.886 8150.83 535.027 0 15614.6 8157.08 
70.8459 118.751 8269.7 530.354 0 15693.6 8198.41 
64.1846 127.366 8362.08 527.474 0 15732.6 8250.74 
84.4108 113.374 8332.91 521.382 0 16315.7 8363.35 
88.7402 118.417 8418.05 523.206 0 16271.5 8472.03 
84.7721 103.032 8274.2 526.525 0 16194.6 8284.12 
83.3613 101.164 8241.09 533.569 0 16474.2 8394.13 
85.4878 115.209 7974.04 530.966 0 16943.5 8125.67 
83.4813 117.117 7868.7 535.592 0 16946.1 7962.17 
89.7983 120.587 7916.38 531.213 0 17009.4 8243.97 
94.8413 106.866 7893.37 531.765 0 17046.9 8259.92 
76.3827 138.982 7624.01 536.8 0 18584.3 8098.58 
113.557 131.964 7528.11 537.927 0 18423.5 7855.65 
147.387 119.574 7715.1 541.069 0 18398.7 8149.15 
114.298 143.877 7659.63 540.533 0 18171.7 8378.41 
129.063 139.232 7718.28 536.894 0 18191.3 8437.5 
171.744 160.991 7838.15 539.457 0 18271.7 8456.94 
171.617 164.901 7821.71 530.742 0 18432.5 8332.57 
247.078 183.089 8188.46 535.645 0 17161.5 9209.55 
253.851 179.695 8205.19 534.326 0 17109.9 9205.75 
232.167 178.968 8384.67 527.34 0 16137 9228.2 
118.766 182.14 8419.2 530.298 0 16193.5 9307.48 
86.7192 181.158 8610.94 534.228 0 15685.2 8980.17 
77.2303 169.298 8574.3 532.708 0 15530.3 8806.91 
78.0795 162.501 8721.82 536.629 0 15565 8852.79 
53.311 164.016 8753.36 543.297 0 16054.2 8921.78 
50.1442 148.842 8788.7 544.778 0 16103.7 9108.77 
50.0121 169.31 8856.24 528.975 0 15963.1 9315.83 
50.0361 188.895 8960.55 522.108 0 15933.7 9801.62 
58.4733 158.856 8887.78 520.672 0 15511.8 9690.75 
59.5859 159.096 9115.49 526.984 0 15385.2 9929.73 
54.4247 171.339 8910.11 525.748 0 15274.7 9857.41 
81.5471 166.076 9062.93 526.962 0 14861.9 10533.7 
75.9586 205.752 8702.4 517.907 0 14122.3 10320.5 
67.6695 221.13 8828.81 520.536 0 14375.5 10545.5 
65.0913 222.181 8777.56 525.139 0 14943.1 10554.7 
62.4296 238.462 8701.28 523.575 0 15793.5 10515.6 
59.0087 243.893 8645.9 521.802 0 16040.5 10487.6 
63.3717 229.719 8783.24 520.78 0 16221 10319.6 
70.9772 229.962 8809.17 518.766 0 16204 10282.4 
80.4918 210.599 8782.63 516.567 0 15775.6 10353.5 
93.8941 225.358 8750.11 521.273 0 15365.8 10247.3 
76.3648 211.443 8642.83 526.826 0 15581.6 10221.1 
79.4396 202.665 8717.73 526.261 0 15551.9 10165.4 
79.0071 513.341 11423.2 527.885 0 11149.9 11654.8 
88.195 514.918 11343.4 521.51 0 11191.4 11743.4 
80.703 512.726 11363.3 523.997 0 11181.9 11628.5 
83.0781 573.624 11489.3 523.041 0 11115.9 11603.2 
62.6171 548.842 11434.3 532.37 0 11152 11633.1 
63.1905 545.733 11435.9 532.014 0 11148.8 11643 
72.4933 558.419 11376.9 534.365 0 11107.4 11668.1 
65.2169 555.433 11467.8 535.464 0 11026 11623.3 
65.302 572.51 11432.9 538.6 0 11067.7 11687.1 
59.4667 590.919 11469.4 535.66 0 10865.3 11596.2 
52.7937 621.53 11433.1 539.82 0 10834.4 11529 
72.938 548.923 11445 541.711 0 11045.3 11528.8 
77.6289 557.854 11512.3 541.918 0 10957.7 11560.4 
61.2954 556.531 11571.7 538.875 0 11065.9 11482.4 
64.0132 549.682 11666.2 530.682 0 10618.4 11535.3 
70.1689 542.301 11667.7 527.156 0 10641.6 11436.7 
58.7138 536.323 11742 527.365 0 10582.6 11424 
67.737 523.861 11806.1 527.229 0 10636.8 11277.5 
73.2052 523.301 11854.2 530.221 0 10477.3 11422.8 
69.5945 502.414 12003 524.684 0 10463.6 11448.3 
59.7896 530.202 12023.9 524.182 0 10474.8 11452.5 
63.2034 525.566 12154.3 516.951 0 10134 11494.3 
56.9824 527.044 12193.6 518.916 0 10112.6 11508 
54.764 541.765 12087.6 520.873 0 10007.6 11675.7 
58.6073 555.065 12061.4 520.508 0 9860.34 11429.3 
58.9662 543.488 12043.5 519.183 0 9844.02 11420.6 
82.2963 553.685 11960.7 525.668 0 9868.41 11301.6 
92.9108 632.247 11912.5 525.531 0 9835.79 11281.1 
166.547 758.801 11693.4 526.065 0 9707.13 10794.7 
185.437 758.716 11606.2 535.815 0 9700.02 10541.2 
177.997 976.929 11388.5 526.024 0 9649.28 10021.4 
239.148 985.24 11229.9 522.591 0 9579.5 9924.53 
220.004 1006.71 11166.7 534.203 0 9697.77 9928.14 
228.68 962.97 11295.8 537.446 0 9698.31 10063.4 
324.994 994.504 11175.1 526.202 0 9899.92 9935.58 
318.35 1014.2 11233.8 527.067 0 9945.27 9969.41 
361.443 976.473 11230.2 531.798 0 9990.27 9955.93 
444.543 921.393 11686.8 525.79 0 10209.6 10155.2 
392.342 958.68 11688.1 532.288 0 10477.6 10090.3 
429.557 834.827 12121 532.22 0 10491.4 10458.8 
420.326 810.35 12265.8 529.69 0 10347.8 10874.7 
282.54 1133.56 12367.4 533.682 0 10194.6 11276.1 
291.852 1165.68 12379.4 534.809 0 10211.4 11226.7 
273.818 1159.43 12381.5 535.893 0 10282.8 11207.4 
232.184 1235.31 12353.4 521.766 0 10172.4 11804.9 
230.445 1235.08 12317.3 521.475 0 10193.3 11959.9 
238.401 1286.95 12285.8 519.293 0 10099.1 11976.9 
232.02 1275.93 12259.5 516.793 0 10107.5 11970.6 
123.51 1330.93 12139.6 522.564 0 10078.9 12176.2 
118.62 1360.34 12284.5 522.178 0 9957.16 12310.3 
99.9092 1109.19 12322.5 526.8 0 10062.7 12602.7 
84.7711 916.765 12293.2 528.18 0 10754.5 12551.1 
78.4154 727.695 12326 535.776 0 11264.3 12500.9 
99.2217 789.963 12082.5 537.899 0 11307 12434.8 
97.7194 554.596 12198.9 532.251 0 11901.5 12114.9 
91.788 589.325 12059.7 537.908 0 11942.5 11940.7 
82.1916 589.679 12065.4 542.271 0 12068.6 11605.9 
77.1225 615.798 11969.1 539.353 0 11926.3 11356.7 
70.9873 594.588 11716.1 543.114 0 12144.8 11230.4 
71.6656 580.761 11321.8 537.131 0 12195.3 11018.8 
67.9594 580.59 11337.5 536.197 0 12183.2 10933.5 
62.3328 597.795 11005.8 529.73 0 12044.3 10220.6 
65.5526 586.936 11044 531.784 0 11948.3 10253.9 
83.199 615.361 11060.5 529.255 0 11186.3 9774.33 
93.9293 595.557 11118.1 527.509 0 11143.9 9722.09 
75.5242 593.048 11137.9 532.587 0 11208.4 9672.02 
85.0936 584.489 11140 534.69 0 11085.9 9661.36 
91.6495 579.779 11117.2 536.466 0 11132.8 9450.78 
103.728 612.951 11174.2 541.257 0 10486.5 9229.9 
70.7406 682.9 11089.7 541.452 0 10439.1 9146.58 
92.1553 934.835 11255.8 539.478 0 10319 9307.53 
101.279 821.178 11301.5 534.813 0 10255.2 9384.4 
108.643 739.299 11194.4 535.736 0 9916.18 9115.24 
114.35 723.778 11274.6 536.041 0 9695.7 9083.1 
125.343 567.287 11439.5 537.785 0 9173.12 8957.91 
118.386 573.874 11460.9 537.968 0 9222.47 8953.84 
145.987 611.987 11519.5 536.509 0 9552.43 8982.3 
111.082 608.337 11542.8 533.634 0 9512.49 8966.25 
116.601 907.994 11392.8 529.678 0 9464.37 8895.25 
123.554 959.43 11318 535.27 0 9422.17 8723.89 
150.681 967.648 11412.2 534.448 0 9490.5 8907.1 
114.195 714.864 11484.9 530.057 0 9649.62 8701.94 
70.5375 639.501 11417.8 529.987 0 9542.71 8609.04 
58.0127 666.598 11464.2 533.189 0 9506.23 8525.08 
52.3221 618.86 11466.7 532.119 0 9515.97 8555.9 
52.1598 635.483 11476.7 532.752 0 9501.59 8518.57 
63.5755 630.076 11675.5 533.604 0 9562.25 8650.86 
50.6468 500.543 11837.1 534.976 0 9455.64 8807.77 
61.8339 500.958 11838.1 551.285 0 9420.57 8934.57 
78.3259 509.455 11869.3 545.287 0 9422.67 8935.57 
100.711 567.5 11848.6 528.988 0 9332.78 9117.89 
181.475 622.581 11910.2 533.455 0 9131.1 9253.77 
226.213 607.488 11914.2 529.944 0 9116.44 9583.78 
229.091 605.136 11999.3 526.743 0 9019.49 9645.25 
275.367 617.717 11981.4 526.004 0 8851.44 9985.76 
268.29 638.435 12040.6 521.793 0 8913.83 9994.22 
227.099 654.76 11703.5 522.304 0 8757.79 9994.33 
278.379 655.636 11695.2 523.422 0 8701.03 9997.55 
203.505 631.453 11681.7 525.759 0 8308.48 10681.2 
210.353 650.844 11719.2 526.183 0 8298.71 10787.9 
209.374 619.589 11780 529.053 0 8477.42 10958.5 
66.2438 437.763 11577.5 397.501 0.666667 8255.28 10466.4 
53.7464 409.384 11568.6 460.488 0 8301.78 10057.8 
50.4806 410.077 11745.6 397.266 0.666667 9664.02 9985.71 
58.7208 430.05 11657.4 342.054 0.666667 8732.34 10060.2 
57.3093 428.866 11816.8 343.999 0.666667 8300.27 10061 
61.8384 380.88 11996.4 348.652 0.666667 7953.07 10077.2 
57.9979 381.741 11954.2 349.03 0.666667 7825.47 10137.9 
70.3917 418.853 11589.9 584.301 0 7047.45 9290.63 
126.195 686.987 11596 477.421 0 7076.31 9017.73 
118.037 1322.4 11678.2 376.009 0.666667 7638.09 9201.65 
236.502 1378.52 11697.8 412.626 0 8025.38 9221.31 
170.068 1241.32 11680.4 411.626 0 8024.6 9094.65 
167.112 1249.31 11697.1 413.073 0 8038.61 9096.7 
51.6858 393.195 11489.5 327.61 0.666667 7140.39 9455.79 
47.6756 399.821 11531.4 327.954 0.666667 7145.3 9343.89 
60.3481 517.71 11453.7 353.526 0.666667 7896.84 8848.7 
78.9324 507.023 11357.3 404.102 0.666667 8319.01 8498.74 
64.4249 400.864 12527.9 371.046 0.666667 10564.1 10445.8 
63.5848 402.42 12403.8 356.299 0.666667 10243.9 10206.8 
60.9518 381.323 12391.9 354.545 0.666667 10259.3 10057 
57.242 377.237 11820.3 323.506 0.666667 9383.01 9156.94 
56.9425 372.992 11004.2 433.27 0 9215.63 9518.9 
50.0899 369.981 10679.5 497.831 0 6130.35 7343.92 
57.4016 376.079 10696 434.255 0 6138.8 7302.1 
55.7351 369.73 10655.3 434.244 0 6262.39 7321.57 
59.9448 377.795 10580.1 434.154 0 6225.98 7135.88 
59.9448 377.777 10573.3 434.27 0 6247.8 7120.38 
7213.56 409.766 10899.2 326.818 0.666667 6498.86 8271.3 
38616.1 4153.03 6851.6 307.946 0.666667 3301.26 3587.19 
36212.8 5178.51 6880.67 312.98 0.666667 3291.79 3572.77 
35531.1 5296.51 6862.21 312.118 0.666667 3302.81 3553.57 
35302.7 5328.49 6869.13 312.119 0.666667 3305.15 3559.84 
35273 5476.97 6837.27 314.577 0.666667 3287.42 3565.66 
35246.2 5562.87 6831.96 313.211 0.666667 3291.41 3566.16 
35382.3 5583.28 6819.73 310.664 0.666667 3267.24 3640.27 
35473.9 5663.13 6872.48 315.034 0.666667 3231.03 3665.94 
35398.7 5755.18 6888.8 317.082 0.666667 3244.84 3675.38 
35410.9 5814.15 6889.62 316.703 0.666667 3228.68 3671.33 
35489.7 5836.43 6902.44 315.286 0.666667 3256.25 3649.91 
35374.5 5910.84 6883.26 303.733 0.666667 3264.1 3650.92 
35265.9 5975.28 6885.75 302.931 0.666667 3265.67 3639.47 
35331.5 6080.07 6876.68 303.426 0.666667 3284.79 3599.21 
35211.3 6154.98 6884.76 303.585 0.666667 3282.76 3594.13 
35571.1 6207.12 6863.97 303.506 0.666667 3267.02 3586.83 
35670.4 6233.68 6878.71 303.246 0.666667 3246.35 3580.38 
54983.1 9290.44 253.266 291.971 0.666667 327.149 332.673 
55300.3 9455.38 263.795 293.304 0.666667 321.923 340.664 
55089.5 9503.45 270.721 292.894 0.666667 322.354 341.079 
55226.5 9583.48 273.984 294.256 0.666667 329.176 351.771 
54966.7 9703.72 273.793 293.194 0.666667 341.571 359.537 
54623.5 9785.74 274.695 292.594 0.666667 335.002 372.468 
54568.5 9868.19 279.24 293.129 0.666667 334.625 384.335 
54350.7 9934.17 272.258 292.912 0.666667 336.208 367.026 
