881
51529.3 9525.99 335.356 435.703 0 492.536 553.587 
51578.4 9528.09 337.309 436.589 0 485.567 550.014 
48566.9 9621.1 323.659 437.101 0 377.247 496.716 
47132.7 9810.84 335.713 437.316 0 408.909 494.94 
45150.6 9841.91 339.607 437.703 0 420.547 510.663 
42690.1 10009 347.73 437.53 0 423.239 531.112 
41236.8 10092.7 353.449 435.774 0 428.326 540.711 
40906.8 10286.6 347.948 435.255 0 420.112 537.333 
38716.1 10390.1 342.073 434.866 0 428.631 565.374 
38593.8 10567.6 348.097 436.427 0 447.015 564.53 
38494.9 10593.4 350.372 436.341 0 451.984 576.873 
38564.6 10791.1 341.633 435.485 0 449.162 565.723 
38835.1 10953.4 351.77 438.285 0 464.228 587.808 
38756 10991.2 353.622 436.709 0 480.299 592.179 
38852.8 11105.9 373.288 436.881 0 483.707 630.749 
38602 11352.2 374.069 436.555 0 452.232 629.309 
38470.6 11590.4 389.713 437.659 0 473.07 637.74 
38262.1 11819.2 392.037 436.985 0 459.418 647.167 
38170 11912.8 394.063 438.289 0 461.137 629.947 
37600.2 12380.3 383.224 437.179 0 440.989 626.068 
37005.9 12735.1 382.694 437.33 0 427.686 622.741 
36411.5 13096 377.043 435.854 0 410.51 617.293 
36655.4 13210.4 382.192 435.117 0 429.672 651.264 
35947.3 13706.2 377.601 435.351 0 466.047 616.388 
35601.8 13756.4 375.729 435.513 0 476.915 619.553 
34828.9 14460.7 368.157 436.987 0 491.037 600.145 
35021.1 14495.8 368.509 438.865 0 510.459 601.021 
34176.6 15018.2 401.672 437.978 0 519.115 636.433 
34126.6 15279.8 388.569 436.671 0 490.215 618.22 
33821.1 15385.8 393.263 436.813 0 548.243 611 
33751.6 15425.7 403.627 437.068 0 565.78 601.643 
38294.9 14697.2 388.502 437.432 0 541.926 590.76 
39302.7 14838.8 402.929 438.613 0 563.021 591.551 
42196.1 14261.8 382.243 436.467 0 527.957 610.151 
45852.2 13267.7 369.961 438.13 0 514.872 603.609 
45943.6 13319 389.005 439.14 0 498.542 632.324 
50127.2 11266.4 399.806 439.016 0 523.248 749.077 
51364.4 10560 393.685 437.937 0 574.345 768.21 
52140.2 10645.2 404.996 440.153 0 613.269 823.82 
64187.4 10791.7 320.28 445.136 0 578.742 539.293 
62670 10602.3 342.694 444.505 0 597.615 552.355 
63247.1 10412 357.723 444.347 0 623.715 571.091 
63744.4 10320.7 358.638 445.326 0 640.851 638.784 
63797 10324.2 364.618 444.716 0 640.985 641.127 
64227.5 10389.7 346.372 446.26 0 751.781 633.788 
65520 10380 372.947 436.871 0 823.649 587.178 
64178.6 10402.7 392.814 436.528 0 874.766 558.405 
63670 10391.6 405.582 438.412 0 881.879 571.529 
62922 10273.8 421.546 438.044 0 902.704 677.248 
62254.6 10122.7 395.983 437.404 0 893.466 657.026 
62343.8 10129.6 397.806 435.112 0 825.46 653.108 
62636.3 9271.12 435.414 434.818 0 870.378 679.349 
63628.1 9052.54 421.876 436.677 0 917.372 659.872 
64149.7 8240.29 443.516 435.245 0 960.67 739.788 
65520.1 7270.69 455.583 435.132 0 960.544 969.867 
65940.3 6810.46 476.454 434.871 0 1071.76 965.957 
67414.5 6801.52 478.549 434.35 0 994.916 953.982 
67560.5 6805.03 486.444 434.501 0 998.673 971.477 
68732.8 6402.97 480.642 436.915 0 910.692 1018.79 
68176.1 6470.59 464.056 437.556 0 859.661 1030.69 
67099.8 6405.33 466.198 436.646 0 981.204 1084.91 
67235.6 6607.54 460.255 437.519 0 1027.78 1053.86 
67173.8 6927.76 455.3 438.622 0 1074.05 1047.45 
66965.1 6929.27 439.871 433.797 0 982.012 1017.7 
66180.6 7073.95 414.396 434.523 0 972.717 1038.17 
66938.7 7070.67 451.622 433.851 0 1159.3 1011.25 
66233.6 7081.39 418.864 432.757 0 1040.25 1013.13 
66487.4 7274.17 425.715 423.575 0 1063.29 1028.04 
66845.6 7183.32 431.954 425.2 0 1085.27 1028.06 
65770.6 7255.95 441.285 415.159 0 1219.7 1054.55 
65495.5 7334.91 455.842 418.429 0 1265.9 1003.49 
64620.7 7336.63 464.625 429.451 0 1164.6 993.103 
64467.3 7333.13 472.058 429.03 0 1144.05 977.137 
64831.2 7257.7 433.555 489.777 0 1053.36 982.496 
64344.4 7276.99 426.681 412.177 0 1040.64 906.375 
64958.4 7284.21 429.423 415.477 0 1040.59 935.519 
65588.9 7427.87 437.27 424.315 0 1066.96 924.827 
64957.9 7361.84 374.96 433.415 0 578.649 643.63 
64276.8 7391.18 378.859 431.192 0 670.136 648.555 
63909.3 7388.95 379.663 430.248 0 665.037 674.445 
64085.8 7353.3 377.897 433.634 0 652.981 705.946 
64357.8 7176.22 382.165 442.968 0 665.753 742.668 
64381.6 7168.31 386.563 442.449 0 681.272 760.309 
65479.9 7113.13 395.154 441.479 0 722.579 739.561 
65445 7067.72 389.778 441.772 0 709.385 773.259 
66068.3 6924.94 378.671 441.946 0 696.977 743.565 
66249 6451.22 386.829 442.398 0 701.821 720.35 
66334 6311.47 407.107 440.572 0 678.541 761.454 
66590.9 6209.58 417.471 441.152 0 687.514 733.238 
67164.5 6132.19 412.975 442.04 0 685.757 725.397 
67442 5868.5 400.793 443.506 0 701.269 714.288 
67205.6 5899.19 422.847 444.056 0 712.977 714.885 
67705.9 5838.71 418.422 444.493 0 672.837 715.704 
67887.9 5845.54 414.86 444.735 0 700.689 733.99 
67766.6 5922.19 423.013 447.913 0 747.762 743.892 
67843.1 5691.58 452.355 446.707 0 802.203 807.329 
67940.8 5698.89 455.467 444.997 0 831.429 826.506 
67823.8 5678.98 460.445 445.268 0 806.812 833.541 
71650 5487.01 400.732 445.946 0 695.374 714.384 
71556.4 5517.82 398.365 449.041 0 722.791 719.79 
71279.5 5431.73 411.959 448.269 0 734.161 775.477 
71247.8 5361.62 429.125 449.489 0 721.114 815.463 
71068.7 5335.13 443.25 446.715 0 797.256 794.818 
70902.5 5340.08 435.96 446.83 0 796.092 799.2 
70871.8 5220.89 416.137 447.994 0 801.428 737.397 
71059.8 5232.46 432.2 445.144 0 838.507 770.878 
70721.3 5229.06 448.368 444.718 0 876.586 791.546 
70835.3 5184.24 447.668 443.21 0 852.404 812.686 
71164.8 5224.54 462.637 442.143 0 879.083 822.497 
70725.9 5312.75 460.545 445.001 0 856.755 833.846 
71040.1 5258.04 461.667 445.039 0 846.197 821.45 
56415 5851.91 3546.14 453.326 0 3389.94 2953.25 
56168.9 5850.91 3839.56 453.956 0 3429.94 3143.49 
55973.6 5833.48 3831.5 454.337 0 3451.88 3159.81 
62572.2 3121.27 3673.53 453.342 0 3086.95 3147.6 
62664.9 3068.05 3433.61 454.018 0 2821.19 3404.12 
62583.5 3058.46 3458.35 453.336 0 2633.96 3387.37 
62805.7 2809.86 3385.95 459.876 0 2314.3 3135.83 
63065.4 2664.93 3416.53 457.164 0 2478.96 2975.61 
63126 2707.5 3533.61 458.23 0 2591.35 3015.7 
63041.5 2715.98 3540.42 459.915 0 2575.12 3013.12 
62988.8 2736.08 3655.89 461.611 0 2836 3046.89 
63162.6 2740.65 3608.76 459.279 0 2727.01 3056.69 
63339 2705.62 3660.38 460.306 0 2460.85 3072.76 
63451.9 2717.22 3670.79 460.974 0 2369.57 2992.3 
63514.3 2724.93 3605.9 465.08 0 2230.42 2891.87 
63382.5 2749.92 3603.46 464.332 0 2208.07 2884.72 
63696.8 2672.58 3624.84 460.129 0 2239.5 2878.58 
63567.3 2652.99 3585.74 457.931 0 2089.41 2632.77 
63523.1 2740.58 3617.13 448.441 0 1995.77 2617.4 
63642.1 2987.87 3297.17 445.674 0 2125.75 2768.15 
63942.8 3022.49 3451.86 404.765 0 2443.8 2840.05 
64083.6 2924.17 3442.94 401.664 0 2624.01 2897.46 
45522.1 2834.12 3646.2 429.626 0 2969.47 6951.33 
45572.5 2951.63 3770.51 429.92 0 3196.23 7128.48 
45384.1 2932.2 3805.13 430.4 0 3538.38 7309.42 
45191.1 2905.19 4033.54 428.252 0 3421.79 7617.05 
45016.6 2712.35 4361.74 484.222 0 3756.83 7704.74 
44897.9 2609.41 4476.7 409.029 0 4053.83 7733.6 
44588.8 2607.67 4493.75 422.278 0 4081.32 7610.35 
44608.8 2539.18 4456.26 420.11 0 3920.94 7334.26 
44261.2 2677.11 4316.19 415.113 0 3815.25 7187.71 
44206 2713.4 4021.76 399.23 0 3474.52 7070.02 
44033.5 2704.58 3787.58 397.389 0 3249.98 7122.92 
43937.2 2767.31 3712.08 398.443 0 3255.94 7082.9 
43747 2767.65 3722.58 403.249 0 3282.36 7096.17 
43571.6 2735.12 3590.9 408.844 0 3308.92 7089.92 
43282.1 2731.9 3637.54 429.77 0 3403.14 7176.38 
43032.1 2704.67 3682.82 435.121 0 3343.24 7197.57 
42983.2 2691.53 3728.66 501.89 0 3084.44 7196.11 
42852.3 2606.22 3611.71 421.239 0 2970 6960.53 
42708.9 2436.73 3555.78 421.145 0 2993.17 6773.39 
36562.7 2355.7 3578.53 413.862 0 2654.04 6513.63 
36256.3 2612.22 3844.95 410.845 0 2818.05 6775.74 
35977.2 2642.51 3864.7 419.2 0 2786.54 6770.12 
35680.8 2769.16 3937.54 426.283 0 3010.63 6919.48 
35549.2 2782.89 3866.65 434.365 0 3034.39 7007.61 
35635.3 2785.28 3634.13 435.622 0 2931.52 6953.2 
35151.9 2774.98 3652.84 431.775 0 3080.68 7048.5 
34965.8 2655.21 2975.99 435.433 0 2696.36 6581.64 
35126.3 2676.19 2912.58 444.359 0 2913.71 6652.78 
22852.3 2659.92 3505.91 448.534 0 3922.82 7696.31 
22686.8 2617.24 3613.3 448.459 0 3860.56 7413.96 
22654.4 2596.07 3634.54 448.769 0 3932.63 7425.13 
22501 2588.33 3583.81 450.464 0 3745.2 7327.84 
22580.8 2748.8 3802.23 449.405 0 3598.04 7719.66 
8667.33 2821.56 4361.76 451.986 0 4591.09 9319.68 
8659.06 2772.6 4515.81 451.492 0 4742.8 9686.24 
8667.01 2763.57 4485.05 453.109 0 4925.89 9508.75 
8683.03 2919.66 4800.6 451.593 0 5085.66 10000.7 
8691.79 2848.54 4850.36 454.383 0 5156 10281.9 
8672.36 2877.67 4883.38 456.62 0 5211.78 10357.2 
8743.67 2637.07 4913.38 454.727 0 5437.67 10274.5 
8779.76 2690.69 4839.13 451.164 0 5081.63 9858.85 
8677.99 2544.16 4738.17 449.36 0 4756.27 9439 
8486.44 2535.85 4663.14 444.884 0 4676.35 9382.42 
8538.77 2467.1 4784.42 458.763 0 4669.18 9312.28 
8529.2 2462.42 4836.66 453.709 0 4739.01 9238.03 
8464.64 2454.88 4886.07 458.171 0 4839.99 8994.99 
8547.17 2506.53 4896.15 458.789 0 4910.75 8923.26 
8539.99 2485.34 4814.03 460.436 0 5180.14 8909.16 
8538 2488.77 4853.51 454.86 0 5243.18 8927.14 
8599.13 2555.66 5062.68 450.664 0 5860.25 8859.32 
8458.86 2590.21 4952.15 451.111 0 5956.32 8846.6 
8464.75 2617.16 5329.23 457.564 0 5904.06 8837.34 
8502.13 2692.05 5424.05 463.399 0 5829.08 8735.09 
8449.86 2699.87 5415.44 459.151 0 5814.68 8847.57 
8446.12 2693.14 5261.79 458.193 0 5778.98 9007.39 
8234.04 2704.61 5291.45 462.819 0 5831.72 9488.7 
8275.31 2737.25 5239.33 462.196 0 5423.76 9580.07 
8264.61 2718.59 5157.91 463.295 0 5532.97 9790.67 
8223.59 2704.89 4819.09 462.299 0 5635.9 10499.1 
8187.62 2660.47 4722.17 463.382 0 5826.49 10673.4 
8173.23 2663.35 4573.12 461.481 0 5513.87 11139.6 
8197.53 2629.69 4581.78 463.234 0 5565.25 12140.7 
8200.68 2643.27 4612.68 467.009 0 5568.39 12344.7 
8228.78 2651.6 4463.71 467.348 0 5655.07 12387.2 
8222.06 2654.23 4487.92 460.715 0 5519.95 11643.8 
8221.67 2653.65 4575.71 457.614 0 5218.27 11477.2 
8217.18 2676.5 4628.95 437.658 0 5293.67 11373.4 
8267.81 2650.82 5081.21 432.072 0.4 5288.07 11228.7 
8263.62 2669.9 5189.01 420.294 0.4 5450.66 10791.8 
8249.47 2643.46 5202.68 416.661 0.4 5356.01 10488.6 
8234.45 2618.59 5146.19 419.278 0.4 5341.16 10594.4 
8227.14 2622.92 5180.06 423.032 0.4 5379.12 10678.2 
8194.03 2553.39 5000.28 433.652 0 4266.33 10613 
8232.81 2531.48 4992.8 463.318 0 4655.31 10858.2 
8230.58 2536.47 5018.59 454.573 0 4840.32 10868.2 
8243.65 2562.48 5046.42 446.346 0 4859.71 11112.7 
8247.67 2559.99 5117.73 421.267 0.4 4883.84 10943.3 
8308.27 2600.37 5156.91 400.251 0.8 4913.91 10862.6 
8179.54 2594.66 5145.68 392.6 0.8 4587.54 10981.5 
8174.11 2590.65 5144.97 398.936 0.8 4634.41 10831.2 
8169.14 2603.92 5242.48 406.132 0.4 4432.5 10920 
8175.78 2614.6 5287.95 406.054 0.4 4492.92 10929.4 
8187.64 2605.1 5268.36 406.206 0.4 4511.52 11178.4 
8125.13 2590.04 5238.7 424.273 0.4 4638.98 11138.5 
8092.7 2573.11 5189.63 424.498 0.4 5075.14 11416.2 
8091.34 2574.54 5265 426.558 0.4 5104.12 11332.6 
8028.36 2570.63 5109.55 449.209 0 4950.04 11105.8 
7972.09 2531 4982.59 439.725 0 4875.01 11027.9 
7973.35 2530.42 4807.39 440.644 0 4824.29 11030.2 
7968.31 2550.3 4713.57 493.116 0 4180.5 10494.6 
8014.24 2534.35 4634.14 495.067 0 4062.1 10202.8 
8015.47 2526.1 4637.34 499.396 0 4235.29 9969.72 
7919.17 2489.2 4556.31 421.67 0.4 4301.42 10097.9 
7922.49 2489.97 4532.45 414.397 0.4 4699.86 10140.8 
7931.33 2497.33 4477.59 401.782 0.4 4853 10227.2 
7938.68 2441.61 4297.4 416.37 0.4 5046.59 10706.8 
7932.07 2435.82 4369.82 409.325 0.4 5091.52 10962.3 
7934.94 2500.12 4395.53 415.967 0 4891.12 11266.3 
7992.32 2500.46 4398.82 403.749 0 4820.07 11601.9 
7990.28 2479.73 4485.29 413.098 0 4716.21 11526.4 
7966.81 2499.98 4493.01 400.472 0 4634.32 11430.3 
7936.32 2613.56 4400.84 395.367 0 4317.57 11242.7 
7931.6 2593.04 4442.86 459.479 0 4298.64 11313.2 
7849.5 2605.25 4589.1 419.912 0 4425.92 11302.3 
7863.84 2611.01 4596.33 421.726 0 4432.33 11051.2 
7868.98 2604.22 4682.98 440.986 0 4531.24 10729.3 
7663.48 2624.62 4706.52 441.261 0 4563.33 10656.2 
7608.42 2603.24 4751.31 440.868 0 4685.55 10739.6 
7598.48 2595.98 4937.76 440.727 0 4453.54 10545.3 
7601.72 2608.54 4971.34 442.349 0 4321.35 10472.6 
7603.52 2604.74 5152.52 487.84 0 4431.11 10455.5 
7420.64 2644.2 5240.05 484.228 0 4262.53 10228.9 
7425.95 2627.83 5348.48 480.656 0 4455.3 10396.7 
7430.32 2625.93 5330.06 477.492 0 4341.25 10893.8 
7354.45 2738.64 5554.23 475.709 0 4329.28 11108.5 
7321.73 2735.63 5545.39 473.48 0 4377.61 11074.6 
7318.77 2742.61 5598.2 476.102 0 4392.62 11060.7 
7343.34 2751.93 5464.31 480.554 0 4337.01 10976.5 
7255.16 2726.79 5534.92 486.383 0 4339.97 11009.8 
7255.59 2720.6 5547.78 486.571 0 4458.39 10703.5 
7171.58 2795.92 5510.03 475.999 0 4565.85 10554.8 
7056.99 2829.56 5267.36 478.751 0 4404.83 10231.4 
7055.22 2823.85 5225.14 475.09 0 4435.13 10116.1 
7033.93 2835.48 4988.72 470.559 0 4318.99 9928.65 
7040.83 2828.69 4900.69 471.05 0 4100.19 9962.54 
7012.33 2829.81 4767.82 468.221 0 3991.54 9772.52 
6966.69 2797.76 4801.81 472.115 0 3778.13 9906.87 
6964.74 2798.9 5012.83 470.88 0 4021.32 10325.5 
6953.14 2797.24 5036.25 466.462 0 4055.33 10496 
6898.5 2752.29 5221.13 470.507 0 4332.09 10720.1 
6897.86 2755.4 5375.35 468.385 0 4631.28 11106.6 
6961.15 2784.53 5309.86 465.529 0 4867.07 11321.1 
6935.02 2838.59 5290.91 468.98 0 4842.04 11179.5 
6930.7 2837.55 5294.28 468.159 0 4973.15 10980.8 
6871.31 2786.6 5322.04 467.809 0 4783.43 10882.6 
6890.44 2805.7 5388.38 470.74 0 4662.05 10691.8 
6890.35 2806.75 5290.11 466.854 0 4594.58 10512.9 
6891.33 2804.75 5255.51 465.735 0 4677.67 10232.1 
6802.41 2768.35 5221.07 475.296 0 4475.95 10104.2 
6803.32 2766.26 5381.01 471.322 0 4455.59 10110.8 
6858.58 2669.64 5298.6 467.759 0 4554.4 10354.1 
6853.92 2673.79 5371.68 463.381 0 4449.67 10600.8 
6793.58 2715.9 5492.81 465.496 0 4479.55 11033.5 
6700.88 2687.22 5679.69 467.34 0 4504.72 11604.3 
6697.45 2690.01 5785.55 468.83 0 4709.25 12181.7 
6686.92 2689.2 5740.07 470.572 0 4803.15 12316.5 
6684.14 2711.93 5614.85 461.255 0 4541.74 12796.9 
6687.1 2715.18 5668.97 464.565 0 4641.06 12917 
6527.6 2701.86 5682.04 466.174 0 4793.75 12867.1 
6438.92 2688.39 5782.84 468.287 0 5038.9 12555.6 
6441.99 2677.85 5751.45 462.311 0 5172.17 12605.6 
6298.06 2725.91 5720.57 462.297 0 5278.82 12373.1 
6096.24 2848.99 5463.43 474.5 0 5373.32 12293.3 
6089.7 2840.06 5333.11 469.695 0 5627.3 12331.9 
6035.81 2877.35 5101.07 471.347 0 5414.04 12323.9 
6029.78 2864.09 4966.67 470.89 0 5312.1 12555.6 
6026.68 2868.81 4797.93 467.899 0 5214.13 12699 
5896 2869.42 4758.27 468.499 0 5207.23 12852 
5899.21 2885.66 4524.62 451.017 0 4810.07 12874.6 
5856.03 2876.28 4643.28 455.971 0 4586.63 12862.4 
5903.86 2854.98 4801.17 468.405 0 4564.11 12661.1 
5902.97 2854.81 4839.97 468.328 0 4556.98 12598 
5931.45 2874.42 4800.94 443.825 0 4774.87 11718.7 
5950.07 2870.83 4783.51 336.855 0.4 4990.67 11183.3 
5948.27 2870.04 4871.77 337.543 0.4 5000.21 11265.7 
5952.78 2881.25 4854.49 336.366 0.8 5140.15 11078.3 
5896.5 2856.49 5112.98 402.938 0 5504.94 10475.2 
5890.48 2859.39 5678.71 384.684 0.4 5953.72 11947.2 
5785.42 2852.96 5582.37 330.227 0.4 5961.23 11265.6 
5660.46 2884.82 5892.31 351.153 0.4 7547.94 11852.4 
5660.14 2884.88 5891.98 344.034 0.4 7736.18 11852.9 
5403.44 2880.24 5604.98 333.265 0.8 8032.5 12045.9 
5407.48 2881.35 4690.48 394.645 0.4 5950.51 10334.7 
5431.12 2877.35 4850.78 362.899 0.4 5900.53 10814.6 
5462.7 2866.98 5062.78 406.152 0 5750.18 11076.6 
5463.31 2875.95 5026.15 399.082 0.4 6292.47 11095.9 
5245.15 2895.42 5036.84 396.87 0.4 6179.77 11228.6 
5074.72 2948.62 4947.81 398.462 0.4 6051.73 11100.3 
5075.64 2964.51 4933.9 377.645 0.4 5621.52 10366.3 
4992.22 2966.59 4906.24 392.842 0.4 5127.18 10585.4 
4831.77 2938.71 5578.95 375.974 0.4 5880.43 12032.3 
4830.65 2941.22 5136.69 358.398 0.4 5457.07 10439.4 
4752.87 3003.28 5119.33 358.507 0.4 5495.65 10352.9 
4730.31 3008.53 5152.31 358.428 0.4 5397.35 10096.4 
4735 2997.52 4905.29 413.993 0 5355.44 9409.03 
4656.57 3091.02 4853.48 451.525 0 4636.17 7950.96 
4672.71 3049.47 4875.67 394.363 0 4537.96 7800.93 
4670.01 3054.07 5111.38 336.59 0.4 4494.36 7586.72 
4529.67 3007.59 5293.72 335.08 0.4 4756.26 7820.52 
4530.09 3006.33 5280.87 337.14 0.4 4624.13 7813.75 
11101.1 2964.3 2727.36 346.612 0.4 5551.29 8438.87 
11200.3 2997.31 2757.47 340.748 0.4 5451.78 8414.11 
11243.8 3014.95 2569.48 334.707 0.4 5138.34 7957.25 
11334.6 2986.13 2460.97 338.859 0.4 4832.51 7545.15 
11019.9 2955.28 2427.15 340.944 0.4 4787.1 7385.82 
10988.7 2955.49 2400.12 342.326 0.4 4727.22 7359.32 
10995.5 2976.51 2299.24 339.463 0.4 4691.72 7356.96 
10888.8 3069.03 2254.94 256.034 0.8 4715.19 6980.38 
10835.1 3086.95 2223.91 395.622 0.4 4760.97 6195.06 
10573.4 3065.29 2317.09 323.337 0.4 4861.02 6475.99 
10624.8 3017.04 2402.16 346.558 0.4 5040.28 7668.57 
10624.8 3016.07 2433.25 345.222 0.4 5045.83 7760.1 
10531.5 3036.32 2553.09 345.996 0.4 5440.55 8653.73 
10195.9 3027.81 2598.55 345.1 0.4 5479.05 8596.32 
9804.68 3017.26 2593.05 342.995 0.4 5552.44 8700.29 
5780.15 160.089 3052.76 348.364 0.4 6847.35 10151 
5649.96 183.23 3074.33 346.987 0.4 6735.93 10424.6 
5671.45 189.206 3072.39 348.44 0.4 6693.32 10407.9 
5148.83 153.669 3008.83 348.437 0.4 5999.23 10803.1 
5040.57 159.274 2964.43 341.2 0.4 6102.82 10702.8 
4976.11 169.73 2943.32 340.011 0.4 5916.07 10695.2 
4859.74 178.592 2886.05 341.091 0.4 6029.56 11320.5 
4836.82 188.11 2976.23 342.349 0.4 6274.97 11491.8 
4651.36 203.252 2868.32 342.26 0.4 6354.02 11898 
4773.81 219.047 2858.67 339.139 0.4 6339.49 11925.4 
4852.01 215.08 2862.77 337.122 0.4 6756.33 10960.5 
4860.18 208.055 2802.14 326.933 0.4 6991.32 10730.8 
4942.67 209.066 2814.96 317.769 0.4 7149.23 10271.1 
4972.21 207.861 2895.75 315.787 0.4 7117.82 9955.04 
4781.58 203.683 2853.37 308.523 0.8 6849.42 9786.33 
4663.27 205.17 2863.38 308.153 0.8 6851.63 9768.22 
4524.66 169.277 3022.44 314.009 0.8 6502.31 9777.01 
4424.64 145.2 3076.38 305.353 0.8 6478.47 9743.44 
4328.07 133.106 3098.48 306.489 0.8 6436.21 9850.61 
4342.26 122.883 3109.29 354.902 0.4 6381.22 9425.8 
4008 131.35 3130.08 332.258 0.4 6353.57 9672.18 
3849.21 133.365 3125.43 332.744 0.4 6285.65 9311.14 
4007.83 146.919 3163.11 316.444 0.4 6265.85 9113.81 
3934.84 152.67 3126.41 308.273 0.8 5342.69 8677.44 
3974.26 144.811 3081.47 308.996 0.8 5140.59 8412.93 
3967.45 147.09 2965.22 309.259 0.8 5013.82 8461.8 
4142.39 120.418 3083.3 305.186 0.8 5357.63 8126.84 
4223.58 121.337 3004.39 307.428 0.8 5351.77 8097.59 
4294.83 114.859 3015.87 306.921 0.8 5357.44 8436.37 
4411.37 110.325 3015.89 338.314 0.4 5331.56 8385.48 
4569.41 117.322 3052.28 339.794 0.4 5376.26 8815.27 
4521.98 145.184 3009.61 341.262 0.4 5286.26 8963.8 
4898.02 146.188 2997.84 341.101 0.4 5224.18 8977.96 
5192.2 197.381 2984.86 338.757 0.4 5191.21 8955.43 
5325.22 184.753 3014.76 336.866 0.4 5180.48 8773.71 
5711.08 178.926 2929.62 336.7 0.4 5056.92 8816.9 
5701.9 272.884 2940.4 337.454 0.4 5121.3 8752.38 
5719.08 264.285 2902.69 339.137 0.4 5077.14 8330.76 
6136.77 248.373 2868.92 339.025 0.4 5182.22 8269.76 
6123.53 152.575 2924.17 340.223 0.4 5218.78 8287.02 
6022.51 122.638 3035.72 339.865 0.4 5186.46 8300.04 
5097.79 124.752 3083.08 339.173 0.4 5291.66 8782.79 
4539.25 110.256 3215.86 344.01 0.4 5518.38 8762.16 
4430.45 111.971 3252.36 345.064 0.4 5468.8 8699.47 
4435.46 110.13 3241.53 344.867 0.4 5454.87 8693.11 
4415.06 101.339 3255.84 346.154 0.4 5790.98 8775 
4442.89 100.701 3236.54 346.448 0.4 5880.21 8780.75 
4352.14 107.4 3204.47 344.104 0.4 5810.22 8654.4 
4355.01 98.8415 3219.32 342.051 0.4 5848.47 8571.62 
4351.49 98.9657 3275.73 347.553 0.4 5665.48 8389.94 
4302.2 112.568 3213.83 340.002 0.4 5805.13 8247.73 
4430.15 102.67 3286.88 343.794 0.4 5678.57 8387.46 
4471.4 100.519 3162.63 344.951 0.4 5714.59 8418.79 
4453.01 99.9971 3194.77 346.777 0.4 5770.87 8810.44 
4462.5 96.6294 3170.38 347.131 0.4 5855.54 8770.8 
4582.06 96.3218 3013.06 347.907 0.4 5925.12 8739.93 
4616.36 104.371 3040.84 346.714 0.4 6090.39 8704.2 
4597.98 93.4013 2993.78 345.127 0.4 6099.45 8524.44 
4949.13 91.0583 2922.42 344.177 0.4 6068.43 8471.4 
5084.62 95.4168 2840.97 345.202 0.4 6038.74 8110.12 
5093.61 93.2362 2865.35 344.798 0.4 5630.11 8162.18 
5562.93 96.4372 2873.52 343.68 0.4 5601.3 8061.18 
5868.8 92.9678 2890.23 343.819 0.4 5450.28 8118.35 
6181.64 99.8435 2952.54 345.077 0.4 5260.98 8294.52 
6326.1 88.2408 2935.34 346.326 0.4 5140.07 8085.04 
6541.04 82.9518 3005.54 347.258 0.4 5285.73 8142.64 
6596.64 89.8542 3052.01 347.311 0.4 5283.12 8119.68 
6781.74 94.8316 3089.48 349.425 0.4 5431.54 8277.66 
6809.48 102.016 3301.28 346.755 0.4 5584.38 8359.47 
6142.76 96.3896 3291.81 345.382 0.4 5682.28 8358.56 
5661.48 91.199 3302.46 341.087 0.4 5799.34 8250.28 
5633.75 89.7244 3246.73 341.219 0.4 5842.12 8035.96 
5579.54 86.9445 3228.67 338.255 0.4 5823.66 7833 
5566.46 84.3291 3227.69 337.906 0.4 5969.9 8004.7 
5572.08 93.9228 3236.2 338.07 0.4 5902.3 8051.93 
5567.92 97.4629 3245.19 337.357 0.4 5938.66 8200.61 
5550.16 98.4945 3362.44 334.783 0.4 5937.18 8445.98 
5562.05 89.5822 3280.99 334.341 0.4 5897.11 8457.51 
5585.46 93.502 3335.9 338.121 0.4 6013.69 8666.08 
5639.8 87.9555 3454.47 340.158 0.4 6266.24 8628.09 
5577.91 87.5862 3452.49 339.691 0.4 6223.7 8522.72 
5565.19 89.3574 3448.47 341.078 0.4 6140.44 8466.55 
5549.79 88.8389 3447.69 336.3 0.4 6003.74 8266.1 
5613.66 86.1215 3460.12 334.248 0.4 5894.38 8007.51 
5631.35 90.2833 3488.95 334.687 0.4 5942.44 7890.66 
5743.35 88.7666 3487.97 333.25 0.4 5998.38 7740.8 
5884.29 94.083 3694.51 333.122 0.4 6194.67 7817.17 
5948.39 92.9883 3579.2 333.302 0.4 6286.05 7709.97 
5943.9 95.5022 3617.17 335.607 0.4 6428.91 7998.02 
5998.59 94.5069 3521.07 336.339 0.4 6491.67 8007.56 
6010.85 99.1567 3458.69 336.742 0.4 6499.95 8025.25 
6231.09 105.96 3561.84 336.696 0.4 6581.5 7878.33 
6265.8 98.5642 3629.68 332.68 0.4 6479.88 7818.54 
6251.92 103.595 3599.63 334.336 0.4 6528.09 7752.73 
6310.34 116.593 3796.92 333.916 0.4 6564.66 7540.73 
6327.25 129.784 3789.21 334.436 0.4 6591.02 7478.43 
6345.25 161.615 3810.11 333.587 0.4 6739.82 7382.02 
6377.75 189.974 3938.52 330.823 0.4 6752.57 7400.14 
6280.08 202.013 3925.64 328.62 0.4 6737.03 7455.09 
6164.87 207.021 3963.54 330.607 0.4 6723.24 7871.55 
6024.16 258.055 4115.17 335.997 0.4 6734.06 8150.53 
5983.18 312.555 4266.41 340.582 0.4 6799.76 8241.97 
5954.04 454.133 4442.79 341.741 0.4 6824.53 8280.05 
5707.31 442.667 4421.37 337.292 0.4 6806.85 8167.48 
5585.84 469.266 4477.18 336.714 0.4 6919.14 8178.19 
5394.8 451.602 4791.14 334.905 0.4 7040.28 7916.3 
5439.47 452.392 4909.66 335.28 0.4 7145.25 7946.19 
5426.73 255.593 4743.23 333.681 0.4 7542.37 8198.3 
5420.91 224.632 4813.48 333.271 0.4 7845.27 8362.35 
5445.14 180.714 4558.79 335.251 0.4 8486.22 8244.28 
5328.62 186.095 4398.22 335.726 0.4 8399.49 9060.87 
5230.98 190.152 4234.46 332.791 0.4 8445.02 9412.38 
5116.63 191.762 4216.62 333.742 0.4 8419.15 9441.67 
5124.53 190.53 4205.61 328.716 0.4 9024.15 9375.95 
5010.82 185.867 4150.93 328.14 0.4 8972.95 9182.77 
5002.51 167.653 4450.09 331.273 0.4 9410.78 9277.69 
4072.47 144.479 4902.52 333.669 0.4 9581.64 8577.08 
3005.78 129.691 4708.93 336.957 0.4 9428.17 8516.36 
2964.12 129.831 4943.52 345.051 0.4 9144 8474.63 
2950.67 126.996 4956.67 343.644 0.4 9269.9 8329.17 
968.213 121.151 5657.34 344.676 0.4 9278.56 8627.83 
497.177 108.024 5821.55 346.13 0.4 9351.96 8822.58 
472.487 116.98 5841.19 346.323 0.4 9141.45 9074.31 
352.878 125.522 7049.41 348.241 0.4 11055.7 9585.12 
340.588 149.361 6984.24 349.957 0.4 10687.8 9675.84 
328.15 136.311 7044.54 351.244 0.4 10863.3 9729.42 
448.891 140.863 6087.89 348.967 0.4 8192.13 9333.42 
1404.71 145.544 6273.88 351.674 0.4 8262.04 9454.79 
1806.38 150.339 6403.84 349.893 0.4 8133.78 9030.66 
476.751 131.304 6141.81 350.187 0.4 7882.33 8339.94 
458.821 125.8 6229.39 348.576 0.4 7867.92 8252.42 
454.179 127.561 6241.96 348.816 0.4 7879.21 8267.81 
1021.99 120.074 6367.94 343.708 0.4 8189.17 8376.05 
1100.35 138.265 6297.89 341.921 0.4 8455.64 8195.21 
277.106 171.316 6759.76 361.442 0.4 9219.57 8867.44 
435.684 172.521 6165.57 354.318 0.4 8741.58 8333.38 
418.234 207.664 5996.11 352.394 0.4 8720.78 8362.4 
421.334 247.951 5893.66 353.349 0.4 8771.27 8426 
64.8797 242.986 5668.1 410.164 0 8528.42 7990.93 
96.3141 278.565 5319.85 447.87 0 7950.65 7598.18 
92.3624 292.834 5157.87 404.528 0 7802.48 7373.79 
79.8071 279.454 5098.93 345.671 0.4 7785.01 7326.48 
76.7557 271.51 5126.91 344.292 0.4 7638.43 7292.11 
70.8558 251.01 5182.22 342.94 0.4 7582.55 7167.7 
10821.3 1830.06 5294.69 464.719 0 7559.98 7234.09 
10821.5 2146.79 5360.17 461.305 0 7391.44 7219.19 
10787.8 2177.47 5346.04 460.103 0 7429.67 7297.2 
10824.6 2176.04 5447.77 457.706 0 7357.5 7302.81 
10865.3 2080.14 5536.93 457.473 0 7222.05 7489.31 
10855.6 2082.58 5561.06 457.938 0 7092.86 7640.09 
10664.1 2113.28 5538.28 457.252 0 7039.04 7557.59 
10708.7 2145.48 5705.49 457.869 0 7071.82 7542.58 
10560.3 2150.73 5773.41 456.599 0 6865.65 7474.69 
10208.1 2261.5 5811.8 456.012 0 6891.57 7473.79 
10238.7 2259.82 5803.95 455.942 0 6950.61 7337.26 
10184 2313.81 6056.07 458.214 0 6865.41 7386.78 
10148.5 2334.84 6088.98 455.75 0 6975 7360.13 
10115 2357.4 6193.25 462.148 0 6936.2 7408.67 
10039.2 2390.83 6175.88 458.42 0 7282.91 7456.5 
10047.7 2397.56 6233.9 462.07 0 7319.48 7445.49 
9969.52 2399.53 6226.59 461.902 0 7257.69 7418.84 
9853.63 2440.09 6209.23 460.377 0 7389.47 7484.69 
9962.88 2447.93 6070.05 459.734 0 7292.92 7513.42 
9780.25 2441.52 5964.03 460.631 0 7350.8 7536.84 
9744.98 2451.24 5934.07 460.612 0 7458.1 7485.69 
9769.53 2455.59 5771.73 468.46 0 7563.5 7311.33 
9796.14 2456.45 5781.45 459.775 0 7422.81 7322.58 
9683.66 2500.11 5599.41 454.505 0 7380.25 7271.29 
9781.17 2493.25 5573.63 453.946 0 7640.42 7159 
9704.39 2522.39 5531.59 459.298 0 7695.07 7143.22 
9651.73 2580.33 5565.02 455.91 0 7706.19 7176.94 
9627.93 2551.21 5543.73 455.192 0 7939.43 7184.83 
9622.79 2540.14 5569.81 454.653 0 7926.94 7273.51 
9595.89 2523.49 5633.6 456.548 0 8079.33 7310.49 
9576.49 2556.4 5662.12 456.519 0 8093.02 7412.56 
9623.29 2521.16 5862.44 459.216 0 7871.73 7671.07 
9672.22 2516.35 5922.83 459.609 0 7858.77 7840.27 
9689.65 2519.07 5921.66 458.165 0 7831.05 7681.1 
9682.03 2500.35 5925.78 459.281 0 7741.57 7851.18 
9696.58 2512.43 5867.23 461.004 0 7718.65 7797.05 
9709.66 2522.33 5771.96 459.58 0 7625.64 7692.8 
9705.61 2568.01 5644.6 456.834 0 7437.22 7657.95 
9532.1 2591.41 5691.62 459.485 0 7373.6 7590.43 
9286.74 2634.54 5559.76 460.95 0 7155.05 7529.17 
9227.85 2662.9 5250.64 460.845 0 6966.79 7614.1 
9142.21 2718.05 5164.33 459.939 0 6993.93 7592.46 
8932.48 2713.67 5124.52 460.687 0 7114.21 7635.93 
9021.22 2696.52 4951.46 459.851 0 7116.95 7679.36 
9014.46 2762.41 5001.67 459.468 0 7073.4 7696.4 
9014.95 2732.35 4891.32 458.672 0 6985.99 7639.66 
9074.76 2699.1 4925.69 457.677 0 6943.44 7700.44 
8858.03 2645 4596.04 458.792 0 7122.07 7566.6 
8767.26 2606.46 4549.69 461.028 0 7180.75 7562.82 
8744.65 2626.34 4431.64 457.42 0 7377.23 7707.3 
8846.19 2520.25 4431.28 460.616 0 7556.15 7721.69 
8793.42 2506.79 4408.58 456.915 0 7716.6 7891.85 
8768.96 2506.94 4279.35 456.64 0 7954.32 7915.86 
8764.41 2505.22 4288.54 452.601 0 7763.14 8091.32 
8844.7 2485.11 4230.1 387.877 0.4 7479.7 8182.24 
9015.3 2429.05 4266.45 391.789 0.4 7704.06 8220.13 
9024.5 2472.87 4232.11 396.452 0.4 7694.65 8253.86 
9003.76 2474.1 4227.5 395.227 0.4 7663.85 8280.32 
8818.92 2837.76 4197.35 396.247 0.4 7923.7 8227.59 
8848.92 2847.4 4186.83 441.923 0 8087.91 8318.47 
8923.2 3029.51 4200.64 425.796 0.4 8502.74 8410.2 
8984.56 3281.21 4109.37 427.269 0.4 8662.09 8408.62 
8987.35 3445.71 5631.12 412.221 0.4 10096.8 6047.42 
8978.14 3440.18 5614.12 413.407 0.4 10178.8 5990.93 
13489.6 2019.87 6231.3 407.808 0.4 10160.9 7019.24 
13306.6 2035.13 6230.68 408.441 0.4 10223.6 7016.17 
13148.4 2292.16 6182.81 409.278 0.4 10029.5 7021.37 
12876.5 2903.67 6169.88 410.043 0.4 9996.07 7029.7 
12650.5 3091.54 5161.77 434.069 0.4 9334.65 5064.07 
12636.2 3098.14 5079.39 431.354 0.4 9332.94 5088.36 
12337.1 2663.88 5018.71 414.808 0.4 9450.81 5050.1 
12552 2454.07 4936.38 425.973 0.4 9560.75 5097.57 
12220.7 2251.4 4926.47 423.392 0.4 9328.94 5046.18 
12332.9 2095.25 4832.5 395.907 0.4 8463.02 5070.82 
12181.4 2176.82 4594.17 398.542 0.4 7955.02 4923.22 
12190 2184.06 4515.31 398.879 0.4 7840.58 4892.88 
12189.7 2233.69 4385.83 396.738 0.4 7564.85 4969.77 
12299.7 2180.5 4190.51 397.884 0.4 7908.01 4728.72 
12602 2177.65 4214.05 398.865 0.4 7910.02 4685.61 
13095.6 2237.16 4165.63 416.988 0.4 8454.02 5034.37 
13311.6 2190.66 4093.21 417.802 0.4 8139.45 5277.46 
13329.4 2182.9 4662.84 411.395 0.4 9272.92 6130.1 
13177.9 2167.72 4383.01 394.544 0.4 8015.86 5845.52 
13093.3 2098.21 4503.28 398.801 0.4 7861.2 6105.43 
13019.1 2190.43 4459.84 400.124 0.4 7668.8 6140.18 
13269.4 2256.39 4301.4 398.261 0.4 7246.59 5663.02 
13507.4 2281.43 4247.3 397.334 0.4 7051.05 5644.3 
13514.5 2275.62 4066.29 445.563 0 6404.86 5183.14 
13169.2 2404.54 4077.36 492.855 0 5162.5 4505.4 
13221.5 2490.97 4044.06 493.349 0 4970.91 4461.93 
13290.8 2535.54 4061.37 440.914 0 4872.83 4448.92 
13198.1 2616.57 3883.89 386.325 0.4 4768.43 4460.44 
13119.6 2662.51 3855.14 381.867 0.4 4521.2 4532.61 
13094.8 2679.46 3836.92 379.461 0.4 4292.97 4551.07 
13200.1 2860.38 3872.81 379.071 0.4 4200.61 4552.4 
13117.9 2947.09 3780.5 375.116 0.4 4073.61 4679.06 
24894.2 4918.24 4331.29 377.331 0.4 4137.37 5141.92 
24888.1 4936.07 4431.36 383.851 0.4 4219.88 5169.54 
24587.3 5230.68 4397.16 382.371 0.4 4275.99 5230.49 
24590.8 5311.51 4319.48 327.447 0.8 4054.79 4994.7 
24489.2 5505.3 4493.48 354.519 0.8 4913.66 5261.24 
24274.5 5660.27 5310 334.29 0.8 6152.67 5857.91 
24335.6 5718.51 4886.66 308.593 0.8 5574.26 5468.87 
24045 5803.71 4768.17 315.635 0.8 5485.47 5508.56 
23964 5809.54 4719.93 319.534 0.8 5472.81 5527.79 
24016.3 5882.07 3396.47 451.578 0.4 4066.95 5283.4 
23842.6 6030.44 3422.17 451.705 0.4 4052.59 5254.54 
23862.7 6120.31 3446.07 350.433 0.4 4167.46 5296.15 
23604.2 6126.7 3501.52 327.532 0.8 4240.93 5223.6 
23535 6175.11 3669.32 345.251 0.8 4197.79 5305.85 
23589.4 6272.5 3689.62 344.772 0.8 4318.38 5277.13 
23699.2 6350.57 3680.49 345.484 0.8 4319.38 5310.68 
23668.9 6385.14 3470.76 310.185 0.8 4871.07 5473.25 
23608.6 6413.6 3532.92 326.846 0.8 4681.52 5470.97 
23572.1 6477.31 3505.82 333.287 0.8 4947.53 5200.12 
23413.2 6533.23 3749.7 308.146 0.8 7429.23 6530.8 
23408.5 6667.1 3621.9 305.786 0.8 7615.32 6658.27 
23272.3 6718.51 3668.28 287.384 0.8 7676.55 6749.9 
23074.4 6807.87 3538.09 269.263 0.8 6429.15 6205.9 
22870.3 6887.54 3045.36 341.942 0.4 5088.13 5799.28 
23018.4 6999.62 3030.03 378.272 0.4 3597.66 4914.57 
23052.3 7060.48 2997.42 336.446 0.4 3599.27 4808.52 
23046.9 7041.99 2934.97 339.244 0.4 3602.96 4835.91 
22689.2 7068.81 2928.09 400.829 0.4 3585.24 4787.42 
22713.1 7218.27 3134.74 274.696 0.8 5847.31 5645.96 
22658.6 7275.92 3090.63 275.358 0.8 6047.31 5472.01 
22644.8 7329.45 3092.12 277.613 0.8 6038.89 5488.47 
22680.7 7398.37 3075.77 288.657 0.8 6062.1 5439.9 
22662.9 7399.91 3052.93 287.284 0.8 6050.56 5462.97 
22564.3 7542.35 3024.99 301.088 0.8 6068.27 5458.77 
22526.5 7612.31 3014.27 305.103 0.8 6068.39 5457.7 
22408.5 7818.7 3054.95 307.238 0.8 6062.99 5460.25 
22366.1 8079.9 3090.99 297.942 0.8 6007.74 5046.5 
22210.5 8302.28 3045.21 299.215 0.8 6000.9 5057.51 
22158.9 8104.35 2870.1 300.299 0.8 5839.22 5684.01 
22119.5 8192.85 2824.56 308.671 0.8 5806.54 5715.85 
22166 8372.77 2782.29 307.266 0.8 5797.77 5639.93 
22112.4 8377.57 2782.22 307.382 0.8 5807.15 5675.54 
21919.3 8424.62 2704.74 307.1 0.8 5790.12 5613.71 
21856.3 8437.51 2679.7 307.936 0.8 5781.77 5670.4 
21880.5 8429.34 2698.56 308.598 0.8 5766.76 5657.47 
21698.4 8591.35 2775.62 307.696 0.8 5829.06 5655.16 
21600.7 8794.9 2679.98 308.488 0.8 5779.19 5643.46 
21597.3 8748.65 2645.51 309.161 0.8 5800.12 5649.4 
21473.8 8989.72 2606.95 308.925 0.8 5817.1 5621.69 
21337.2 8939.17 2587.9 303.424 0.8 5793.66 5455.54 
21096.2 9022.73 2576.11 303.43 0.8 5833.52 5384.55 
20928.6 9244.6 2555.66 303.871 0.8 5880.02 5337.04 
10397.7 4462.88 2867.05 308.961 0.8 6754.27 7188.2 
10248.9 4558.32 2878.12 309.452 0.8 6780.92 7229.96 
10198.6 4530.67 2863.8 306.799 0.8 6822.66 7301.48 
10203.4 4549.15 2877.38 307.21 0.8 6816.87 7278.94 
9842.48 4578.64 2768.97 307.151 0.8 6759.28 7179.14 
9763.47 4683.21 2760.06 308.368 0.8 6718.62 7153.77 
9775.61 4652.44 2741.62 308.902 0.8 6651.79 7265.65 
9466.03 4634.55 2695.79 311.975 0.8 6532.65 7249.94 
9143.49 4736.2 2622.07 310.696 0.8 6711.22 7298.29 
9090.13 4724.91 4958.25 306.833 0.8 6002.43 8582.21 
9192.82 4815.61 5134.24 304.999 0.8 6156.75 8571.82 
9161.53 4782.25 5287.05 305.211 0.8 6244.9 8635.43 
9157.8 4787.16 5162.63 304.949 0.8 6432.66 8492.9 
8473.67 4611.75 5273.62 306.042 0.8 6554.86 8006.47 
8465 4629.87 5286.59 308.566 0.8 6565.56 7933.01 
8032.19 4683.21 5180.91 306.476 0.8 6523.24 8510.3 
8225.83 4822.57 5132.37 310.949 0.8 6611.06 8534.27 
8217.19 4824.8 5056.63 314.649 0.8 6655.32 8664.4 
7698.48 4944.19 5067.11 316.109 0.8 6843.37 8746.08 
7500.44 5049.6 5106.87 315.091 0.8 6891.3 8781.49 
7500.25 5038.8 5099.15 317.134 0.8 6853.7 8763.71 
7509.6 5029.26 5249.13 318.98 0.8 6734.94 9006.42 
6645.22 5216.91 5107.04 323.381 0.8 6779.18 9000.14 
6634.5 5197.04 5316.76 325.426 0.8 6858.17 8863.81 
6509.95 5284.21 5277.74 326.727 0.8 6817.73 8897.9 
5829.72 5429.31 5430.45 319.817 0.8 6929.26 8682.86 
5830.27 5436.34 5560.02 315.963 0.8 7101.31 8439.48 
5169.54 5693.39 5556.71 317.392 0.8 7050.94 8454.14 
5181.86 5740.91 5629.23 318.252 0.8 7001.11 8310.76 
4819.71 5761.66 5689.62 316.119 0.8 7018.84 8335.17 
4792.43 5736.53 5532.97 311.699 0.8 6957.09 8615.33 
4789.05 5741.04 5476.48 313.449 0.8 6905.36 8842.49 
3552.39 5856.37 5491.57 313.33 0.8 6951.46 8858.06 
3184.3 6138.7 5488.85 313.301 0.8 6934.21 8870.11 
3181.73 6136.82 5558.08 321.532 0.8 6853.15 8902.87 
2887.21 6221.58 5546.9 318.834 0.8 6904.57 9051.98 
2515.12 6189.64 5750.12 313.679 0.8 7203.58 9816.66 
2522.14 6180.06 5992.62 318.249 0.8 7213.06 10014.8 
2386.73 5918.04 5960.47 320.556 0.8 7072.46 10121.4 
2386.35 5920.43 7165.58 329.297 0.8 8541.95 14243.1 
2394.33 5913.93 7683.89 328.684 0.8 8857.58 15488.3 
2725.13 6122.2 9537.6 374.274 0.4 8998.2 16047.5 
2999.69 6089.56 9411.31 377.154 0.4 8836.83 15945.2 
3030.96 6090.5 10346.7 422.197 0.4 8913.34 15754.8 
3563.2 6229.76 10319.3 422.274 0.4 8678.4 15868.4 
3561.42 6230.21 10241.8 421.698 0.4 8634.54 15843.7 
4377.2 6136.56 10269.9 432.076 0.4 8947.53 15803.7 
4699.83 6181.24 10058.5 435.615 0.4 8817.68 15976.4 
4690.49 6183.61 9964.83 439.073 0.4 8904.92 15930 
4729.23 6202.53 9845.18 447.281 0.4 8867.83 16016 
5783.19 6145.99 9943.64 448.661 0.4 9036.07 15842.4 
5779.53 6147.78 9928.43 447.998 0.4 9074.26 15848.6 
5822.23 6135.48 9896.63 442.576 0.4 9254.92 15703 
6566.32 6318.12 9964.23 441.822 0.4 9278.24 15709.3 
6559.7 6321.75 10063.9 431.524 0.4 9542.64 15504.7 
7429.05 6420.85 9993.04 422.966 0.4 9845.92 15530.7 
7749.29 6471.26 10057.4 419.492 0.4 9878.54 15476.1 
7724.19 6454.8 10109.6 393.237 0.4 9889.5 15562.6 
7729.8 6437.75 10057.8 361.047 0.4 9525.56 15334.7 
7734.06 6427.53 10035.8 335.119 0.4 9395.98 15317 
7638.23 6313.71 10112.3 397.103 0.4 9223.41 15105.1 
7639.51 6461.59 10265.6 364.158 0.4 9037.11 14738.7 
7642.81 6458.8 9957.35 360.565 0.4 9105.15 14776 
7807.74 6199.94 9821.7 339.686 0.4 9291.44 15344.2 
7490.53 6185.75 9756.37 336.493 0.4 9351.72 15716.3 
7497.02 6203.61 9351.16 325.112 0.4 8612.7 15175.8 
7583.07 6084.51 8835.33 317.811 0.8 8056.71 15308.3 
8373.75 6081.77 8555.24 303.112 0.8 7828.84 14831.8 
8810.14 6089.51 8366.39 295.578 0.8 7563.57 14438.3 
9271.44 5663.23 8391.41 339.641 0.8 7367.86 14239.6 
9273.89 5359.42 8286.2 337.292 0.8 7386.48 14244 
9099.89 5387.06 7921.94 317.955 0.8 7462.42 13599.6 
9318.38 5171.87 7951.25 319.37 0.8 7554.96 13432.1 
9902.62 5091.88 7967.08 315.397 0.8 7587.63 13658.7 
9874.5 5107.13 7907.43 317.689 0.8 7666.15 13697.3 
9578.55 5161.48 8067.83 319.566 0.8 7779.99 13793.4 
9584.94 5155.4 8064.96 320.998 0.8 7804.62 13752.5 
9558.29 5189.16 8244.96 319.653 0.8 8117.47 14070.7 
8347.52 5225.04 8308.21 318.381 0.8 8321.93 14128.8 
8295.53 5251.19 8314.72 314.759 0.8 8458.54 14605.1 
8096.88 5447.73 8320.86 317.154 0.8 8696.53 14606.1 
8162.02 5342.75 8293.16 319.839 0.8 8654.92 14397.6 
8170.67 5345.44 8205.53 322.309 0.8 8688.88 14622.9 
8364.08 5786.26 8010.85 323.648 0.8 8654.89 14771.6 
8580.29 5882.91 7927.46 321.139 0.8 8612.38 14919 
8552.2 5852.92 7910.97 320.628 0.8 8778.85 14969.9 
8591.29 5944.73 7747.58 323.619 0.8 8583.35 15879.9 
7926.49 6228.92 7678.85 323.793 0.8 8470.67 15669.2 
7912.52 6233.47 7750.02 325.68 0.8 8670.65 15624.2 
7539 6320.4 7717.1 325.318 0.8 8806.43 15498.5 
7112.42 6344.79 7745.69 323.169 0.8 8701.81 15632.6 
7139.07 6344.34 7761.76 324.658 0.8 8744.78 15576 
6641.5 6196.11 8011.99 325.637 0.8 9030.23 15086.7 
6692.79 6192.49 7969.54 321.467 0.8 9177.19 15052.7 
6434.65 6260.78 8022.4 317.284 0.8 9213.2 14370 
6380.1 6222.88 8044.86 319.059 0.8 9254.61 14417.8 
6321.63 6214.13 7964.84 321.405 0.8 8915.3 13799.3 
5639.95 6307.38 7916.22 320.279 0.8 8789.27 13608.9 
5443.76 6225.67 7827.99 322.522 0.8 8785.37 13420.7 
5396.04 6270.18 7715.63 326.405 0.8 8789.64 13656.5 
5169.34 6337.06 7672.05 319.78 0.8 8884.76 13552.6 
5003.65 6263.13 7762.62 315.789 0.8 9181.14 13593.4 
4993.49 6231.21 7811.63 316.399 0.8 9212.3 13448.8 
4890.21 6292.95 7952.37 322.891 0.8 9420.89 13475.6 
4902.29 6357.16 7886.3 326.601 0.8 9145.69 13426.4 
4915.21 6377.81 7761.68 321.897 0.8 9423.53 12734.9 
4902.05 6053.65 7895.2 321.2 0.8 9547.98 12975.7 
4914.53 6100.41 7901.84 320.119 0.8 9644.88 13359.1 
5081.52 5832.37 7862.53 319.968 0.8 9601.51 13871.5 
5387.17 5730.79 7967.77 313.006 0.8 9703.77 14065.6 
5441.77 5725.3 8001.73 312.764 0.8 9677.32 14273 
5868.31 5466.77 8005.81 309.523 0.8 9599.3 14269.6 
6185.79 5539.46 7908.31 315.186 0.8 9371.09 13937.8 
6230.68 5492.15 7981.85 312.718 0.8 9440.46 13691 
6271.24 5480.7 7887.34 315.867 0.8 9298.62 13793.3 
7254.75 5579.72 9336.65 317.094 0.8 9998.82 10900.3 
7278.63 5612.08 9202.46 313.232 0.8 10045.8 10809.4 
7287.88 5689.82 9245.98 314.735 0.8 9991.83 10774.3 
7452.66 5933.12 9365.81 314.257 0.8 9965.3 10797.1 
7462.9 5983.47 9327.4 319.709 0.8 10003.8 10779.9 
7417.82 5954.12 9339.73 318.753 0.8 10022.2 10790.6 
7349.47 5859.57 9459.3 321.754 0.8 10016.9 10883.9 
7351.34 5879.52 9460.94 321.006 0.8 10000.9 10895.3 
7328.44 5931.42 9491.94 321.933 0.8 9861.68 10833.6 
7241.54 5942.18 9495.61 324.439 0.8 9890.44 10930.4 
7025.73 6020.73 9587.52 325.596 0.8 9884.12 11192.9 
6995.33 6103.98 9606.08 325.771 0.8 9913.01 11150.6 
6983.5 6103.07 9641.92 323.945 0.8 9849.46 11211.9 
7007.27 6079.7 9870.65 318.766 0.8 10093.7 11098.1 
7160.83 5990.11 9958.17 316.767 0.8 10020.4 11198.8 
7097.57 6002.86 9998.07 317.105 0.8 10059.6 11168 
7245.39 5763.98 10032 318.813 0.8 10294.9 10997.3 
7235.38 5746.58 10103.7 315.526 0.8 10343.9 10898.7 
7239.36 5764.45 10112.3 315.225 0.8 10351.6 10902.4 
7110.79 5837.05 10183.8 310.211 0.8 10424.7 10823.9 
7081.36 5860.88 10136 312.842 0.8 10351.7 10759.7 
7087.02 5832.6 10099.6 313.254 0.8 10484.7 10557.1 
7056.66 5884.58 10246.6 312.198 0.8 9601.78 11206.6 
7033.94 5821.51 10603 313.909 0.8 8454.8 11139.8 
7041.42 5877.77 10567.2 315.974 0.8 8458.16 11157.8 
6549.95 5982.48 8086.84 316.135 0.8 6992.21 7529.25 
6550.55 5969.79 7809.08 316.509 0.8 6681.85 7348.67 
8294.78 5871.23 7484.36 316.11 0.8 6438.32 6595.29 
12434.8 5704.22 7343.12 318.513 0.8 6327.54 6416.35 
11805.2 5843.07 7432.13 322.433 0.8 6478.25 6454.06 
11891 5831.8 7439.84 320.66 0.8 6456.44 6508.76 
9388.65 6423.87 7352.77 339.037 0.8 6519.33 6555.99 
9415.81 6349.79 7498.48 342.068 0.8 6584.12 6625.79 
9485.47 6331.93 7632.2 344.044 0.8 6589.24 6704.14 
9017.32 6295.89 7569.93 346.761 0.8 6605.62 6813.36 
8959.74 6320.05 7819.51 340.109 0.8 6845.63 6807.48 
8903.13 6564.82 7939.53 326.147 0.8 7014.83 6732.37 
9026.56 6760.76 8015.55 328.956 0.8 7180.11 6626.88 
9892.24 7790.33 7839.02 321.345 0.8 6934.43 6537.1 
10205 8278.75 7757.84 313.471 0.8 7227.63 6476.81 
11216.4 9417.64 7580.43 313.309 0.8 7291.78 6333.52 
11197.5 9735.68 7524.18 310.689 0.8 7250.26 6327.37 
10345 9642.96 7424.59 314.392 0.8 7337.84 6228.97 
10339.6 9651.47 7445.06 314.376 0.8 7413.85 6219.62 
11547.7 8164.99 7536.89 316.377 0.8 7649.74 6322.59 
11363 7921.76 7601.5 317.732 0.8 7625.87 6701.12 
11284.7 7450.92 7565.89 321.763 0.8 7593.37 7045.12 
12545.5 6891.68 7420.86 323.122 0.8 7552.62 7048.74 
12533.3 6596.59 7431.33 322.538 0.8 7185.99 7492.39 
12612.9 6604.58 7391.77 326.07 0.8 7195.92 7445.63 
13480 6240.2 7361.31 323.928 0.8 6896.1 7419.37 
13870.8 6106.81 7208.5 326.362 0.8 6777.55 7507.01 
14261.7 5925.43 7200.84 325.344 0.8 6697.1 7638.17 
14218.7 5922.05 6978.56 322.013 0.8 6637.19 7567.94 
14593.3 5982.96 6812.42 318.133 0.8 6220.48 7496.86 
14792.3 5905.4 6815.54 319.365 0.8 6236.56 7429.73 
14732.2 6069.61 6819.51 317.889 0.8 5946.86 6957.06 
14652.8 5939.85 6875.38 318.636 0.8 5876.2 6931.74 
14670.4 5871.96 6862.97 321.15 0.8 5907.38 6937.69 
14593.6 5969.65 6856.66 322.185 0.8 5777.87 6950.57 
14776.1 6061.6 6890.67 325.06 0.8 5641.04 6550.37 
14802 6140.75 6847.5 325.2 0.8 5599.71 6537.61 
14906.1 6283.44 6944.15 324.038 0.8 5694.84 6460.99 
15013.8 6485.08 6905.32 322.994 0.8 5598.6 6303 
15130.7 6458.1 6919.98 322.04 0.8 5571.63 6157.22 
15501 6306.38 6912.51 321.945 0.8 5543.57 6047.51 
15617.1 6099.29 7050.2 322.97 0.8 5468.71 5774.73 
15865.5 6096.83 7026.67 322.454 0.8 5446.64 5745.54 
15994.8 5971.87 7087.22 320.491 0.8 5474.86 5942.44 
16535.8 5686.18 7000.15 318.127 0.8 5457.98 5963.25 
17030.4 5445.99 6966.45 320.951 0.8 5432.87 5939.82 
16792.9 5285.29 7377.08 321.186 0.8 5817.2 6192.16 
17009.2 5095.45 7779.83 318.347 0.8 6197.47 6667.64 
16806.1 4779.41 8032.72 326.909 0.8 6239.16 6820.23 
16795.6 4764.73 8047.7 327.156 0.8 6212.45 6807.63 
17124.4 4689.17 8074.13 327.002 0.8 6210.19 6799.44 
16978.1 4629.68 8809.96 324.435 0.8 6888.23 7570.73 
16860.3 4554.68 9049.53 324.056 0.8 6905.93 7709.95 
17118.8 4496.99 9259.6 333.218 0.8 7230.23 7775.65 
17651 4416.77 9329.52 329.713 0.8 7265.86 7917.01 
17575.7 4440.37 9364.52 319.762 0.8 7271.72 7813.83 
17607 4461.33 9382.73 322.191 0.8 7505.81 7711.17 
18105.8 4446.95 9441.7 318 0.8 7436.55 7496.08 
18091.3 4441.38 9350.33 317.523 0.8 7622.19 7505.23 
16674.9 3921.22 9553.95 315.511 0.8 7699.52 7568.08 
15000.8 3520.5 9364.43 316.14 0.8 7728.5 7441.46 
14907.9 3513.1 9426.4 316.683 0.8 7606.12 7366.67 
14251.4 3461.4 9413.45 317.422 0.8 8059.71 7131.36 
14738.2 3447.34 9315.31 319.804 0.8 8126.52 7073.41 
13308.1 3161.8 9095.49 241.093 1.2 7884.78 6886.96 
13374.7 2946.22 8850.56 278.723 0.8 7431.43 6668.2 
13790.2 2954.07 8681.98 240.887 1.2 7291.01 7255.57 
14076.6 2957.06 8642.19 207.449 1.2 7221.17 6510.26 
12549 2831.27 8700.04 209.768 1.2 7267.33 6418.94 
12398.2 2835.81 8261.76 213.062 1.2 6987.24 5806.86 
11547 1555.77 9278.17 353.245 0.8 7085.15 7683.36 
10912 1758.97 7989.46 393.909 0.4 6232.26 5402.74 
11608 2153.85 7798.96 332.254 0.8 6313.63 5451.71 
11530.3 2807.46 7464.73 251.083 0.8 6036.04 5386.91 
11266.6 2755.52 7376.8 254.342 0.8 5774.41 5292.1 
11217.5 2760.21 7386.86 255.21 0.8 5775.57 5300.48 
8510.55 2222.84 7115.78 201.047 1.2 5854.6 4679.74 
12199.9 3468.74 7028.84 220.844 1.2 5566.31 5005.14 
8559.5 3472.71 6890.95 247.764 1.2 5180.23 5270.25 
7294.67 1338.64 7629.66 228.169 1.2 6375.14 6638.83 
7367.78 1338.42 7582.09 219.706 1.2 6272.42 6460.52 
5714.35 813.533 7560.8 214.496 1.2 6166.42 6463 
8112.18 1497.66 7273.77 301.454 0.8 5731.91 5966.26 
8414.49 1520.03 6749.29 265.132 0.8 5916.65 5838.5 
9388.53 1546.26 6582.15 304.09 0.8 4628.08 4040.3 
10861.6 1543.06 6690.8 265.404 0.8 4727.27 4181.53 
10338.9 1541.55 6692.94 265.579 0.8 4662.95 4153.98 
8490.51 585.299 7110.85 289.546 0.8 5268.05 4878.67 
7115.07 386.948 6854.82 206.807 1.2 5490.03 4648.67 
29306.1 2662.19 4444.42 198.704 1.2 2731.26 2774.67 
31229.2 3233.33 4347.11 195.939 1.2 2653 2625.54 
29580.9 3186.69 4299.98 256.12 0.8 2419.65 2590.56 
24356 3289.28 4779.02 278.562 0.8 3239.97 3270.52 
24450.2 3294.84 4775.65 277.422 0.8 3225.56 3306 
24517 3358.33 4765.03 275.103 0.8 3279.94 3273.94 
23438.4 3399.46 4383.93 258.407 0.8 2788.96 2806.44 
21275.8 3453.11 4205.84 313.317 0.4 2366.03 2343.41 
21246.5 3488.49 4134.92 349.561 0.4 2204.43 1950.7 
21281.9 3517.28 4142.99 252.898 0.8 2191.7 1998.93 
27439.6 3548.85 4321.26 298.667 0.4 2447.4 2749.32 
27503.3 3619.9 4321.13 298.239 0.4 2444.44 2751.71 
42204.3 3869.1 4390.93 305.582 0.4 2486.45 2786.89 
48303 4903.96 4284.02 313.886 0.4 2434.89 2230.93 
46445.6 5454.45 4294.4 313.739 0.4 2416.34 2209.09 
56910.1 7411.14 318.034 306.385 0.4 479.31 453.779 
56451.4 7618.46 323.088 307.882 0.4 490.759 440.993 
56182.2 7678.55 326.105 306.815 0.4 490.919 440.474 
55494.6 7903.6 323.862 308.449 0.4 507.882 429.927 
55083.4 8016.47 326.466 307.017 0.4 515.306 435.243 
54953.3 8146.41 329.642 307.884 0.4 523.648 426.046 
54519.3 8323 329.916 308.479 0.4 515.844 437.11 
