0.00076615
0.0002189
0.00010945
0
0
0
0
0
0.00054725
0.0028457
0.00032835
0
0
0
0
0
0
0
0
0
0
0
0
0
0
0
0
0
0
0
0
0
0
0
0
0
0
0
0
0
0
0
0
0
0
0
0
0
0
0
0
0
0
0
0
0
0
0
0
0
0
0
0
0
0.0018606
0.00010945
0.00010945
0.00010945
0
0
0
0
0.065341
0.029989
0.020795
0.02791
0.0022984
0
0
0
0
0.0050347
0.015104
0.004378
0
0
0
0
0
0
0
0
0
0
0
0
0
0
0
0
0
0
0
0
0
0
0
0
0
0
0
0
0
0
0
0
0
0
0
0
0
0
0
0
0
0
0
0
0
0
0
0
0
0
0
0
0.0417
0.021014
0.004378
0.0079898
0.0033929
0
0
0
0.060416
0.59245
0.17326
0.024626
0.014557
0
0
0
0
0.0016417
0.053083
0.012696
0.00076615
0
0
0
0
0
0
0
0
0
0
0
0
0
0
0
0
0
0
0
0
0
0
0
0
0
0
0
0
0
0
0
0
0
0
0
0
0
0
0
0
0
0
0
0
0
0
0
0
0
0
0
0
0.7309
0.018716
0.00076615
0.0013134
0.00010945
0
0
0
0.18377
0.16571
0.065998
0.0088654
0.0067859
0
0
0
0
0.00010945
0.0068953
0.0010945
0.00076615
0
0
0
0
0
0
0
0
0
0
0
0
0
0
0
0
0
0
0
0
0
0
0
0
0
0
0
0
0
0
0
0
0
0
0
0
0
0
0
0
0
0
0
0
0
0
0
0
0
0
0
0
0.031631
0.0067859
0
0.00076615
0
0
0
0
0.0050347
0.020577
0.022218
0.0078804
0.0050347
0
0
0
0
0
0.0040496
0.0014228
0.00098505
0
0
0
0
0
0
0
0
0
0
0
0
0
0
0
0
0
0
0
0
0
0
0
0
0
0
0
0
0
0
0
0
0
0
0
0
0
0
0
0
0
0
0
0
0
0
0
0
0
0
0
0
0.00098505
0.0006567
0
0.0004378
0.00010945
0
0
0
0.0002189
0.0056914
0.007552
0.006567
0.0020795
0
0
0
0
0
0.0012039
0
0.00032835
0
0
0
0
0
0
0
0
0
0
0
0
0
0
0
0
0
0
0
0
0
0
0
0
0
0
0
0
0
0
0
0
0
0
0
0
0
0
0
0
0
0
0
0
0
0
0
0
0
0
0
0
0.00032835
0
0
0.0002189
0
0
0
0
0
0.0026268
0.002189
0.00076615
0
0
0
0
0
0
0.00098505
0
0
0
0
0
0
0
0
0
0
0
0
0
0
0
0
0
0
0
0
0
0
0
0
0
0
0
0
0
0
0
0
0
0
0
0
0
0
0
0
0
0
0
0
0
0
0
0
0
0
0
0
0
0
0
0
0
0
0
0
0
0
0
0.0018606
0.0006567
