0.10392
0.00095146
0
0
0
0
0
0
0.00095146
0.0046516
0.00021144
0
0
0
0
0
0
0
0
0
0
0
0
0
0
0
0
0
0
0
0
0
0
0
0
0
0
0
0
0
0
0
0
0
0
0
0
0
0
0
0
0
0
0
0
0
0
0
0
0
0
0
0
0
0.25531
0
0
0
0
0
0
0
0.2552
0.083094
0.0047573
0
0
0
0
0
0
0.0029601
0.0037001
0.00063431
0
0
0
0
0
0
0
0
0
0
0
0
0
0
0
0
0
0
0
0
0
0
0
0
0
0
0
0
0
0
0
0
0
0
0
0
0
0
0
0
0
0
0
0
0.0024315
0
0
0
0
0
0
0
0.21196
0.88528
0.0021144
0
0
0
0
0
0
0.092398
0.073051
0.0065545
0
0
0
0
0
0
0.0049688
0.0058145
0.00095146
0
0
0
0
0
0
0
0
0
0
0
0
0
0
0
0
0
0
0
0
0
0
0
0
0
0
0
0
0
0
0
0
0
0
0
0
0
0
0
0
0
0
0
0.003383
0.013215
0
0
0
0
0
0
0
0.037636
0.039327
0.00042287
0
0
0
0
0
0
0.0111
0.033618
0.0040173
0
0
0
0
0
0
0.004863
0.0046516
0.00063431
0
0
0
0
0
0
0
0
0
0
0
0
0
0
0
0
0
0
0
0
0
0
0
0
0
0
0
0
0
0
0
0
0
0
0
0.00084575
0
0
0
0
0
0
0
0.012158
0.008246
0
0
0
0
0
0
0
0.0011629
0.0097261
0
0
0
0
0
0
0
0.011418
0.037213
0.0019029
0
0
0
0
0
0
0.0056031
0.0027487
0.00052859
0
0
0
0
0
0
0
0
0
0
0
0
0
0
0
0
0
0
0
0
0
0
0
0
0
0
0
0
0
0
0
0
0
0
0.0019029
0.011312
0
0
0
0
0
0
0
0.0028544
0.00042287
0
0
0
0
0
0
0
0.00010572
0.0077174
0.00010572
0
0
0
0
0
0
0.015223
0.04863
0.00063431
0
0
0
0
0
0
0.0060259
0.00074003
0
0
0
0
0
0
0
0
0
0
0
0
0
0
0
0
0
0
0
0
0
0
0
0
0
0
0
0.0027487
0
0
0
0
0
0
0
0.00042287
0.00010572
0
0
0
0
0
0
0
0.00021144
0
0
0
0
0
0
0
0
0.00021144
0.0050745
0
0
0
0
0
0
0
0.0038059
0.0074003
0
0
0
0
0
0
0
0
0
0
0
0
0
0
0
0
0
0
0
0
0
0
0
0
0
0
0
0
0
0
0
0
0
0
0
0
0
0
0
0
0
0
0
0
0
0
0
0
0
0
0
0
0
0
0
0
0
0
0
0
0
0
0
0
0
0
0
0
0
0
0
0.00021144
0
