0.0073591
0.021259
0.042519
0.019011
0.0034751
0.00020442
0
0
0.00020442
0.0022486
0.0010221
0.00040884
0
0
0
0
0
0
0
0
0
0
0
0
0
0
0.0012265
0.0026574
0
0
0
0
0
0
0.00061325
0.0018398
0.0014309
0
0
0
0
0
0
0
0.00040884
0
0
0
0
0
0
0
0
0
0
0
0
0
0
0
0
0
0
0
0.052331
0.0077679
0.019215
0.041906
0.025757
0.0032707
0.00061325
0
0.033729
0.014309
0.062348
0.10609
0.050696
0.0053149
0
0
0.0030663
0.0044972
0.0022486
0.0026574
0.00061325
0
0
0
0.00040884
0.00020442
0.00040884
0.00020442
0
0
0
0
0
0
0.00020442
0.00020442
0.00081767
0
0
0
0
0
0
0.00061325
0.0028619
0.0022486
0
0
0
0
0
0
0
0.0014309
0
0
0
0
0
0
0
0
0
0
0
0
0.00020442
0.00020442
0.00020442
0.00061325
0.00020442
0
0.10671
0.01247
0.016558
0.029232
0.030663
0.00879
0
0
0.22404
0.14514
0.06664
0.044972
0.044154
0.0075635
0.00081767
0
0.00040884
0.0047016
0.0073591
0.0022486
0.0018398
0.00040884
0
0
0
0.00040884
0.0010221
0.00040884
0.00020442
0
0
0
0
0
0.00020442
0.00061325
0.0016353
0.0018398
0
0
0
0
0
0
0.00061325
0.0034751
0.0020442
0
0
0
0
0
0
0.0018398
0.0016353
0
0
0
0
0
0
0
0
0
0
0
0
0.00020442
0
0
0
0
0.39575
0.10466
0.021668
0.011243
0.011652
0.0040884
0.0020442
0
0.24796
0.42866
0.11141
0.018602
0.027596
0.026983
0.0032707
0.00081767
0
0
0.004906
0.0028619
0.0026574
0.00081767
0.00040884
0
0
0
0.00061325
0.0018398
0.00061325
0
0
0
0
0
0
0.00040884
0.0014309
0.0012265
0.00040884
0
0
0
0
0
0.00040884
0.0020442
0.0032707
0.0026574
0
0
0
0
0
0
0
0
0
0
0
0
0
0
0
0
0.0020442
0.0055193
0
0
0.00040884
0
0
0
0.018602
0.64596
0.059486
0.013083
0.0032707
0.0098121
0.0020442
0.00040884
0
0.088922
0.059281
0.064187
0.0098121
0.034751
0.025348
0.0026574
0
0
0
0.0012265
0.0030663
0.0040884
0.0020442
0.00040884
0
0
0
0
0.0014309
0.0010221
0.00020442
0
0
0
0
0
0.00020442
0.0012265
0.0016353
0.0016353
0
0
0
0
0
0
0
0
0
0
0
0
0
0
0
0
0
0
0
0
0
0
0
0
0
0.00020442
0
0
0
0
0
0.00020442
0
0
0.011039
0.011243
0.0038839
0.004906
0.0096077
0.002453
0
0
0.00020442
0.0077679
0.016967
0.0079723
0.044972
0.029436
0
0
0
0
0
0.00040884
0.0075635
0.0057237
0
0
0
0
0
0.00061325
0.00061325
0.0010221
0
0
0
0
0
0
0
0
0
0
0
0
0
0
0
0
0
0
0
0
0
0
0
0
0
0
0
0
0
0
0
0
0
0
0
0
0
0
0
0
0
0
0
0.0012265
0.0040884
0.0040884
0.0030663
0.0085856
0
0
0
0
0.0012265
0.0051105
0.022077
0.079723
0
0
0
0
0
0.00020442
0.0061325
0.015536
0
0
0
0
0
0
0
0
0
0
0
0
0
0
0
0
0
0
0
0
0
0
0
0
0
0
0
0
0
0
0
0
0
0
0
0
0
0
0
0
0
0
0
0
0
0
0
0
0
0
0
0
0
0.00061325
0.00020442
0.011039
0
0
0
0
0
0.00061325
0.0026574
0.030663
