0.012646
0.0025645
0.0029182
0.0099042
0.016802
0
0
0
0.0037141
0.018305
0.0053058
0.010612
0.011673
0.019101
0.013265
0.00053058
0
0.0053943
0.016802
0.016537
0.0099927
0.012469
0.0015033
0
0
0
0.011408
0.052439
0.020781
0.0034488
8.8431e-005
0
0
0
0
0.0079588
0.055623
0.005748
8.8431e-005
0
0
0
0
0
0.051732
0.026175
8.8431e-005
0
0
0
0
0
0.00053058
0.0039794
0.0020339
0
0
0
0
0
0
0
0
0
0.0092852
0.00035372
0.0015033
0.001238
0.0088431
0
0
0
0.0066323
0.019013
0.00070745
0
0.001238
0.0032719
0.01972
0.0020339
8.8431e-005
0.0075166
0.012822
0.0093737
0.0011496
0.0023876
0.0024761
0.00097274
0
0
0.0044215
0.021312
0.0026529
0.0034488
0.0011496
0
0
0
0
0.0053058
0.011584
0.007605
0.0030951
0
0
0
0
0
0.014326
0.10426
0.023257
8.8431e-005
0
0
0
0
8.8431e-005
0.24522
0.071894
8.8431e-005
0
0
0
0
0
0
0.0093737
8.8431e-005
0.068003
0.0022108
0.00061901
0
0
0
0
0
0.016006
0.033781
0.0013265
0
0
0
8.8431e-005
0
8.8431e-005
0.0077819
0.0034488
0.00017686
0.00053058
0.00097274
0.00035372
0
0
0
0.0047753
0.0075166
0.0011496
0.00088431
0.0035372
0.00026529
0
0
0
0.0086662
0.0080472
0.0026529
0.0026529
0.00026529
0
0
0
0
0.0042447
0.011231
0.017244
0.0033604
0
0
0
0
0
0.026087
0.17005
0.01804
0
0
0
0
0
0.00044215
0.57471
0.69843
0.001238
0.00044215
0
0
0
0
0
0
0.0027414
0.016802
0.00017686
0
0
0
0
0
0.00044215
0.013972
0.0078703
0.00026529
0.00017686
0
0
0
0
8.8431e-005
0.0026529
0.00088431
0.0015033
0.0031835
0.0061901
0.00070745
0
0
0
0.0023876
0.006986
0.001857
0.0015033
0.00061901
0
0
0
0
0.0067207
0.0089315
0.0035372
0.0021223
0
0
0
0
0
0.0107
0.018305
0.0094621
0
0
0
0
0
0
0.041828
0.22002
0
0
0
0
0
0
0
0
0.00061901
0.0022108
8.8431e-005
0
0
0
0
0
0.00044215
0.0034488
0.0038909
0
0
0
0
0
0
8.8431e-005
0.0034488
0.00451
0.00079588
0.00088431
0.00017686
0
0
0
0
0.0017686
0.001857
0.0030951
0.0021223
0.00017686
0
0
0
0.00017686
0.001857
0.006986
0.00053058
0
0
0
0
0
0
0.0045984
0.0071629
0.001857
0
0
0
0
0
0
0.012203
0.035638
0
0
0
0
0
0
0
0
0
0
0
0
0
0
0
0
0
8.8431e-005
0.00026529
8.8431e-005
0
0
0
0
0
0
0.00088431
0.0022108
0
0
0
0
0
0
0
0.0038909
0.0052174
0.0021223
0.00070745
0
0
0
0
0
0.0023876
0.0047753
0.0032719
0.0015033
0
0
0
0
0
0.0011496
0.0022992
0.00017686
0
0
0
0
0
0
0.0021223
0.0081356
0
0
0
0
0
0
0
0
0
0
0
0
0
0
0
0
0
0
0
0
0
0
0
0
0
0
0
0
8.8431e-005
0
0
0
0
0
0
0.00017686
0.0015033
0.00017686
0
0
0
0
0
0
0.0033604
0.0048637
0.00070745
0.00017686
0
0
0
0
0
0.0028298
0.0023876
0.0014149
0
0
0
0
0
0.00017686
0.00097274
0.0022992
0
0
0
0
0
0
0
0
0
0
0
0
0
0
0
0
0
0
0
0
0
0
0
0
0
0
0
0
0
0
0
0
0
0
0
0
0
8.8431e-005
0
0
0
0
0
0
8.8431e-005
0.001857
8.8431e-005
0
0
0
0
0
0
0.0045984
0.0061901
0.00035372
0
0
0
0
0
0
0.0070745
0.014326
