0.057949
0
0
0
0
0
0
0
0.0052681
0
0
0
0
0
0
0
0
0
0
0
0
0
0
0
0
0
0
0
0
0
0
0
0
0
0
0
0
0
0
0
0
0
0
0
0
0
0
0
0
0
0
0
0
0
0
0
0
0
0
0
0
0
0
0
0.028448
0
0
0
0
0
0
0
0.030555
0.08745
0
0
0
0
0
0
0
0.012643
0.0052681
0
0
0
0
0
0
0
0
0
0
0
0
0
0
0
0
0
0
0
0
0
0
0
0
0
0
0
0
0
0
0
0
0
0
0
0
0
0
0
0
0
0
0
0
0
0
0
0
0
0
0
0
0
0.0021072
0.050573
0
0
0
0
0
0
0
0.071646
0.26024
0
0
0
0
0
0
0
0.012643
0.0031608
0
0
0
0
0
0
0
0
0
0
0
0
0
0
0
0
0
0
0
0
0
0
0
0
0
0
0
0
0
0
0
0
0
0
0
0
0
0
0
0
0
0
0
0
0
0
0
0
0
0
0
0
0
0.0084289
0.082182
0.0010536
0
0
0
0
0
0
0.11695
0.45832
0
0
0
0
0
0
0
0.012643
0.0031608
0
0
0
0
0
0
0
0
0
0
0
0
0
0
0
0
0
0
0
0
0
0
0
0
0
0
0
0
0
0
0
0
0
0
0
0
0
0
0
0
0
0
0
0
0
0
0
0
0
0
0
0
0
0.018965
0.19176
0
0
0
0
0
0
0
0.094825
0.21704
0
0
0
0
0
0
0
0.0094825
0.0021072
0
0
0
0
0
0
0
0
0
0
0
0
0
0
0
0
0
0
0
0
0
0
0
0
0
0
0
0
0
0
0
0
0
0
0
0
0
0
0
0
0
0
0
0
0
0
0
0
0
0
0
0
0
0.01159
0.12643
0
0
0
0
0
0
0
0.089557
0.25181
0
0
0
0
0
0
0
0.0084289
0.0021072
0
0
0
0
0
0
0
0
0
0
0
0
0
0
0
0
0
0
0
0
0
0
0
0
0
0
0
0
0
0
0
0
0
0
0
0
0
0
0
0
0
0
0
0
0
0
0
0
0
0
0
0
0
0.0021072
0.09904
0
0
0
0
0
0
0
0.057949
0.19703
0
0
0
0
0
0
0
0.0063217
0.0031608
0
0
0
0
0
0
0
0
0
0
0
0
0
0
0
0
0
0
0
0
0
0
0
0
0
0
0
0
0
0
0
0
0
0
0
0
0
0
0
0
0
0
0
0
0
0
0
0
0
0
0
0
0
0.0052681
0.071646
0
0
0
0
0
0
0
0.057949
0.66272
