0 1475
1475 2451
2451 3258
3258 4322
4322 5129
5129 6150
6150 7126
7126 8601
8601 9577
9577 13253
13253 14060
14060 15036
15036 16012
16012 16819
16819 18294
18294 19270
19270 20151
20151 23827
23827 24803
24803 25610
25610 26586
26586 27562
27562 29037
29037 30013
30013 30820
30820 31627
31627 32603
32603 33579
33579 34555
34555 36030
36030 37006
37006 40682
40682 41746
41746 42553
42553 43617
43617 44593
44593 49829
49829 50850
50850 51657
51657 52633
52633 53609
53609 57285
57285 58092
58092 59567
59567 60543
60543 61564
61564 62540
62540 63516
63516 64323
64323 65299
65299 66774
66774 67793
67793 68769
68769 69576
69576 70457
70457 71433
71433 72240
72240 73304
73304 74779
74779 75755
75755 76731
76731 77538
77538 78514
78514 79490
79490 80297
80297 81772
81772 82836
82836 83812
83812 84876
84876 85852
85852 86916
86916 87892
