0 3676
3676 4483
4483 5290
5290 6266
6266 7287
7287 8351
8351 9826
9826 10633
10633 11440
11440 12504
12504 13525
13525 14501
14501 15308
15308 16783
16783 17590
17590 18397
18397 19656
19656 20720
20720 21527
21527 22503
22503 23310
23310 24785
24785 25592
25592 26656
26656 27632
27632 28608
28608 29672
29672 30479
30479 31954
31954 33018
33018 33825
33825 34801
34801 35608
35608 36672
36672 37648
37648 39123
39123 39930
39930 40906
40906 41713
41713 42689
42689 43665
43665 44641
44641 46116
46116 46923
46923 47899
47899 48875
48875 49851
49851 50827
50827 51803
51803 53278
53278 54085
54085 55106
55106 55913
55913 56889
56889 57865
57865 58841
58841 64077
64077 65053
65053 65860
65860 66924
66924 67731
67731 68707
68707 69683
69683 71158
71158 72222
72222 73198
73198 74005
74005 75069
75069 76045
76045 77021
