0.1 OUT 2 1 1549
0.2 no_run 7 1550 1699
0.3 no_run 14 1700 2559
0.4 1_run 20 2560 3899
0.5 2_run 29 3900 4909
0.6 FOUR 36 4910 5400
ADVT EXTRA 25 5401 7249
1.1 no_run 69 7250 8319
1.2 no_run 77 8320 9389
1.3 FOUR 83 9390 10509
1.4 2_run 89 10510 11749
1.5 1_run 94 11750 13139
1.6 no_run 104 13140 14075
ADVT EXTRA 25 14076 15289
2.1 no_run 115 15290 16159
2.2 no_run 122 16160 17039
2.3 1_no_ball 168 17040 18119
2.3(2) FOUR 758 18120 19099
2.4 no_run 173 19100 19929
2.5 1_run 178 19930 20879
2.6 no_run 185 20880 21549
ADVT EXTRA 25 21550 22519
3.1 no_run 201 22520 23409
3.2 FOUR 204 23410 24499
3.3 1_leg_bye 208 24500 25469
3.4 1_run 213 25470 26439
3.5 FOUR 220 26440 27619
3.6 no_run 222 27620 28900
ADVT EXTRA 25 28901 29629
4.1 FOUR 248 29630 30949
4.2 no_run 250 30950 32019
4.3 1_run 257 32020 33139
4.4 no_run 260 33140 34109
4.5 FOUR 270 34110 35229
4.6 1_run 274 35230 36925
ADVT EXTRA 25 36926 37909
5.1 no_run 298 37910 38919
5.2 1_run 306 38920 39679
5.3 no_run 311 39680 40329
5.4 1_run 317 40330 41129
5.5 1_run 323 41130 41849
5.6 1_run 326 41850 43000
ADVT EXTRA 25 43001 44089
6.1 no_run 342 44090 44649
6.2 1_run 348 44650 45399
6.3 1_run 357 45400 46019
6.4 1_run 361 46020 46679
6.5 1_run 366 46680 47399
6.6 1_run 374 47400 47925
ADVT EXTRA 25 47926 49549
7.1 no_run 394 49550 50209
7.2 2_runs 402 50210 51139
7.3 no_run 407 51140 51779
7.4 1_run 417 51780 52569
7.5 1_run 421 52570 53279
7.6 1_run 430 53280 54809
Break TIME 460 54810	60489
8.1 1_run 463 60490 61299
8.2 no_run 474 61300 61789
8.3 FOUR 569 61790 62629
8.4 no_run 485 62630 63149
8.5 1_run 492 63150 63769
8.6 1_run 498 63770 64850
ADVT EXTRA 25 64851 66039
9.1 FOUR 538 66040 66989
9.2 1_run 544 66990 67929
9.3 no_run 548 67930 68689
9.4 FOUR 552 68690 69579
9.5 1_leg_bye 558 69580 70679
9.6 1_run 564 70680 71200
ADVT EXTRA 25 71201 72579
10.1 1_run 593 72580 73539
10.2 no_run 596 73540 74299
10.3 FOUR 602 74300 75389
10.4 no_run 607 75390 76229
10.5 2_run 612 76230 77329
10.6 1_run 616 77330 77800
ADVT EXTRA 25 77801 79649
11.1 1_run 629 79650 80459
11.2 OUT 635 80460 83499
11.3 no_run 641 83500 84329
11.4 1_run 645 84330 85259
11.5 1_run 650 85260 86429
11.6 no_run 656 86430 86775
ADVT EXTRA 25 86776 88259
12.1 1_run 685 88260 90329
12.2 1_wide 687 90330 90899
12.2(2) OUT 758 90900 93539
12.3 1_run 693 93540 94649
12.4 no_run 696 94650 95189
12.5 1_run 701 95190 95879
12.6 1_run 707 95880 96175
ADVT EXTRA 25 96176 98369
13.1 1_run 719 98370 99719
13.2 no_run 723 99720 100499
13.3 no_run 729 100500 101579
13.4 1_run 737 101580 102569
13.5 1_run 745 102570 103499
13.6 1_run 749 103500 103900
ADVT EXTRA 25 103901 104909
14.1 1_run 777 104910 105519
14.2 OUT 782 105520 108199
14.3 FOUR 787 108200 109459
14.4 no_run 791 109460 110039
14.5 FOUR 795 110040 110819
14.6 1_run 799 110820 112059
Break TIME 15 112060 116639
15.1 2_runs 824 116640 117619
15.2 no_run 828 117620 118199
15.3 1_runs 830 118200 119379
15.4 1_run 837 119380 120439
15.5 OUT 843 120440 122919
15.6 no_run 858 122920 123250
ADVT EXTRA 25 123251 125079
16.1 1_run 951 125080 125959
16.2 2_runs 956 125960 126879
16.3 1_run 960 126880 127799
16.4 1_run 964 127800 128619
16.5 no_run 969 128620 129539
16.6 1_run 974 129540 130000
ADVT EXTRA 25 130001 132579
17.1 SIX 1008 132580 133499
17.2 1_run 1011 133500 134879
17.3 no_run 1015 134880 135779
17.4 2_wide 1018 135780 136619
17.4(2) 1_run 1018 136620 137599
17.5 no_run 1021 137600 138419
17.6 FOUR 1025 138420 138725
ADVT EXTRA 25 138726 140679
18.1 1_run 1036 140680 141599
18.2 1_run 1040 141600 142679
18.3 no_run 1044 142680 143619
18.4 1_run 1048 143620 144699
18.5 1_run 1052 144700 145759
18.6 no_run 1054 145760 146225
ADVT EXTRA 25 146226 147399
19.1 FOUR 1073 147400 148699
19.2 1_run 1076 148700 149499
19.3 FOUR 1081 149500 150419
19.4 1_run 1084 150420 151359
19.5 FOUR 1091 151360 152639
19.6	1_leg_bye	1094	152640	152901
