ADVT EXTRA 25 71201 72579
10.1 1_run 593 72580 73539
10.2 no_run 596 73540 74299
10.3 FOUR 602 74300 75389
10.4 no_run 607 75390 76229
10.5 2_run 612 76230 77329
10.6 1_run 616 77330 77800
ADVT EXTRA 25 77801 79649
11.1 1_run 629 79650 80459
11.2 OUT 635 80460 83499
11.3 no_run 641 83500 84329
11.4 1_run 645 84330 85259
11.5 1_run 650 85260 86429
11.6 no_run 656 86430 86775
ADVT EXTRA 25 86776 88259
12.1 1_run 685 88260 90329
12.2 1_wide 687 90330 90899
12.2(2) OUT 758 90900 93539
12.3 1_run 693 93540 94649
12.4 no_run 696 94650 95189
12.5 1_run 701 95190 95879
12.6 1_run 707 95880 96175
ADVT EXTRA 25 96176 98369
13.1 1_run 719 98370 99719
13.2 no_run 723 99720 100499
13.3 no_run 729 100500 101579
13.4 1_run 737 101580 102569
13.5 1_run 745 102570 103499
13.6 1_run 749 103500 103900
ADVT EXTRA 25 103901 104909
14.1 1_run 777 104910 105519
14.2 OUT 782 105520 108199
14.3 FOUR 787 108200 109459
14.4 no_run 791 109460 110039
14.5 FOUR 795 110040 110819
14.6 1_run 799 110820 112059
Break TIME 15 112060 116639
15.1 2_runs 824 116640 117619
15.2 no_run 828 117620 118199
15.3 1_runs 830 118200 119379
15.4 1_run 837 119380 120439
15.5 OUT 843 120440 122919
15.6 no_run 858 122920 123250
ADVT EXTRA 25 123251 125079
16.1 1_run 951 125080 125959
16.2 2_runs 956 125960 126879
16.3 1_run 960 126880 127799
16.4 1_run 964 127800 128619
16.5 no_run 969 128620 129539
16.6 1_run 974 129540 130000
ADVT EXTRA 25 130001 132579
17.1 SIX 1008 132580 133499
17.2 1_run 1011 133500 134879
17.3 no_run 1015 134880 135779
17.4 2_wide 1018 135780 136619
17.4(2) 1_run 1018 136620 137599
17.5 no_run 1021 137600 138419
17.6 FOUR 1025 138420 138725
ADVT EXTRA 25 138726 140679
18.1 1_run 1036 140680 141599
18.2 1_run 1040 141600 142679
18.3 no_run 1044 142680 143619
18.4 1_run 1048 143620 144699
18.5 1_run 1052 144700 145759
18.6 no_run 1054 145760 146225
ADVT EXTRA 25 146226 147399
19.1 FOUR 1073 147400 148699
19.2 1_run 1076 148700 149499
19.3 FOUR 1081 149500 150419
19.4 1_run 1084 150420 151359
19.5 FOUR 1091 151360 152639
19.6 1_leg_bye 1094 152640 152901
