0.1 OUT 2 1 1549
0.2 no_run 7 1550 1699
0.3 no_run 14 1700 2559
0.4 1_run 20 2560 3899
0.5 2_run 29 3900 4909
0.6 FOUR 36 4910 5400
ADVT EXTRA 25 5401 7249
1.1 no_run 69 7250 8319
1.2 no_run 77 8320 9389
1.3 FOUR 83 9390 10509
1.4 2_run 89 10510 11749
1.5 1_run 94 11750 13139
1.6 no_run 104 13140 14075
ADVT EXTRA 25 14076 15289
2.1 no_run 115 15290 16159
2.2 no_run 122 16160 17039
2.3 1_no_ball 168 17040 18119
2.3(2) FOUR 758 18120 19099
2.4 no_run 173 19100 19929
2.5 1_run 178 19930 20879
2.6 no_run 185 20880 21549
ADVT EXTRA 25 21550 22519
3.1 no_run 201 22520 23409
3.2 FOUR 204 23410 24499
3.3 1_leg_bye 208 24500 25469
3.4 1_run 213 25470 26439
3.5 FOUR 220 26440 27619
3.6 no_run 222 27620 28900
ADVT EXTRA 25 28901 29629
4.1 FOUR 248 29630 30949
4.2 no_run 250 30950 32019
4.3 1_run 257 32020 33139
4.4 no_run 260 33140 34109
4.5 FOUR 270 34110 35229
4.6 1_run 274 35230 36925
ADVT EXTRA 25 36926 37909
5.1 no_run 298 37910 38919
5.2 1_run 306 38920 39679
5.3 no_run 311 39680 40329
5.4 1_run 317 40330 41129
5.5 1_run 323 41130 41849
5.6 1_run 326 41850 43000
ADVT EXTRA 25 43001 44089
6.1 no_run 342 44090 44649
6.2 1_run 348 44650 45399
6.3 1_run 357 45400 46019
6.4 1_run 361 46020 46679
6.5 1_run 366 46680 47399
6.6 1_run 374 47400 47925
ADVT EXTRA 25 47926 49549
7.1 no_run 394 49550 50209
7.2 2_runs 402 50210 51139
7.3 no_run 407 51140 51779
7.4 1_run 417 51780 52569
7.5 1_run 421 52570 53279
7.6 1_run 430 53280 54809
Break TIME 460 54810 60489
8.1 1_run 463 60490 61299
8.2 no_run 474 61300 61789
8.3 FOUR 569 61790 62629
8.4 no_run 485 62630 63149
8.5 1_run 492 63150 63769
8.6 1_run 498 63770 64850
ADVT EXTRA 25 64851 66039
9.1 FOUR 538 66040 66989
9.2 1_run 544 66990 67929
9.3 no_run 548 67930 68689
9.4 FOUR 552 68690 69579
9.5 1_leg_bye 558 69580 70679
9.6 1_run 564 70680 71200
