0 1732
1732 2575
2575 2790
2790 4145
4145 4920
4920 5472
5472 7295
7295 7778
7778 8365
8365 9224
9224 11234
11234 13227
13227 13510
13510 15321
15321 16159
16159 16993
16993 19093
19093 19928
19928 20108
20108 20897
20897 21312
21312 23407
23407 24496
24496 25472
25472 26341
26341 26715
26715 27591
27591 27807
27807 30962
30962 32017
32017 32124
32124 33149
33149 34110
34110 35329
35329 35707
35707 37915
37915 38914
38914 39670
39670 39988
39988 41118
41118 41846
41846 42176
42176 44117
44117 44643
44643 44903
44903 45414
45414 46009
46009 46690
46690 47632
47632 49567
49567 50212
50212 51154
51154 51775
51775 52570
52570 53287
53287 53768
53768 61302
61302 61798
61798 62633
62633 63144
63144 63833
63833 64262
64262 66092
66092 70718
70718 71199
0 71199
0 71199
0 71199
0 71199
0 71199
