0 3810
3810 4353
4353 4605
4605 5022
5022 5150
5150 6129
6129 6576
6576 8457
8457 9712
9712 12299
12299 13122
13122 14060
14060 15240
15240 15599
15599 16991
16991 17722
17722 20197
20197 22337
22337 23433
23433 23913
23913 24256
24256 25087
25087 27148
27148 28322
28322 28522
28522 29291
29291 30369
30369 31358
31358 32483
32483 34310
34310 34784
34784 37014
37014 38249
38249 38838
38838 39620
39620 40062
40062 45430
45430 47037
47037 48245
48245 49237
49237 49725
49725 51692
51692 51982
51982 53872
53872 54116
54116 54780
54780 55323
55323 55660
55660 56774
56774 57807
57807 60320
60320 62298
62298 63668
63668 64533
64533 66399
66399 69467
69467 70448
70448 70960
70960 73505
73505 74214
74214 74590
74590 75896
75896 77457
77457 78001
78001 78210
78210 81700
0 81700
0 81700
0 81700
0 81700
0 81700
0 81700
